0.10059999999999997,0.09449999999999992,0.0851,0.0906,0.08559999999999998,0.08769999999999996,0.08059999999999996,0.08279999999999994,0.06259999999999996,0.07779999999999997,0.07909999999999999,0.07299999999999995
0.11419999999999998,0.13609999999999997,0.12990000000000002,0.20789999999999995,0.14110000000000003,0.19340000000000007,0.0022,0.0023,0.0,0.0098,0.0285,0.0346
0.08069999999999998,0.12250000000000001,0.147,0.19910000000000003,0.1425,0.20579999999999998,0.0019,0.0044,0.0013,0.021,0.030199999999999994,0.04359999999999999
0.0571,0.12029999999999999,0.1515,0.1869,0.14880000000000002,0.2061,0.0024,0.0044,0.0001,0.0208,0.0323,0.06929999999999999
0.0572,0.1331,0.14780000000000001,0.17130000000000004,0.1484,0.1986,0.0005,0.0024000000000000007,0.001,0.0294,0.040299999999999996,0.07
0.0325,0.13399999999999998,0.1393,0.18,0.1576,0.1785,0.003,0.0009,0.0024,0.0275,0.0599,0.08439999999999999
0.021400000000000002,0.1202,0.1413,0.20119999999999996,0.16979999999999998,0.1674,0.0047,0.0005,0.0023,0.027000000000000003,0.0592,0.085
0.0281,0.1306,0.12050000000000001,0.201,0.1778,0.1708,0.0024000000000000002,0.0030000000000000005,0.0006000000000000001,0.0275,0.05799999999999999,0.0797
0.0296,0.11030000000000001,0.13369999999999999,0.2131,0.1654,0.16690000000000002,0.0034,0.003300000000000001,0.0017,0.0319,0.0602,0.08049999999999999
0.0331,0.11600000000000003,0.12120000000000002,0.22579999999999997,0.1612,0.15789999999999998,0.0011,0.010499999999999999,0.0,0.034699999999999995,0.047699999999999985,0.0908
0.0466,0.10329999999999999,0.11309999999999999,0.22490000000000002,0.14800000000000002,0.16820000000000002,0.0028000000000000004,0.002,0.0039000000000000003,0.0405,0.051199999999999996,0.09549999999999999
0.0353,0.0784,0.11130000000000002,0.2242,0.155,0.17989999999999998,0.0081,0.004,0.0082,0.0385,0.061000000000000006,0.09609999999999999
0.04650000000000001,0.0677,0.11860000000000001,0.21939999999999993,0.1601,0.182,0.0021,0.0006999999999999999,0.011600000000000001,0.031599999999999996,0.07229999999999999,0.08739999999999998
0.0451,0.0754,0.1223,0.2176,0.16329999999999997,0.1779,0.001,0.001,0.020099999999999996,0.0152,0.08109999999999999,0.08
0.057999999999999996,0.0809,0.12019999999999997,0.2284,0.17699999999999996,0.16360000000000002,0.002,0.001,0.001,0.0069,0.07709999999999999,0.0839
0.024700000000000003,0.078,0.13310000000000002,0.23810000000000003,0.14889999999999998,0.16770000000000004,0.006900000000000001,0.0025,0.0106,0.0199,0.0817,0.08789999999999999
0.0262,0.0653,0.12459999999999997,0.23490000000000003,0.1574,0.17809999999999998,0.0045000000000000005,0.0016,0.0055000000000000005,0.0256,0.0944,0.0819
0.0213,0.061599999999999995,0.10219999999999999,0.25910000000000005,0.14340000000000003,0.18929999999999997,0.0023,0.0048,0.0029,0.014000000000000002,0.0926,0.10650000000000003
0.0265,0.06420000000000001,0.1075,0.24439999999999998,0.1466,0.1929,0.0024,0.0035000000000000005,0.0041,0.0195,0.0787,0.10969999999999999
0.038,0.049100000000000005,0.1099,0.24289999999999995,0.141,0.18560000000000001,0.0022,0.0036000000000000003,0.0003,0.0166,0.1,0.11079999999999998
0.0286,0.05029999999999999,0.10809999999999999,0.23180000000000003,0.1558,0.19759999999999997,0.0057,0.0034000000000000002,0.004,0.0106,0.0909,0.11320000000000001
0.02,0.0557,0.11719999999999998,0.23629999999999995,0.16219999999999998,0.20269999999999994,0.0013,0.005699999999999999,0.004699999999999999,0.0152,0.0815,0.0975
0.02,0.0616,0.1362,0.21599999999999994,0.16240000000000004,0.1889,0.001,0.004,0.0098,0.014500000000000002,0.087,0.09860000000000001
0.0165,0.0639,0.1281,0.21949999999999995,0.17079999999999998,0.207,0.0044,0.0003,0.0101,0.0114,0.068,0.09999999999999998
0.021,0.0582,0.1155,0.23049999999999998,0.16519999999999999,0.205,0.0016,0.0009,0.0064,0.006000000000000001,0.0761,0.11359999999999998
0.0188,0.061,0.1092,0.22150000000000006,0.16959999999999997,0.19270000000000004,0.0038000000000000004,0.0047,0.0097,0.0034999999999999996,0.08149999999999999,0.12399999999999999
0.0102,0.0451,0.1255,0.24009999999999998,0.176,0.18960000000000005,0.0018000000000000002,0.0004,0.011500000000000002,0.0019,0.07889999999999998,0.11900000000000001
0.0067,0.04390000000000001,0.12279999999999999,0.24170000000000003,0.1617,0.21220000000000003,0.0009,0.0001,0.0055000000000000005,0.0004,0.07680000000000001,0.1273
0.0033,0.0409,0.1377,0.24239999999999995,0.1532,0.20430000000000004,0.0013,0.0026,0.0018000000000000002,0.0002,0.08129999999999998,0.131
0.0067,0.044199999999999996,0.1262,0.2503,0.16219999999999998,0.20060000000000003,0.0003,0.008100000000000001,0.0049,0.005600000000000001,0.0681,0.1228
0.0286,0.05909999999999999,0.11620000000000001,0.2097,0.17339999999999997,0.20600000000000002,0.002,0.0085,0.007600000000000001,0.0166,0.061500000000000006,0.11080000000000002
0.030899999999999997,0.0585,0.1325,0.2201,0.16839999999999997,0.19469999999999998,0.006400000000000001,0.0017000000000000001,0.0016,0.015000000000000003,0.05799999999999999,0.1122
0.0298,0.05859999999999999,0.12619999999999998,0.2173,0.16759999999999997,0.19639999999999996,0.0026,0.0006000000000000001,0.006100000000000001,0.02389999999999999,0.06649999999999999,0.10439999999999999
0.0213,0.0591,0.12450000000000001,0.22199999999999992,0.16440000000000002,0.1894,0.0054,0.006000000000000001,0.0013,0.03219999999999999,0.06849999999999999,0.10589999999999998
0.0152,0.0424,0.14120000000000002,0.1997,0.16959999999999997,0.21649999999999994,0.0019,0.0039000000000000003,0.0007000000000000001,0.0365,0.061499999999999985,0.1109
0.030699999999999995,0.042199999999999994,0.15170000000000003,0.18440000000000004,0.17,0.21050000000000002,0.0019,0.0024000000000000002,0.0031,0.0326,0.06039999999999999,0.1101
0.036699999999999997,0.041400000000000006,0.1349,0.1905,0.1782,0.20439999999999997,0.0062,0.0031000000000000003,0.0012000000000000001,0.03239999999999999,0.049100000000000005,0.1219
0.0322,0.05299999999999999,0.1402,0.1895,0.19119999999999998,0.2096,0.004700000000000001,0.0007000000000000001,0.003,0.025599999999999998,0.035300000000000005,0.11499999999999998
0.0243,0.062299999999999994,0.1321,0.19779999999999998,0.1997,0.21209999999999998,0.0018000000000000002,0.0009,0.0051,0.0252,0.024399999999999995,0.11430000000000001
0.0256,0.06269999999999999,0.13540000000000002,0.18980000000000005,0.21299999999999997,0.18669999999999998,0.005,0.0006000000000000001,0.006000000000000001,0.036800000000000006,0.0254,0.11299999999999999
0.0204,0.0727,0.1616,0.17369999999999997,0.2177,0.1693,0.001,0.0025,0.0126,0.0423,0.0218,0.10439999999999999
0.0207,0.09259999999999997,0.1711,0.1629,0.20809999999999998,0.17020000000000002,0.004,0.0014000000000000002,0.0003,0.0414,0.0212,0.10610000000000003
0.017400000000000002,0.0818,0.16699999999999995,0.1649,0.20220000000000002,0.16190000000000002,0.0026,0.0018,0.0018000000000000002,0.04649999999999999,0.035,0.11710000000000001
0.0147,0.0735,0.17499999999999996,0.1684,0.18460000000000001,0.18,0.005600000000000001,0.0033,0.0109,0.0369,0.039299999999999995,0.10779999999999999
0.0328,0.0746,0.1765,0.1804,0.17339999999999997,0.18710000000000004,0.0044,0.0024000000000000002,0.0045,0.0342,0.030599999999999995,0.09909999999999998
0.024000000000000004,0.07730000000000001,0.19669999999999996,0.16149999999999998,0.1772,0.19860000000000003,0.0006000000000000001,0.0058000000000000005,0.0046,0.0375,0.0319,0.0843
0.0271,0.0832,0.20259999999999997,0.1578,0.1556,0.1977,0.002,0.0017000000000000001,0.0154,0.034699999999999995,0.036599999999999994,0.08559999999999998
0.023600000000000003,0.0655,0.18979999999999994,0.1598,0.1459,0.20600000000000002,0.0019,0.0021,0.007200000000000001,0.04539999999999999,0.0496,0.1032
0.029699999999999997,0.06149999999999999,0.18499999999999997,0.1671,0.14269999999999997,0.20129999999999998,0.0013,0.0077,0.011800000000000001,0.049699999999999994,0.05,0.09219999999999999
0.0453,0.0621,0.18230000000000002,0.1739,0.15160000000000004,0.19099999999999998,0.0025,0.006100000000000001,0.0042,0.039799999999999995,0.0599,0.08129999999999998
0.0271,0.0499,0.20620000000000002,0.2027,0.156,0.17270000000000002,0.0067,0.0029000000000000002,0.004,0.037000000000000005,0.067,0.0678
0.0282,0.0443,0.21679999999999996,0.2036,0.15880000000000002,0.1779,0.0036,0.005600000000000001,0.001,0.0397,0.062299999999999994,0.0582
0.0266,0.0343,0.2076,0.21069999999999997,0.18239999999999998,0.1777,0.0004,0.0045000000000000005,0.0036,0.0272,0.06129999999999999,0.06369999999999999
0.032499999999999994,0.036699999999999997,0.201,0.20049999999999998,0.1943,0.18610000000000004,0.0008,0.0063,0.0036,0.0072,0.0644,0.06659999999999999
0.025799999999999997,0.059699999999999996,0.18170000000000003,0.18480000000000005,0.19329999999999994,0.19269999999999998,0.0023,0.0045000000000000005,0.005600000000000001,0.0017,0.0738,0.0741
0.022399999999999996,0.0634,0.1777,0.16330000000000003,0.21070000000000003,0.2084,0.0022,0.0005,0.0007000000000000001,0.0084,0.0716,0.0707
0.0223,0.04649999999999999,0.20919999999999997,0.1537,0.20440000000000003,0.19929999999999995,0.0036,0.005600000000000001,0.0055000000000000005,0.0058,0.06449999999999999,0.07959999999999999
0.017599999999999998,0.0677,0.18899999999999997,0.16140000000000002,0.20709999999999998,0.2041,0.0068000000000000005,0.004200000000000001,0.0004,0.009899999999999999,0.0596,0.0722
0.027800000000000002,0.077,0.1844,0.1702,0.20850000000000005,0.1992,0.0030000000000000005,0.0052,0.0024,0.0004,0.0417,0.0802
0.022399999999999996,0.060599999999999994,0.1902,0.18209999999999998,0.19240000000000002,0.1953,0.0030000000000000005,0.0028000000000000004,0.0041,0.0192,0.046599999999999996,0.08129999999999998
0.0213,0.0527,0.1804,0.18080000000000002,0.2113,0.1963,0.004300000000000001,0.0017000000000000001,0.0017000000000000001,0.023399999999999997,0.051100000000000007,0.075
0.0262,0.0691,0.1678,0.1848,0.20019999999999996,0.1916,0.0041,0.0024000000000000002,0.0045,0.023799999999999998,0.050600000000000006,0.07490000000000001
0.0209,0.0638,0.15150000000000002,0.2005,0.20600000000000004,0.18170000000000003,0.0012,0.0051,0.0032,0.038900000000000004,0.055099999999999996,0.0721
0.03439999999999999,0.0736,0.1587,0.18020000000000003,0.19629999999999995,0.18380000000000002,0.0015,0.0060999999999999995,0.008700000000000001,0.028399999999999998,0.05379999999999999,0.0745
0.0582,0.08689999999999999,0.1623,0.18860000000000002,0.17220000000000002,0.1646,0.0008,0.0023000000000000004,0.0092,0.031200000000000006,0.0495,0.0742
0.07,0.0719,0.1629,0.2077,0.1473,0.1718,0.0012,0.0028000000000000004,0.0042,0.029000000000000005,0.046,0.0852
0.0359,0.0564,0.1607,0.21289999999999998,0.1675,0.16569999999999996,0.0025,0.0006,0.0036,0.041499999999999995,0.06409999999999999,0.0886
0.0331,0.061499999999999985,0.15749999999999997,0.2072,0.1636,0.17079999999999998,0.0016,0.0004,0.0035000000000000005,0.0509,0.058099999999999985,0.09179999999999999
0.031400000000000004,0.0655,0.15549999999999997,0.2079,0.1502,0.1822,0.0046,0.0032000000000000006,0.0026,0.0489,0.0608,0.0872
0.0369,0.0537,0.1579,0.1986,0.1499,0.17700000000000002,0.0004,0.0012,0.0002,0.05329999999999999,0.06520000000000001,0.10569999999999999
0.02539999999999999,0.051500000000000004,0.17149999999999999,0.19340000000000004,0.14980000000000002,0.1934,0.0034,0.0024000000000000002,0.0051,0.0433,0.06989999999999999,0.0909
0.030999999999999993,0.0596,0.16059999999999997,0.18639999999999998,0.15070000000000003,0.2086,0.0053,0.0038,0.0027,0.0313,0.0816,0.07840000000000001
0.0184,0.05969999999999999,0.1502,0.19949999999999998,0.12249999999999998,0.20879999999999996,0.0058000000000000005,0.0016000000000000003,0.0031000000000000003,0.0326,0.0978,0.1
0.011199999999999998,0.057800000000000004,0.14290000000000003,0.2234,0.11129999999999997,0.22069999999999998,0.0049,0.007800000000000001,0.0029,0.0417,0.09129999999999999,0.08410000000000001
0.0074,0.0582,0.15159999999999998,0.23200000000000004,0.1303,0.21709999999999996,0.0025,0.001,0.0025,0.0371,0.0894,0.07089999999999999
0.0327,0.06319999999999999,0.1528,0.2141,0.1263,0.2077,0.0023,0.0043,0.0003,0.0408,0.0859,0.0696
0.0255,0.0646,0.16079999999999997,0.24159999999999995,0.11959999999999997,0.2116,0.009799999999999998,0.0073,0.0055000000000000005,0.0225,0.0619,0.0693
0.021099999999999997,0.06,0.16649999999999998,0.22779999999999997,0.1278,0.20420000000000002,0.0088,0.0035000000000000005,0.005000000000000001,0.034800000000000005,0.058899999999999994,0.08159999999999998
0.019200000000000005,0.0736,0.1593,0.23329999999999995,0.1399,0.19629999999999995,0.0012000000000000001,0.0026,0.0019,0.0508,0.0508,0.0711
0.019600000000000003,0.0567,0.16849999999999998,0.23309999999999995,0.1341,0.1924,0.0013,0.0070999999999999995,0.013500000000000002,0.05279999999999999,0.0516,0.06929999999999999
0.014100000000000001,0.0674,0.1841,0.22460000000000005,0.12899999999999998,0.2,0.0018,0.002,0.012300000000000002,0.04699999999999999,0.0472,0.07050000000000001
0.017300000000000003,0.0655,0.18829999999999994,0.24589999999999995,0.12389999999999998,0.1783,0.0001,0.005900000000000001,0.0018000000000000002,0.0394,0.0533,0.08030000000000001
0.0192,0.0535,0.19619999999999999,0.2425,0.11989999999999998,0.17729999999999996,0.0005,0.0017000000000000001,0.008400000000000001,0.0447,0.054000000000000006,0.08209999999999999
0.0287,0.065,0.18280000000000002,0.21580000000000002,0.11030000000000001,0.19,0.006100000000000001,0.0016,0.016800000000000002,0.0285,0.0697,0.08470000000000001
0.016900000000000002,0.0713,0.1885,0.2181,0.1283,0.1852,0.006400000000000001,0.0055,0.0033,0.013000000000000001,0.0642,0.09929999999999999
0.0185,0.07390000000000001,0.18959999999999996,0.20449999999999996,0.12560000000000002,0.19699999999999998,0.0039000000000000003,0.0029000000000000002,0.0036,0.0132,0.0579,0.1094
0.0062,0.0638,0.19389999999999996,0.2051,0.1338,0.196,0.0016,0.0031999999999999997,0.006300000000000001,0.022400000000000003,0.055,0.11270000000000001
0.023,0.0626,0.20149999999999996,0.1747,0.13150000000000003,0.2148,0.0055000000000000005,0.0015,0.0027,0.027899999999999994,0.0538,0.10049999999999999
0.02489999999999999,0.07170000000000001,0.19519999999999996,0.17720000000000002,0.1372,0.21420000000000006,0.002,0.0,0.0045000000000000005,0.0242,0.0584,0.09049999999999998
0.027399999999999997,0.0711,0.19759999999999997,0.18720000000000003,0.1329,0.20400000000000001,0.0009,0.0015,0.0011,0.026799999999999994,0.060899999999999996,0.08860000000000001
0.0319,0.07629999999999999,0.18559999999999996,0.17740000000000003,0.14,0.19999999999999996,0.0014000000000000002,0.0024000000000000002,0.0029000000000000002,0.021099999999999997,0.0622,0.09879999999999999
0.0342,0.0762,0.18020000000000003,0.2009,0.09449999999999999,0.23310000000000003,0.0048,0.0023,0.001,0.0173,0.0565,0.099
0.03869999999999999,0.0678,0.16549999999999998,0.2089,0.0932,0.23739999999999997,0.0063,0.0028000000000000004,0.005,0.026499999999999996,0.051100000000000007,0.0968
0.0355,0.09119999999999999,0.1673,0.2009,0.1014,0.2214,0.0024000000000000002,0.0005,0.0105,0.016700000000000003,0.0633,0.0889
0.0273,0.0862,0.17300000000000001,0.1826,0.10529999999999999,0.23070000000000002,0.0068,0.0097,0.0023,0.0187,0.0593,0.09809999999999999
0.032400000000000005,0.0662,0.17640000000000003,0.17259999999999995,0.1223,0.24009999999999998,0.0025,0.004,0.0003,0.0128,0.058600000000000006,0.11180000000000001
0.040299999999999996,0.056600000000000004,0.1726,0.17359999999999995,0.1422,0.21389999999999998,0.004,0.0105,0.0002,0.0004,0.0692,0.1165
0.043100000000000006,0.06499999999999999,0.1565,0.1715,0.14020000000000002,0.20049999999999998,0.0014000000000000002,0.0108,0.0131,0.017400000000000002,0.0697,0.1108
0.051,0.06870000000000001,0.1356,0.18140000000000003,0.143,0.2027,0.0016,0.0013,0.0009,0.0154,0.06970000000000001,0.1287
0.062299999999999994,0.06509999999999999,0.1245,0.1827,0.1429,0.1857,0.0013,0.0036000000000000003,0.0010999999999999998,0.017599999999999998,0.07119999999999999,0.142
0.04709999999999999,0.0416,0.1429,0.1837,0.13640000000000002,0.18869999999999998,0.0007000000000000001,0.0001,0.001,0.021799999999999996,0.0819,0.15410000000000001
0.0392,0.053500000000000006,0.149,0.16690000000000002,0.1407,0.17739999999999997,0.0019,0.0022,0.0014000000000000002,0.025699999999999997,0.08839999999999999,0.1537
0.022400000000000003,0.04390000000000001,0.1565,0.17759999999999998,0.15869999999999998,0.1505,0.0053,0.0003,0.0048,0.023399999999999997,0.11239999999999999,0.1442
0.026099999999999995,0.0311,0.1629,0.18419999999999997,0.1746,0.1334,0.0027,0.0031000000000000003,0.0003,0.0204,0.1119,0.14930000000000002
0.0329,0.031200000000000002,0.1784,0.17700000000000002,0.16699999999999998,0.1294,0.0026999999999999997,0.0024000000000000002,0.0023,0.0105,0.12050000000000001,0.1457
0.0418,0.0328,0.17420000000000002,0.1741,0.1693,0.13019999999999998,0.004000000000000001,0.0012000000000000001,0.0046,0.010700000000000001,0.12050000000000001,0.13660000000000003
0.048499999999999995,0.0308,0.16930000000000003,0.1864,0.16059999999999997,0.1201,0.0028000000000000004,0.0029000000000000002,0.0058000000000000005,0.0176,0.11049999999999999,0.1447
0.032400000000000005,0.024399999999999998,0.1718,0.18650000000000003,0.16540000000000002,0.12279999999999999,0.0015,0.005,0.008600000000000002,0.0208,0.1142,0.1466
0.0131,0.033999999999999996,0.183,0.1848,0.15839999999999999,0.1223,0.0006,0.0015,0.0103,0.0152,0.10950000000000001,0.1673
0.0060999999999999995,0.045599999999999995,0.196,0.1787,0.15569999999999998,0.1035,0.0008,0.0036,0.0083,0.0246,0.11320000000000001,0.16390000000000002
0.0015,0.0687,0.1882,0.18230000000000002,0.16599999999999995,0.11619999999999997,0.006100000000000001,0.0048,0.0035000000000000005,0.0284,0.1091,0.12519999999999998
0.004300000000000001,0.07690000000000001,0.18679999999999997,0.18539999999999998,0.16509999999999997,0.1314,0.0011,0.011700000000000002,0.0001,0.0262,0.10550000000000001,0.10550000000000001
0.0331,0.0557,0.18689999999999998,0.1671,0.17799999999999996,0.13340000000000002,0.001,0.0031,0.0005,0.034800000000000005,0.1091,0.0973
0.029299999999999996,0.060899999999999996,0.1932,0.1583,0.17239999999999994,0.1376,0.0008,0.0062,0.0015,0.0334,0.1124,0.094
0.025700000000000004,0.054900000000000004,0.19010000000000002,0.161,0.18899999999999997,0.1448,0.0012,0.0027,0.0046,0.035300000000000005,0.0981,0.0926
0.037000000000000005,0.0657,0.18710000000000002,0.1422,0.19720000000000001,0.13949999999999996,0.004699999999999999,0.0003,0.0036,0.0314,0.0955,0.0958
0.054299999999999994,0.05539999999999999,0.1739,0.15100000000000002,0.1802,0.1466,0.0033,0.002,0.007000000000000001,0.030699999999999998,0.09539999999999998,0.1002
0.036699999999999997,0.035199999999999995,0.1619,0.1466,0.20109999999999995,0.14550000000000002,0.009300000000000001,0.0055000000000000005,0.0064,0.0433,0.102,0.10649999999999998
0.04019999999999999,0.0515,0.1718,0.16570000000000004,0.18419999999999997,0.1381,0.0003,0.008600000000000002,0.0076,0.0447,0.0966,0.0907
0.0255,0.0647,0.18349999999999997,0.1733,0.1857,0.1295,0.0015000000000000002,0.0004,0.004,0.04869999999999999,0.09,0.09319999999999999
0.0324,0.0642,0.1548,0.17429999999999995,0.1993,0.1572,0.0029000000000000002,0.0037000000000000006,0.0046,0.039599999999999996,0.07629999999999999,0.09069999999999999
0.05199999999999999,0.0304,0.1387,0.1875,0.19920000000000002,0.1522,0.0008,0.0013,0.006999999999999999,0.037200000000000004,0.0848,0.10890000000000001
0.0429,0.026699999999999998,0.12499999999999999,0.2034,0.20379999999999995,0.1758,0.0014000000000000002,0.0032,0.0039000000000000003,0.0275,0.0882,0.09819999999999998
0.0368,0.0178,0.10869999999999999,0.22280000000000005,0.212,0.19690000000000002,0.0003,0.0027,0.0034000000000000002,0.0196,0.09049999999999998,0.08850000000000001
0.04369999999999999,0.020399999999999995,0.1008,0.20000000000000004,0.20109999999999995,0.22750000000000006,0.0012,0.0039000000000000003,0.0062,0.021100000000000004,0.0938,0.0803
0.04979999999999998,0.023499999999999997,0.09789999999999999,0.1907,0.2119,0.2234,0.0002,0.0058000000000000005,0.0076,0.0209,0.08710000000000001,0.08120000000000001
0.055299999999999995,0.027200000000000002,0.09749999999999998,0.1782,0.2207,0.2257,0.0004,0.0003,0.0051,0.0102,0.09849999999999999,0.0809
0.028299999999999992,0.029099999999999994,0.1045,0.1845,0.21349999999999994,0.2223,0.0021000000000000003,0.0078000000000000005,0.0025,0.0199,0.09429999999999998,0.09119999999999999
0.0379,0.028499999999999998,0.103,0.19000000000000003,0.22560000000000002,0.2286,0.001,0.0004,0.005600000000000001,0.022899999999999997,0.0672,0.08929999999999999
0.0431,0.0451,0.08410000000000001,0.19390000000000002,0.22269999999999995,0.23770000000000002,0.0005,0.0,0.0010999999999999998,0.026099999999999998,0.0625,0.0832
0.0279,0.0269,0.098,0.2064,0.2333,0.2151,0.0029000000000000002,0.0032000000000000006,0.0,0.0416,0.0571,0.0876
0.0209,0.0591,0.1264,0.19690000000000002,0.23279999999999998,0.1985,0.004200000000000001,0.0054,0.0004,0.025700000000000004,0.051300000000000005,0.0784
0.013499999999999998,0.0684,0.13570000000000002,0.17579999999999998,0.2517,0.19990000000000002,0.0019,0.0043,0.004700000000000001,0.0147,0.0581,0.0713
0.0194,0.04630000000000001,0.1436,0.17269999999999996,0.2487,0.2103,0.0003,0.0086,0.0006000000000000001,0.0094,0.0708,0.06929999999999999
0.035199999999999995,0.0213,0.16679999999999995,0.16299999999999998,0.247,0.2157,0.0009,0.011500000000000002,0.007000000000000001,0.0157,0.05399999999999999,0.0619
0.0719,0.0239,0.1605,0.16259999999999997,0.2386,0.20840000000000003,0.0058,0.0003,0.010100000000000003,0.002,0.0581,0.057800000000000004
0.0903,0.023899999999999998,0.1666,0.1449,0.22699999999999995,0.2097,0.0018000000000000002,0.0017,0.0025,0.0027,0.0689,0.05999999999999999
0.09459999999999999,0.024399999999999998,0.1654,0.1492,0.19629999999999995,0.20679999999999996,0.0053,0.0010999999999999998,0.0101,0.0209,0.0692,0.0567
0.0756,0.031200000000000002,0.16819999999999996,0.15360000000000001,0.18630000000000002,0.1943,0.012000000000000002,0.0024000000000000002,0.0037,0.0233,0.0588,0.0906
0.0541,0.03559999999999999,0.1543,0.16440000000000002,0.1992,0.1948,0.0028000000000000004,0.0004,0.009800000000000001,0.029299999999999996,0.0601,0.09519999999999999
0.03319999999999999,0.0565,0.16150000000000003,0.1707,0.19829999999999998,0.1954,0.0031999999999999997,0.0028000000000000004,0.0045000000000000005,0.0121,0.0762,0.08559999999999998
0.029899999999999996,0.05659999999999999,0.15250000000000002,0.16219999999999998,0.1916,0.1848,0.007300000000000001,0.0005,0.0013,0.0177,0.1051,0.09049999999999998
0.0314,0.05279999999999999,0.16400000000000003,0.15389999999999998,0.17980000000000002,0.18150000000000002,0.0,0.0019,0.0001,0.0177,0.12359999999999999,0.09329999999999998
0.0223,0.05619999999999999,0.15780000000000002,0.1585,0.1718,0.1863,0.0006,0.0012,0.0044,0.011000000000000001,0.1246,0.10529999999999999
0.0148,0.0705,0.1473,0.1697,0.1698,0.18519999999999995,0.0003,0.0012000000000000001,0.0087,0.0208,0.12160000000000001,0.0901
0.0121,0.0736,0.1345,0.1727,0.1653,0.19030000000000005,0.0051,0.0008,0.0016000000000000003,0.020200000000000006,0.1278,0.096
0.0103,0.049499999999999995,0.13180000000000003,0.1825,0.16649999999999998,0.20170000000000002,0.0047,0.0031,0.006,0.0207,0.11379999999999998,0.1094
0.0137,0.0524,0.12020000000000002,0.1844,0.1735,0.20110000000000006,0.001,0.0007000000000000001,0.0,0.0329,0.10800000000000001,0.1121
0.0078000000000000005,0.05599999999999998,0.1403,0.165,0.19499999999999995,0.20010000000000003,0.0008,0.0009,0.0008,0.0296,0.09870000000000001,0.105
0.0231,0.064,0.1422,0.17739999999999997,0.1703,0.1893,0.0015,0.002,0.0027,0.03729999999999999,0.10709999999999999,0.08310000000000001
0.027800000000000002,0.0441,0.1471,0.1782,0.1574,0.20369999999999996,0.0010999999999999998,0.0048,0.0044,0.036699999999999997,0.10249999999999998,0.09219999999999999
0.0345,0.04699999999999999,0.1389,0.1803,0.157,0.2141,0.0064,0.0013,0.0088,0.0375,0.0886,0.08560000000000001
0.0304,0.028999999999999998,0.1442,0.1535,0.1662,0.21989999999999998,0.0014000000000000002,0.0016,0.009500000000000001,0.0365,0.0978,0.11
0.029300000000000003,0.0416,0.13579999999999998,0.15389999999999998,0.16490000000000002,0.22369999999999998,0.0003,0.006500000000000001,0.0028000000000000004,0.0415,0.0861,0.1136
0.0388,0.04359999999999999,0.1444,0.1616,0.1564,0.21050000000000002,0.0025,0.0001,0.005,0.04340000000000001,0.08700000000000001,0.1067
0.0405,0.0255,0.14400000000000002,0.158,0.16140000000000002,0.21019999999999997,0.004300000000000001,0.0069,0.0026,0.040600000000000004,0.08449999999999999,0.1215
0.0123,0.0374,0.13579999999999998,0.1631,0.16829999999999998,0.20990000000000003,0.0009000000000000001,0.0037,0.0027,0.055200000000000006,0.0787,0.132
0.0025,0.020499999999999997,0.1334,0.16229999999999997,0.171,0.22589999999999996,0.0034999999999999996,0.0029,0.001,0.05890000000000001,0.07219999999999999,0.1459
0.0031,0.024499999999999997,0.13799999999999998,0.1546,0.18189999999999998,0.22110000000000002,0.0033,0.0039000000000000003,0.0025000000000000005,0.0583,0.07629999999999999,0.1325
0.013999999999999999,0.0331,0.1421,0.145,0.19150000000000003,0.21580000000000002,0.004300000000000001,0.0006,0.0003,0.0544,0.07490000000000001,0.12400000000000003
0.0215,0.030500000000000003,0.1405,0.14309999999999998,0.18999999999999997,0.22119999999999998,0.0048000000000000004,0.0012,0.0025,0.045700000000000005,0.06719999999999998,0.1318
0.027800000000000002,0.05019999999999999,0.1466,0.1309,0.20319999999999996,0.21899999999999994,0.0012,0.0026,0.0021000000000000003,0.0444,0.050199999999999995,0.12179999999999999
0.012800000000000002,0.0635,0.1226,0.13299999999999998,0.21289999999999998,0.21800000000000005,0.0016,0.0046,0.0010999999999999998,0.0507,0.0712,0.10800000000000001
0.0255,0.0418,0.11779999999999999,0.1339,0.2125,0.24109999999999995,0.0036,0.0005,0.0025,0.0487,0.07189999999999999,0.1002
0.04649999999999999,0.047599999999999996,0.124,0.1325,0.20350000000000001,0.2205,0.0041,0.0041,0.0005,0.05919999999999999,0.05749999999999999,0.1
0.0261,0.0515,0.139,0.1305,0.21240000000000003,0.20389999999999997,0.0017,0.001,0.0015000000000000002,0.056499999999999995,0.056299999999999996,0.11959999999999998
0.018099999999999998,0.0604,0.1456,0.1246,0.2131,0.20869999999999997,0.0007000000000000001,0.0006999999999999999,0.0064,0.053,0.044500000000000005,0.1242
0.0329,0.0701,0.12649999999999997,0.129,0.20050000000000004,0.24939999999999998,0.001,0.0005,0.006999999999999999,0.0346,0.0393,0.1092
0.0382,0.047400000000000005,0.11829999999999999,0.12680000000000002,0.20170000000000002,0.25479999999999997,0.0034,0.0029000000000000002,0.006699999999999999,0.022699999999999994,0.0401,0.13699999999999998
0.027499999999999997,0.0593,0.11839999999999998,0.13479999999999998,0.19169999999999998,0.2499,0.0023,0.002,0.0022,0.012199999999999999,0.04650000000000001,0.1532
0.0255,0.0622,0.11879999999999999,0.1349,0.1919,0.24719999999999995,0.0075,0.0058000000000000005,0.0026,0.004900000000000001,0.05159999999999999,0.1471
0.023899999999999998,0.0775,0.11260000000000002,0.1556,0.195,0.2167,0.002,0.0017000000000000001,0.0165,0.0031,0.057300000000000004,0.1381
0.0345,0.09050000000000001,0.10289999999999999,0.1591,0.18789999999999998,0.2297,0.0003,0.0066,0.0036,0.004900000000000001,0.053899999999999997,0.1261
0.03269999999999999,0.0999,0.10120000000000001,0.16820000000000002,0.18119999999999997,0.2225,0.0051,0.0039000000000000003,0.0026,0.0106,0.049,0.12309999999999999
0.033699999999999994,0.0928,0.10600000000000001,0.1691,0.1968,0.22069999999999998,0.0037,0.003300000000000001,0.007600000000000001,0.0127,0.0451,0.1085
0.014900000000000002,0.064,0.1032,0.1858,0.20989999999999998,0.2195,0.0029000000000000002,0.012,0.0003,0.0158,0.04869999999999999,0.12300000000000001
0.024599999999999997,0.0585,0.1192,0.18830000000000002,0.22390000000000002,0.20279999999999995,0.0031000000000000003,0.0001,0.0041,0.011899999999999999,0.035699999999999996,0.1278
0.024999999999999994,0.06060000000000001,0.12819999999999998,0.19760000000000003,0.22829999999999998,0.2009,0.006800000000000001,0.0014000000000000002,0.0015000000000000002,0.0058,0.031999999999999994,0.11190000000000001
0.0207,0.0613,0.1351,0.1758,0.2625,0.1832,0.0012,0.0019,0.0089,0.003500000000000001,0.0315,0.1144
0.020399999999999995,0.06430000000000001,0.1326,0.17,0.2437,0.20129999999999998,0.003300000000000001,0.0123,0.0009,0.0161,0.029099999999999997,0.10600000000000001
0.0239,0.06169999999999999,0.14189999999999997,0.1752,0.23159999999999997,0.1965,0.0005,0.0003,0.0054,0.010700000000000001,0.0397,0.11259999999999999
0.015600000000000001,0.053200000000000004,0.14989999999999998,0.17549999999999996,0.22690000000000002,0.2025,0.0023,0.0024999999999999996,0.0023,0.011600000000000001,0.0509,0.10679999999999999
0.0121,0.0469,0.15250000000000002,0.1889,0.23470000000000002,0.1909,0.0013,0.0013,0.0009,0.015799999999999998,0.04989999999999999,0.1048
0.0129,0.06079999999999999,0.14459999999999998,0.19390000000000004,0.2335,0.18790000000000004,0.001,0.0034999999999999996,0.0006,0.010700000000000001,0.0506,0.1
0.0193,0.061799999999999994,0.1206,0.19880000000000003,0.231,0.2052,0.0002,0.0039000000000000003,0.0001,0.010700000000000001,0.0509,0.0975
0.021799999999999996,0.0613,0.1021,0.18980000000000005,0.2516,0.20439999999999997,0.004900000000000001,0.0002,0.0002,0.0132,0.0499,0.10060000000000001
0.025099999999999997,0.0647,0.08929999999999999,0.21080000000000002,0.245,0.18530000000000002,0.0012,0.003,0.0008,0.0125,0.055999999999999994,0.10629999999999999
0.034,0.07229999999999999,0.08310000000000001,0.18470000000000003,0.23829999999999998,0.20269999999999996,0.0026,0.0006000000000000001,0.0051,0.0124,0.0617,0.1025
0.0393,0.0482,0.12480000000000001,0.147,0.23739999999999997,0.19909999999999997,0.0012,0.0018,0.008100000000000001,0.021,0.07369999999999999,0.0984
0.025899999999999992,0.0408,0.15439999999999998,0.14300000000000002,0.22779999999999997,0.2175,0.0074,0.0014000000000000002,0.009399999999999999,0.0215,0.06509999999999999,0.08579999999999999
0.0103,0.0452,0.1564,0.1472,0.2534,0.2206,0.0024,0.0006,0.0076,0.020099999999999996,0.05079999999999999,0.08539999999999999
0.0151,0.046000000000000006,0.1533,0.1566,0.2682,0.2082,0.0039000000000000003,0.0002,0.0022,0.0094,0.050600000000000006,0.0863
0.024,0.04190000000000001,0.1663,0.1736,0.23959999999999998,0.221,0.002,0.0026,0.0049,0.0105,0.0466,0.067
0.028499999999999998,0.029500000000000002,0.1579,0.17059999999999997,0.25750000000000006,0.2072,0.0022,0.0003,0.0045000000000000005,0.0109,0.0607,0.0702
0.025399999999999995,0.0199,0.1605,0.172,0.25859999999999994,0.20090000000000002,0.0031,0.001,0.0013,0.014300000000000002,0.065,0.07799999999999999
0.020099999999999996,0.0241,0.14859999999999998,0.17509999999999998,0.27449999999999997,0.1898,0.001,0.0005,0.004900000000000001,0.017,0.06559999999999999,0.0788
0.0129,0.027999999999999997,0.16790000000000002,0.1667,0.2921999999999999,0.17979999999999996,0.0035000000000000005,0.0042,0.0029000000000000002,0.0215,0.042699999999999995,0.07769999999999999
0.0215,0.0271,0.15749999999999997,0.15850000000000003,0.29279999999999995,0.168,0.0016,0.0055000000000000005,0.0034000000000000002,0.040999999999999995,0.047700000000000006,0.0754
0.033499999999999995,0.0321,0.1439,0.1604,0.29919999999999997,0.1618,0.0057,0.0072,0.0026,0.022000000000000002,0.042699999999999995,0.08889999999999999
0.0344,0.04039999999999999,0.14950000000000002,0.1585,0.2888,0.1426,0.0039000000000000003,0.0005,0.013300000000000003,0.011099999999999999,0.04419999999999999,0.11280000000000001
0.0297,0.0437,0.14780000000000001,0.16779999999999998,0.27380000000000004,0.13949999999999999,0.0011,0.0004,0.0035000000000000005,0.0251,0.054799999999999995,0.11279999999999997
0.0195,0.0423,0.15190000000000003,0.15,0.2745,0.15960000000000002,0.0028000000000000004,0.008100000000000001,0.013000000000000001,0.023600000000000003,0.0605,0.09420000000000002
0.0315,0.053099999999999994,0.17179999999999995,0.15830000000000002,0.2664,0.14370000000000002,0.0025,0.0009,0.0038,0.006300000000000001,0.05959999999999999,0.10210000000000001
0.032999999999999995,0.04300000000000001,0.1612,0.1605,0.2446,0.1419,0.0021,0.0036000000000000003,0.0032,0.012,0.0686,0.1263
0.05489999999999999,0.0414,0.16759999999999997,0.15719999999999998,0.22719999999999996,0.1198,0.0075000000000000015,0.004300000000000001,0.006400000000000001,0.015000000000000003,0.06659999999999999,0.1321
0.0507,0.045,0.1804,0.1536,0.19890000000000005,0.15139999999999998,0.002,0.004200000000000001,0.0,0.030300000000000004,0.0621,0.12140000000000001
0.044300000000000006,0.0302,0.1831,0.1474,0.20999999999999996,0.1642,0.0058000000000000005,0.0034999999999999996,0.0011,0.042,0.0676,0.1008
0.038000000000000006,0.04769999999999999,0.16110000000000002,0.1281,0.2138,0.158,0.0006999999999999999,0.0006000000000000001,0.0034,0.057300000000000004,0.0736,0.1177
0.0389,0.03079999999999999,0.168,0.1441,0.2145,0.1408,0.0049,0.0016000000000000003,0.0060999999999999995,0.0432,0.07550000000000001,0.1316
0.038599999999999995,0.04239999999999999,0.18970000000000004,0.14839999999999998,0.21780000000000002,0.1364,0.0088,0.0019,0.006300000000000001,0.04529999999999999,0.044500000000000005,0.1199
0.0499,0.031099999999999996,0.16820000000000002,0.1642,0.21650000000000003,0.1495,0.0031000000000000003,0.0047,0.0060999999999999995,0.0376,0.06269999999999999,0.1064
0.06620000000000001,0.04019999999999999,0.15,0.16820000000000002,0.21420000000000003,0.146,0.0051,0.005,0.0007000000000000001,0.0313,0.06450000000000002,0.10859999999999999
0.08839999999999999,0.04759999999999999,0.13939999999999997,0.1629,0.20170000000000002,0.1442,0.0039000000000000003,0.007200000000000001,0.0017000000000000001,0.025700000000000004,0.0691,0.10819999999999999
0.09820000000000001,0.059899999999999995,0.10670000000000002,0.1664,0.1843,0.14229999999999998,0.0078000000000000005,0.0027,0.0033,0.0314,0.07139999999999999,0.12560000000000002
0.0716,0.0506,0.1189,0.16799999999999998,0.18180000000000004,0.1562,0.0013,0.0078000000000000005,0.0019,0.0395,0.10339999999999999,0.09899999999999999
0.08199999999999999,0.0406,0.09870000000000001,0.16570000000000001,0.1883,0.1661,0.0,0.0009,0.0055000000000000005,0.0401,0.1075,0.10459999999999998
0.09910000000000001,0.04619999999999999,0.0965,0.1845,0.18849999999999997,0.1416,0.0008,0.0009,0.0039000000000000003,0.0284,0.10649999999999998,0.10310000000000001
0.0508,0.05160000000000001,0.09609999999999998,0.16260000000000002,0.19909999999999997,0.13909999999999997,0.0003,0.0038,0.01,0.035,0.133,0.1186
0.0471,0.0577,0.0963,0.1512,0.19699999999999998,0.14379999999999998,0.0055000000000000005,0.0012000000000000001,0.005,0.0435,0.1368,0.1149
0.06160000000000001,0.05249999999999999,0.10249999999999998,0.17200000000000004,0.1673,0.13119999999999998,0.007000000000000001,0.0011,0.0035000000000000005,0.04379999999999999,0.1294,0.1281
0.04880000000000001,0.0437,0.13289999999999996,0.1678,0.15779999999999997,0.16440000000000002,0.0005,0.0027999999999999995,0.0114,0.0338,0.11889999999999999,0.11720000000000001
0.056499999999999995,0.0535,0.11639999999999999,0.17709999999999998,0.16699999999999998,0.1503,0.0025,0.0035000000000000005,0.0109,0.027399999999999997,0.1103,0.1246
0.0594,0.035300000000000005,0.1291,0.1518,0.1644,0.1556,0.0055000000000000005,0.0,0.013600000000000001,0.021099999999999997,0.1479,0.11629999999999999
0.0479,0.0426,0.1165,0.15689999999999998,0.1711,0.1441,0.008800000000000002,0.002,0.0191,0.024399999999999995,0.1548,0.1118
0.0518,0.0678,0.1069,0.1646,0.1702,0.1322,0.0052,0.0005,0.0076,0.0372,0.1338,0.12219999999999999
0.0654,0.05619999999999999,0.0975,0.1628,0.1568,0.16659999999999997,0.0038,0.0015,0.0151,0.0395,0.1291,0.1057
0.05509999999999999,0.0558,0.10559999999999999,0.1735,0.15340000000000004,0.1571,0.0035000000000000005,0.0016,0.0158,0.0298,0.1317,0.1171
0.0498,0.05289999999999999,0.11100000000000002,0.17699999999999996,0.1654,0.1532,0.0041,0.0092,0.0099,0.0398,0.11790000000000003,0.10980000000000001
0.0437,0.05859999999999999,0.12190000000000001,0.17879999999999996,0.15259999999999999,0.16200000000000003,0.0030000000000000005,0.007000000000000002,0.006699999999999999,0.031700000000000006,0.11260000000000002,0.1214
0.019999999999999997,0.0658,0.099,0.1773,0.1552,0.1805,0.0011,0.0018000000000000002,0.0116,0.03559999999999999,0.1072,0.1449
0.0203,0.039299999999999995,0.10749999999999998,0.17679999999999998,0.16349999999999998,0.19690000000000002,0.0060999999999999995,0.0053,0.0074,0.016800000000000002,0.1244,0.13570000000000002
0.0391,0.056600000000000004,0.0999,0.16209999999999997,0.1618,0.19060000000000002,0.0033,0.0089,0.0039000000000000003,0.0128,0.12240000000000001,0.1386
0.056999999999999995,0.0574,0.1065,0.15559999999999996,0.1553,0.1795,0.0027,0.0027,0.0106,0.023,0.1042,0.14550000000000002
0.05549999999999999,0.051399999999999994,0.10300000000000001,0.1457,0.16829999999999998,0.1797,0.0017,0.0119,0.0078000000000000005,0.020899999999999988,0.0992,0.1549
0.0355,0.051399999999999994,0.11320000000000001,0.14359999999999998,0.1699,0.1902,0.0083,0.006500000000000001,0.007200000000000001,0.017,0.08919999999999999,0.168
0.0273,0.0509,0.11699999999999999,0.1516,0.16119999999999998,0.18589999999999995,0.0011,0.0007000000000000001,0.0039000000000000003,0.0254,0.0996,0.1754
0.019200000000000002,0.0395,0.10770000000000002,0.14529999999999998,0.15610000000000002,0.20939999999999998,0.0011,0.0005,0.0051,0.02,0.10890000000000001,0.18719999999999998
0.033499999999999995,0.03849999999999999,0.096,0.1343,0.16149999999999998,0.21679999999999996,0.006900000000000001,0.0011,0.0057,0.011800000000000001,0.12079999999999998,0.17310000000000003
0.021,0.052199999999999996,0.10400000000000001,0.1273,0.1721,0.213,0.0013,0.0074,0.009000000000000001,0.019799999999999998,0.11599999999999999,0.1569
0.0173,0.0526,0.1354,0.1228,0.17470000000000002,0.21739999999999998,0.002,0.0035000000000000005,0.0007000000000000001,0.03609999999999999,0.09119999999999999,0.1463
0.0249,0.06520000000000001,0.13659999999999997,0.1282,0.18720000000000003,0.20199999999999999,0.005,0.0077,0.0037,0.0292,0.0833,0.127
0.0126,0.05509999999999999,0.1604,0.1313,0.18090000000000003,0.20679999999999998,0.0019,0.0102,0.0048000000000000004,0.032400000000000005,0.0907,0.11290000000000001
0.012400000000000001,0.042300000000000004,0.18719999999999998,0.1336,0.19949999999999998,0.18929999999999997,0.011000000000000001,0.0034,0.0008,0.030499999999999992,0.0849,0.1051
0.012600000000000002,0.0449,0.1775,0.1429,0.19579999999999997,0.19869999999999993,0.0048000000000000004,0.0045000000000000005,0.009000000000000001,0.0329,0.059399999999999994,0.117
0.009300000000000001,0.044199999999999996,0.1971,0.1381,0.21459999999999999,0.1989,0.0034999999999999996,0.0009,0.004600000000000001,0.027299999999999994,0.0619,0.09960000000000001
0.016399999999999998,0.032299999999999995,0.19639999999999996,0.14160000000000003,0.2083,0.21850000000000003,0.0057,0.0051,0.001,0.033499999999999995,0.056100000000000004,0.0851
0.030100000000000002,0.0301,0.1797,0.1577,0.1999,0.2231,0.0020000000000000005,0.0003,0.0018000000000000002,0.0394,0.05260000000000001,0.08329999999999999
0.024399999999999998,0.038599999999999995,0.18219999999999995,0.1542,0.2009,0.20929999999999999,0.006000000000000001,0.0001,0.0088,0.0452,0.04939999999999999,0.0809
0.0284,0.024399999999999998,0.15169999999999997,0.1649,0.2011,0.22259999999999994,0.0036,0.0014000000000000002,0.0021000000000000003,0.04739999999999999,0.0655,0.08689999999999999
0.0206,0.0158,0.15990000000000001,0.1699,0.20329999999999998,0.2162,0.0026,0.0021,0.0023,0.0429,0.0682,0.09620000000000001
0.025700000000000004,0.027799999999999995,0.1508,0.1789,0.19319999999999996,0.21289999999999998,0.0004,0.0062,0.005,0.0372,0.06849999999999999,0.0934
0.0191,0.0525,0.1751,0.17190000000000003,0.1954,0.21779999999999994,0.0039000000000000003,0.0018,0.008,0.0263,0.06409999999999999,0.0641
