0.09919999999999998,0.10259999999999998,0.11389999999999999,0.10509999999999996,0.10279999999999992,0.10379999999999993,0.08209999999999995,0.06659999999999999,0.06469999999999997,0.05439999999999998,0.05449999999999994,0.05029999999999999
0.1576,0.134,0.18970000000000004,0.17740000000000003,0.1628,0.1609,0.0036000000000000008,0.0018,0.0021,0.0019000000000000002,0.0002,0.008
0.1548,0.14120000000000002,0.1941,0.19019999999999995,0.14830000000000002,0.1576,0.0015000000000000002,0.0004,0.0011,0.0004,0.0001,0.0103
0.1797,0.1217,0.1954,0.19230000000000003,0.1452,0.1481,0.0002,0.0037,0.0012,0.0013,0.0011,0.0101
0.13389999999999996,0.12999999999999998,0.20809999999999998,0.1775,0.1459,0.1495,0.0014000000000000002,0.0004,0.0011,0.0013,0.0023,0.0486
0.1157,0.1405,0.2096,0.1796,0.15969999999999998,0.1458,0.0,0.002,0.0006000000000000001,0.0009,0.0038,0.0418
0.09809999999999999,0.1487,0.19029999999999997,0.1685,0.1684,0.1588,0.0001,0.002,0.0033,0.0009,0.0044,0.0565
0.1035,0.1677,0.16200000000000003,0.17740000000000003,0.16949999999999998,0.1717,0.0034999999999999996,0.0018,0.0039000000000000003,0.0003,0.001,0.0377
0.1076,0.172,0.1564,0.16440000000000002,0.1675,0.18619999999999998,0.0008,0.0009,0.0011,0.0004,0.0003,0.0424
0.0851,0.187,0.15560000000000002,0.15259999999999999,0.1702,0.1873,0.0005,0.0,0.0012,0.0002,0.0002,0.0601
0.0967,0.1704,0.1504,0.1618,0.17060000000000003,0.1783,0.0,0.0014000000000000002,0.0048,0.0,0.0006,0.065
0.0759,0.1595,0.1309,0.16560000000000002,0.1917,0.1791,0.0024,0.0036,0.0017000000000000001,0.0002,0.0002,0.0892
0.09099999999999998,0.17370000000000002,0.11049999999999999,0.17749999999999996,0.19220000000000004,0.171,0.001,0.0023,0.0044,0.0001,0.0003,0.07600000000000001
0.0866,0.1595,0.1113,0.1954,0.1913,0.175,0.0004,0.0027,0.0035000000000000005,0.0014000000000000002,0.0,0.0729
0.0793,0.1462,0.1251,0.19789999999999996,0.2119,0.17279999999999998,0.001,0.0025,0.0032,0.0001,0.0,0.05999999999999999
0.08950000000000001,0.1467,0.138,0.2051,0.18830000000000002,0.16519999999999999,0.0029,0.0006,0.0006999999999999999,0.0019,0.0016,0.05949999999999999
0.0911,0.139,0.1462,0.21549999999999997,0.1818,0.16169999999999998,0.0004,0.0027,0.0004,0.0002,0.0015999999999999999,0.059399999999999994
0.0778,0.12719999999999998,0.15930000000000002,0.20860000000000004,0.19389999999999996,0.1579,0.0004,0.0002,0.0034,0.0011,0.0012000000000000001,0.069
0.057699999999999994,0.1432,0.16330000000000006,0.19330000000000003,0.19359999999999997,0.15289999999999998,0.0032,0.0027,0.0001,0.0019,0.0063,0.0818
0.0678,0.1321,0.1538,0.1848,0.2286,0.1424,0.0008,0.0023,0.0017,0.0046,0.0031,0.07799999999999999
0.11179999999999998,0.13299999999999998,0.1376,0.18090000000000003,0.23910000000000003,0.1193,0.0015000000000000002,0.0019,0.0032,0.0006,0.0,0.0711
0.0909,0.13980000000000004,0.1655,0.17190000000000003,0.23629999999999998,0.12789999999999999,0.0029,0.0014000000000000002,0.0012,0.0018,0.0006,0.059800000000000006
0.09299999999999999,0.15259999999999999,0.16330000000000003,0.16729999999999998,0.2494,0.1317,0.0,0.0001,0.0031,0.0002,0.0012,0.0381
0.09230000000000001,0.14780000000000001,0.1531,0.1619,0.25900000000000006,0.1486,0.005,0.0002,0.0003,0.0005,0.0013999999999999998,0.029900000000000003
0.0665,0.1558,0.1564,0.1882,0.24849999999999997,0.1594,0.0008,0.0039000000000000003,0.0004,0.0,0.0,0.020099999999999996
0.0816,0.15999999999999998,0.16139999999999996,0.18039999999999995,0.24389999999999992,0.1508,0.0003,0.0002,0.001,0.0003,0.0001,0.02
0.0861,0.16820000000000002,0.1487,0.18760000000000002,0.23379999999999998,0.16180000000000003,0.0003,0.0021999999999999997,0.0003,0.0010999999999999998,0.0001,0.0098
0.08710000000000001,0.15789999999999998,0.14459999999999998,0.19119999999999998,0.24350000000000002,0.16219999999999998,0.0022,0.0053,0.0003,0.0,0.0002,0.0055000000000000005
0.0701,0.1586,0.1503,0.2082,0.24849999999999994,0.1517,0.0003,0.0017,0.0003,0.0,0.0001,0.0102
0.08900000000000001,0.14309999999999998,0.16310000000000002,0.1789,0.24979999999999997,0.15780000000000002,0.0014000000000000002,0.0039000000000000003,0.0,0.0002,0.0027,0.0101
0.0978,0.1362,0.17990000000000003,0.1623,0.25029999999999997,0.16210000000000002,0.0004,0.0001,0.0003,0.0007000000000000001,0.0,0.009899999999999999
0.1035,0.11359999999999999,0.1941,0.1637,0.25129999999999997,0.1516,0.0001,0.0037,0.0002,0.0041,0.0038,0.0103
0.0998,0.1207,0.18860000000000002,0.1845,0.22679999999999997,0.161,0.0028000000000000004,0.0012000000000000001,0.0,0.0002,0.0044,0.01
0.11160000000000002,0.13470000000000001,0.1901,0.1766,0.2121,0.1607,0.0017000000000000001,0.0009000000000000001,0.0004,0.001,0.0006000000000000001,0.0096
0.095,0.1186,0.20829999999999999,0.15539999999999998,0.22130000000000002,0.1586,0.0001,0.006100000000000001,0.0045000000000000005,0.002,0.0006999999999999999,0.029399999999999996
0.08929999999999999,0.1333,0.20470000000000002,0.15410000000000001,0.21339999999999995,0.1726,0.0001,0.0004,0.004699999999999999,0.0005,0.0021,0.0248
0.0904,0.13090000000000002,0.1776,0.1593,0.2193,0.1889,0.0015,0.0059,0.0002,0.0002,0.001,0.024799999999999996
0.0902,0.12680000000000002,0.1558,0.18780000000000002,0.22640000000000002,0.1804,0.0005,0.0006000000000000001,0.0013999999999999998,0.0006999999999999999,0.0,0.0294
0.08149999999999999,0.1117,0.17329999999999998,0.15449999999999997,0.21789999999999998,0.22870000000000001,0.0012,0.0009000000000000001,0.0001,0.0002,0.0,0.029999999999999995
0.0727,0.1109,0.1861,0.149,0.21239999999999998,0.2103,0.004300000000000001,0.0001,0.0018,0.0022,0.0006000000000000001,0.0496
0.0637,0.1117,0.2054,0.1567,0.2162,0.20170000000000005,0.0003,0.0004,0.0007000000000000001,0.0009,0.0008,0.0415
0.0599,0.1114,0.21899999999999997,0.148,0.20549999999999996,0.2133,0.0011,0.0001,0.0006999999999999999,0.0001,0.0014000000000000002,0.0395
0.059,0.1106,0.21400000000000002,0.16279999999999994,0.20119999999999996,0.20840000000000003,0.0005,0.0002,0.001,0.0102,0.0027,0.0294
0.0596,0.1338,0.20120000000000002,0.1571,0.19469999999999998,0.2108,0.0015,0.0001,0.001,0.0101,0.0002,0.029900000000000003
0.0592,0.1319,0.2103,0.14859999999999998,0.1909,0.21719999999999998,0.0,0.0003,0.001,0.0102,0.0013,0.0291
0.05509999999999999,0.13859999999999997,0.2134,0.14339999999999997,0.1999,0.21259999999999998,0.0008,0.0018,0.0003,0.0036,0.0005,0.03
0.0722,0.16469999999999996,0.19569999999999996,0.1493,0.19329999999999997,0.1861,0.0032,0.0008,0.004600000000000001,0.0001,0.0003,0.029699999999999997
0.0757,0.16469999999999999,0.22460000000000002,0.1466,0.1729,0.1812,0.0023000000000000004,0.0005,0.0001,0.0004,0.001,0.03
0.086,0.1659,0.22309999999999997,0.1474,0.1495,0.1935,0.0023,0.0018,0.0021000000000000003,0.0008,0.0002,0.0274
0.07769999999999999,0.14,0.22149999999999997,0.1404,0.18460000000000004,0.19929999999999995,0.0004,0.0009,0.0088,0.0005,0.0021000000000000003,0.023799999999999995
0.0833,0.1607,0.2147,0.1363,0.18359999999999999,0.18420000000000003,0.002,0.0006000000000000001,0.0028000000000000004,0.0005,0.0028000000000000004,0.028499999999999998
0.0983,0.1298,0.20650000000000002,0.1468,0.1827,0.2004,0.0027,0.0021000000000000003,0.0001,0.0006000000000000001,0.0,0.03
0.092,0.1353,0.2076,0.12830000000000003,0.1972,0.2025,0.0054,0.0006000000000000001,0.0008,0.0,0.0021,0.0282
0.0787,0.1507,0.20259999999999997,0.12869999999999998,0.19910000000000003,0.1926,0.0073,0.0002,0.0001,0.0003,0.0003,0.0394
0.0784,0.1527,0.20869999999999997,0.1241,0.2082,0.1802,0.0044,0.0021000000000000003,0.0005,0.0003,0.0006000000000000001,0.039799999999999995
0.07919999999999999,0.1558,0.1891,0.159,0.20220000000000002,0.1693,0.0015,0.0014000000000000002,0.001,0.0,0.0014000000000000002,0.0401
0.07849999999999999,0.1383,0.20499999999999996,0.17300000000000001,0.19929999999999992,0.1808,0.0003,0.0002,0.001,0.0012,0.0001,0.022299999999999997
0.0529,0.1472,0.2195,0.17149999999999999,0.1996,0.17549999999999996,0.0002,0.0012,0.0015999999999999999,0.0006000000000000001,0.0,0.0302
0.0682,0.1534,0.2364,0.1609,0.1907,0.15719999999999998,0.0001,0.001,0.0017,0.0005,0.0003,0.0296
0.0768,0.1292,0.23999999999999996,0.1548,0.1909,0.1718,0.0004,0.006200000000000001,0.0015000000000000002,0.0022,0.0051,0.021099999999999997
0.08529999999999999,0.1623,0.23749999999999996,0.15510000000000002,0.18090000000000003,0.15330000000000002,0.0102,0.0006999999999999999,0.0002,0.0013,0.0015000000000000002,0.011699999999999999
0.06549999999999999,0.1813,0.23309999999999995,0.1696,0.182,0.1438,0.0013,0.0006000000000000001,0.0006000000000000001,0.0014000000000000002,0.0009,0.0199
0.06269999999999999,0.16829999999999998,0.2648,0.1536,0.1787,0.1481,0.0005,0.0018000000000000002,0.0026,0.0001,0.0,0.018799999999999997
0.0501,0.1791,0.26799999999999996,0.1477,0.1564,0.15,0.0019000000000000002,0.0037,0.0006,0.0021999999999999997,0.0,0.040299999999999996
0.036,0.18269999999999997,0.2847,0.13979999999999998,0.15180000000000002,0.15889999999999999,0.0015,0.0070999999999999995,0.0022,0.0015,0.0003,0.0335
0.0455,0.17770000000000002,0.2655,0.1411,0.1518,0.18369999999999997,0.0039000000000000003,0.0005,0.0007000000000000001,0.0,0.0002,0.0294
0.0411,0.16869999999999996,0.27599999999999997,0.144,0.14,0.19649999999999998,0.0028000000000000004,0.0021000000000000003,0.0003,0.0002,0.0,0.028300000000000002
0.0418,0.1866,0.2713,0.1401,0.12479999999999998,0.19950000000000004,0.001,0.008,0.001,0.002,0.0031,0.0208
0.0538,0.1686,0.2626,0.1533,0.1371,0.20009999999999994,0.0036,0.0002,0.0004,0.0002,0.0019,0.0182
0.04020000000000001,0.1751,0.2542,0.1437,0.15940000000000001,0.20490000000000003,0.0018,0.0001,0.0041,0.0003,0.004,0.012199999999999999
0.055099999999999996,0.18659999999999996,0.25229999999999997,0.1638,0.144,0.19079999999999997,0.0031,0.0006999999999999999,0.0002,0.0025,0.0007999999999999999,0.0001
0.0499,0.19020000000000004,0.2346,0.1685,0.1358,0.21219999999999994,0.0037,0.0027,0.0002,0.0005,0.0005,0.0012
0.0404,0.17990000000000003,0.2541,0.17389999999999997,0.1418,0.19330000000000003,0.0004,0.005900000000000001,0.0,0.0003,0.0001,0.009899999999999999
0.053099999999999994,0.1843,0.24060000000000004,0.1739,0.14190000000000003,0.18589999999999995,0.0045000000000000005,0.0023,0.0012000000000000001,0.0018999999999999998,0.0003,0.0101
0.0412,0.1966,0.23790000000000003,0.1605,0.1625,0.1859,0.0007000000000000001,0.0002,0.0004,0.0002,0.0039000000000000003,0.01
0.049800000000000004,0.1746,0.2428,0.1555,0.1582,0.19970000000000002,0.0054,0.0005,0.0008,0.0004,0.0022,0.0101
0.062200000000000005,0.1637,0.22730000000000003,0.1741,0.16829999999999998,0.18999999999999997,0.001,0.0006000000000000001,0.0002,0.002,0.0002,0.0104
0.07880000000000001,0.1466,0.21009999999999998,0.18069999999999997,0.1809,0.18869999999999998,0.0024,0.0007000000000000001,0.0,0.0005,0.0006000000000000001,0.01
0.05619999999999999,0.1635,0.19200000000000003,0.1918,0.16630000000000003,0.21169999999999997,0.0002,0.0044,0.0002,0.0029,0.0003,0.0105
0.0774,0.1607,0.19940000000000002,0.15869999999999998,0.17620000000000002,0.2089,0.0036,0.0031000000000000003,0.0007000000000000001,0.0001,0.0005,0.010700000000000001
0.08520000000000001,0.1643,0.19119999999999998,0.1567,0.17190000000000003,0.21830000000000002,0.0006,0.0006000000000000001,0.0002,0.0009,0.0,0.0101
0.0673,0.16449999999999998,0.165,0.16069999999999995,0.17690000000000006,0.2311,0.0067,0.0001,0.0014000000000000002,0.0048,0.0001,0.021399999999999995
0.0574,0.1705,0.17379999999999998,0.1578,0.17770000000000002,0.23389999999999997,0.0006000000000000001,0.0036000000000000003,0.0,0.0028000000000000004,0.0001,0.021799999999999996
0.0721,0.1721,0.19669999999999999,0.1347,0.1715,0.2272,0.0018,0.0012,0.0002,0.0014000000000000002,0.0003,0.0208
0.0515,0.18710000000000002,0.1875,0.1405,0.1938,0.22740000000000002,0.0001,0.0,0.0,0.0009,0.0009,0.0103
0.038000000000000006,0.17650000000000002,0.1834,0.131,0.21950000000000003,0.2261,0.0023,0.0009,0.0003,0.0006,0.0005,0.0209
0.0593,0.171,0.1906,0.1274,0.21960000000000002,0.21050000000000002,0.0005,0.0002,0.0015,0.0003,0.0001,0.019
0.08739999999999998,0.163,0.18760000000000004,0.1245,0.1961,0.21559999999999999,0.0014000000000000002,0.0015999999999999999,0.0023,0.0002,0.0002,0.020099999999999996
0.07869999999999999,0.15960000000000002,0.1808,0.1179,0.21639999999999998,0.2194,0.0045000000000000005,0.0002,0.0006000000000000001,0.0001,0.0017000000000000003,0.020099999999999996
0.0721,0.1421,0.17750000000000005,0.11040000000000001,0.2376,0.2183,0.0001,0.0023,0.0016,0.001,0.0002,0.0368
0.07239999999999999,0.1474,0.16920000000000002,0.1189,0.24970000000000003,0.2205,0.0003,0.0012,0.0,0.0002,0.0001,0.020099999999999996
0.0632,0.1492,0.1691,0.1173,0.2587,0.21889999999999998,0.0001,0.0027,0.0002,0.0002,0.0004,0.02
0.1014,0.1376,0.1813,0.1217,0.2365,0.1984,0.0005,0.001,0.0013,0.0001,0.0002,0.02
0.099,0.1266,0.1893,0.1134,0.24810000000000001,0.20130000000000003,0.0004,0.0004,0.0002,0.0005,0.0004,0.0204
0.09789999999999999,0.12050000000000001,0.1804,0.1331,0.2311,0.2018,0.0019,0.0028000000000000004,0.0001,0.0002,0.0002,0.03
0.08959999999999999,0.13079999999999997,0.1765,0.1386,0.205,0.22329999999999997,0.0028000000000000004,0.0025,0.0007000000000000001,0.0001,0.0001,0.03
0.0924,0.10860000000000002,0.16870000000000002,0.14350000000000002,0.2051,0.23959999999999998,0.0039000000000000003,0.0042,0.0001,0.0004,0.0009,0.0326
0.085,0.1085,0.1548,0.1423,0.20840000000000003,0.24569999999999997,0.0012000000000000001,0.0002,0.0034999999999999996,0.0002,0.0001,0.0501
0.0781,0.12120000000000002,0.16049999999999998,0.13729999999999998,0.21289999999999995,0.22879999999999995,0.0001,0.0004,0.0055000000000000005,0.0001,0.0002,0.054900000000000004
0.0782,0.1202,0.17919999999999997,0.13629999999999998,0.21309999999999998,0.2181,0.0036000000000000003,0.0019,0.0002,0.001,0.0004,0.047799999999999995
0.08959999999999997,0.1244,0.16950000000000004,0.1492,0.20669999999999994,0.2041,0.0029000000000000002,0.0022,0.0003,0.0001,0.0031000000000000003,0.04789999999999999
0.10619999999999999,0.1311,0.1508,0.16699999999999998,0.19219999999999998,0.1989,0.0024,0.0036,0.0,0.0002,0.0,0.047599999999999996
0.0828,0.13629999999999998,0.1572,0.1499,0.2109,0.19260000000000002,0.009600000000000001,0.0019000000000000002,0.0004,0.0002,0.0011,0.0571
0.0777,0.14150000000000001,0.15789999999999998,0.15209999999999999,0.2043,0.1957,0.0006999999999999999,0.0,0.0004,0.0005,0.0013,0.0679
0.09360000000000002,0.13179999999999997,0.1485,0.15,0.1996,0.20040000000000002,0.0034999999999999996,0.0034000000000000007,0.0019,0.0032,0.0,0.0641
0.0873,0.13649999999999998,0.1575,0.1393,0.22899999999999998,0.19469999999999998,0.004700000000000001,0.0001,0.0,0.0008,0.0001,0.05
0.0894,0.1635,0.1693,0.1329,0.1948,0.1874,0.0002,0.0038,0.0011,0.0003,0.0008,0.056499999999999995
0.0906,0.18259999999999998,0.1635,0.1228,0.21500000000000002,0.176,0.0002,0.0104,0.0024,0.0071,0.0014000000000000002,0.028000000000000004
0.10779999999999999,0.19640000000000002,0.1593,0.12990000000000002,0.213,0.16329999999999997,0.0028000000000000004,0.0014000000000000002,0.0034999999999999996,0.0023,0.0003,0.02
0.09530000000000001,0.2113,0.1689,0.1216,0.2193,0.1505,0.0001,0.0011,0.0006000000000000001,0.0011,0.0001,0.0301
0.08629999999999999,0.21320000000000003,0.1671,0.1291,0.22160000000000005,0.15080000000000002,0.0012,0.0004,0.0001,0.0,0.0001,0.0301
0.0796,0.2158,0.16329999999999997,0.1476,0.21739999999999998,0.14279999999999998,0.0007999999999999999,0.0023,0.0011,0.0006000000000000001,0.0001,0.028599999999999993
0.08070000000000001,0.1893,0.17099999999999999,0.1486,0.21810000000000007,0.15379999999999996,0.0003,0.0032,0.004200000000000001,0.0007000000000000001,0.0002,0.029900000000000003
0.0803,0.19010000000000002,0.16520000000000004,0.1623,0.2297,0.1243,0.005600000000000001,0.0011,0.0011,0.0002,0.0004,0.0397
0.0784,0.18569999999999998,0.177,0.15960000000000002,0.23079999999999995,0.11,0.0011,0.0005,0.0014000000000000002,0.0028000000000000004,0.0023,0.0504
0.08780000000000002,0.1846,0.182,0.1324,0.244,0.12239999999999998,0.0041,0.0007000000000000001,0.0021000000000000003,0.0006000000000000001,0.0,0.039299999999999995
0.0592,0.1978,0.16479999999999997,0.11979999999999999,0.23979999999999996,0.1563,0.0005,0.0004,0.0009,0.0001,0.0,0.0604
0.06559999999999999,0.2096,0.1487,0.09940000000000002,0.24700000000000003,0.168,0.0033,0.0003,0.0002,0.0017000000000000001,0.0002,0.05600000000000001
0.07110000000000001,0.18989999999999999,0.15259999999999999,0.0904,0.25649999999999995,0.17330000000000007,0.0014000000000000002,0.0038,0.0008,0.0002,0.0021,0.05790000000000001
0.0697,0.19030000000000002,0.1569,0.1001,0.2515,0.17300000000000001,0.0013999999999999998,0.0008,0.0015000000000000002,0.0004,0.0006000000000000001,0.0538
0.06,0.20319999999999996,0.16330000000000003,0.09879999999999999,0.26349999999999996,0.1757,0.0029000000000000002,0.0002,0.0029000000000000002,0.0001,0.001,0.028399999999999998
0.0452,0.20679999999999998,0.1744,0.10860000000000002,0.2544,0.17669999999999997,0.0019,0.0016,0.006100000000000001,0.0002,0.0,0.0241
0.059000000000000004,0.19779999999999998,0.1577,0.1159,0.276,0.16660000000000003,0.0007999999999999999,0.0029000000000000002,0.0006999999999999999,0.002,0.0022,0.0184
0.0668,0.1839,0.16340000000000005,0.1104,0.29069999999999996,0.1589,0.0002,0.0015000000000000002,0.0007000000000000001,0.0008,0.005,0.0177
0.05719999999999999,0.19590000000000005,0.16390000000000002,0.12860000000000002,0.26940000000000003,0.1573,0.0006999999999999999,0.0025,0.0005,0.0108,0.0003,0.0129
0.057699999999999994,0.19709999999999997,0.1643,0.1114,0.24670000000000006,0.17509999999999998,0.005,0.0003,0.0001,0.0073,0.0007000000000000001,0.0343
0.05310000000000001,0.1881,0.1717,0.12159999999999999,0.2531,0.17779999999999999,0.0031999999999999997,0.0006000000000000001,0.0,0.0003,0.0004,0.0301
0.054000000000000006,0.17329999999999998,0.16169999999999998,0.1216,0.2607,0.17990000000000003,0.0036,0.001,0.0007000000000000001,0.0001,0.003,0.04039999999999999
0.059699999999999996,0.1955,0.16270000000000004,0.1389,0.22089999999999999,0.1797,0.001,0.0005,0.0001,0.0003,0.0009000000000000001,0.0398
0.06269999999999999,0.1963,0.15419999999999998,0.14939999999999998,0.20829999999999999,0.18720000000000003,0.0001,0.0001,0.001,0.0005,0.0,0.04019999999999999
0.0597,0.18709999999999996,0.16920000000000002,0.1434,0.22049999999999997,0.1876,0.0006000000000000001,0.001,0.0002,0.0001,0.0003,0.030299999999999997
0.05739999999999999,0.19909999999999997,0.1565,0.15650000000000003,0.20229999999999992,0.1841,0.003,0.0033,0.0,0.0001,0.0001,0.037599999999999995
0.06570000000000001,0.17869999999999994,0.1522,0.1574,0.20550000000000002,0.1875,0.0088,0.0064,0.0024,0.0005,0.0003,0.0346
0.0791,0.1635,0.1591,0.15889999999999999,0.21400000000000002,0.1869,0.0019,0.0128,0.0001,0.0010999999999999998,0.0002,0.022400000000000003
0.09230000000000001,0.1536,0.14629999999999999,0.1605,0.2271,0.1832,0.0034999999999999996,0.0,0.0019,0.0008,0.0007000000000000001,0.0301
0.0775,0.1466,0.1416,0.1748,0.2253,0.19410000000000005,0.006200000000000001,0.0002,0.0005,0.0040999999999999995,0.0005,0.028600000000000004
0.09949999999999999,0.1508,0.1296,0.163,0.2238,0.20839999999999997,0.001,0.0013,0.0018000000000000002,0.0001,0.0011,0.0196
0.10719999999999999,0.1414,0.1219,0.1772,0.20879999999999999,0.21109999999999998,0.0006999999999999999,0.0004,0.0019,0.0,0.0002,0.0292
0.0875,0.15139999999999998,0.1439,0.1567,0.20900000000000002,0.21680000000000002,0.0034999999999999996,0.0011,0.0006,0.0,0.0004,0.0291
0.0705,0.15250000000000002,0.1439,0.146,0.21489999999999995,0.24320000000000003,0.0009,0.001,0.0029000000000000002,0.0038000000000000004,0.0004,0.02
0.0721,0.1568,0.12089999999999998,0.17,0.2175,0.23619999999999997,0.0039000000000000003,0.0002,0.0006000000000000001,0.0011,0.0006000000000000001,0.020099999999999996
0.0974,0.1448,0.141,0.1659,0.2059,0.2168,0.0022,0.0057,0.0004,0.0,0.0002,0.0197
0.11760000000000001,0.12689999999999999,0.1396,0.1673,0.2082,0.21150000000000002,0.0017,0.004,0.0024000000000000002,0.0026,0.0005,0.0177
0.1035,0.1454,0.1509,0.1644,0.2147,0.20479999999999998,0.0036000000000000003,0.0022,0.0005,0.0,0.0001,0.009899999999999999
0.0915,0.1491,0.15990000000000001,0.15439999999999998,0.21319999999999997,0.206,0.0037,0.0016,0.0004,0.0002,0.0003,0.0197
0.0696,0.1539,0.1559,0.15940000000000001,0.21019999999999997,0.21620000000000006,0.0,0.0002,0.0054,0.0001,0.0001,0.028999999999999998
0.0709,0.1382,0.1636,0.1531,0.21899999999999997,0.21820000000000003,0.004200000000000001,0.0022,0.0006,0.0,0.0001,0.029900000000000003
0.07930000000000001,0.1359,0.1623,0.1684,0.20979999999999996,0.21830000000000002,0.0009,0.0005,0.0,0.0015,0.0002,0.0229
0.0981,0.1328,0.1697,0.147,0.2206,0.20839999999999997,0.0027,0.0001,0.0001,0.0001,0.0003,0.020099999999999996
0.08559999999999998,0.1309,0.17800000000000002,0.14560000000000003,0.2095,0.21200000000000002,0.0038,0.0039000000000000003,0.0004,0.0001,0.0006,0.0296
0.0882,0.1125,0.1887,0.1442,0.20999999999999996,0.2085,0.0051,0.0001,0.0023,0.0002,0.0,0.04020000000000001
0.09519999999999999,0.11699999999999999,0.1891,0.1494,0.19219999999999998,0.21170000000000003,0.0004,0.0016000000000000003,0.0002,0.0019,0.0021000000000000003,0.0392
0.0727,0.12210000000000001,0.17759999999999998,0.1431,0.1859,0.24220000000000003,0.0006999999999999999,0.0008,0.004699999999999999,0.0001,0.0001,0.05
0.07730000000000001,0.12309999999999999,0.19110000000000002,0.15419999999999998,0.17679999999999998,0.24230000000000002,0.0027,0.0014000000000000002,0.0007000000000000001,0.0,0.0002,0.030199999999999994
0.08460000000000001,0.11159999999999998,0.19469999999999998,0.1637,0.18760000000000002,0.2352,0.0015000000000000002,0.0,0.0007000000000000001,0.0,0.0003,0.020099999999999996
0.06899999999999999,0.1191,0.1981,0.17110000000000003,0.1884,0.21959999999999996,0.0016,0.0006000000000000001,0.0,0.0003,0.0005,0.0317
0.07,0.1208,0.18529999999999996,0.1831,0.18139999999999998,0.21230000000000002,0.0044,0.0033,0.0004,0.0002,0.0001,0.0387
0.0638,0.13499999999999998,0.17159999999999997,0.18450000000000003,0.17929999999999996,0.21969999999999998,0.0023,0.0017,0.001,0.0009,0.0005,0.0397
0.08030000000000001,0.1362,0.17260000000000006,0.18,0.1874,0.2054,0.0027,0.0001,0.0006,0.0019,0.0001,0.0327
0.0793,0.1421,0.16329999999999997,0.1848,0.19139999999999996,0.2048,0.0,0.0031,0.0002,0.0012,0.001,0.0288
0.0642,0.1591,0.1648,0.184,0.1772,0.2071,0.0001,0.0006999999999999999,0.0007000000000000001,0.0024,0.0005,0.0392
0.0539,0.1533,0.1566,0.1743,0.1838,0.22929999999999995,0.0033,0.0,0.0030000000000000005,0.0005,0.0018,0.04019999999999999
0.06079999999999999,0.16779999999999998,0.16329999999999997,0.1581,0.19,0.22519999999999998,0.0014000000000000002,0.0016,0.0013,0.0003,0.0006000000000000001,0.0296
0.0623,0.16490000000000002,0.16079999999999997,0.16,0.1975,0.22359999999999997,0.0007000000000000001,0.0003,0.0001,0.0003,0.0001,0.0294
0.07980000000000001,0.17439999999999997,0.1684,0.1474,0.19399999999999998,0.21020000000000003,0.002,0.0011,0.0001,0.0023,0.0009000000000000001,0.0194
0.0681,0.185,0.18410000000000004,0.16210000000000002,0.17700000000000002,0.19240000000000002,0.0038999999999999994,0.0037000000000000006,0.0003,0.0002,0.0031,0.020099999999999996
0.0687,0.1862,0.1805,0.17380000000000004,0.16759999999999997,0.19,0.0014000000000000002,0.0036,0.0055000000000000005,0.0006000000000000001,0.0003,0.021799999999999996
0.0746,0.20629999999999998,0.1874,0.17009999999999997,0.1487,0.1797,0.0,0.0022,0.0013,0.0,0.0012,0.028499999999999998
0.06029999999999999,0.19949999999999998,0.179,0.1899,0.1501,0.18239999999999998,0.0066,0.0014000000000000002,0.0001,0.0004,0.0002,0.0301
0.06409999999999999,0.2195,0.17990000000000003,0.1764,0.1318,0.1861,0.0006,0.0017000000000000001,0.0004,0.0,0.0,0.0395
0.0699,0.20929999999999999,0.17369999999999997,0.1703,0.1383,0.18900000000000003,0.0048,0.0027,0.0010999999999999998,0.0005,0.0003,0.0401
0.049400000000000006,0.20829999999999999,0.1754,0.1867,0.1265,0.1892,0.0027,0.0005,0.0001,0.0022,0.0001,0.05890000000000001
0.039,0.20339999999999997,0.1593,0.18900000000000003,0.1413,0.1912,0.0025,0.0006,0.0011,0.0060999999999999995,0.0003,0.0662
0.0383,0.19700000000000004,0.17119999999999996,0.1815,0.157,0.19119999999999998,0.0,0.0018,0.0017000000000000001,0.0004,0.0001,0.05979999999999999
0.0471,0.19939999999999997,0.1574,0.1698,0.1646,0.19920000000000002,0.0001,0.001,0.0004,0.0031,0.0005,0.0574
0.051899999999999995,0.19269999999999998,0.17259999999999998,0.1609,0.1553,0.2036,0.0013,0.0006,0.0007999999999999999,0.0,0.0006999999999999999,0.0596
0.0484,0.19879999999999995,0.17220000000000002,0.15209999999999999,0.152,0.20959999999999998,0.001,0.0023,0.0001,0.0034,0.0015,0.05859999999999999
0.051699999999999996,0.1845,0.1766,0.1593,0.15960000000000002,0.20379999999999998,0.0012,0.0002,0.0018000000000000002,0.0001,0.0003,0.06089999999999999
0.050499999999999996,0.1689,0.18760000000000002,0.1628,0.16450000000000004,0.2023,0.0,0.0027,0.0003,0.0,0.0,0.0604
0.0443,0.1465,0.18929999999999997,0.1961,0.16369999999999998,0.1961,0.003,0.0041,0.0005,0.0037,0.0001,0.0526
0.049499999999999995,0.1334,0.21439999999999998,0.18100000000000002,0.15610000000000002,0.1984,0.0049,0.0067,0.0015000000000000002,0.0028000000000000004,0.0008,0.050499999999999996
0.0408,0.1277,0.2075,0.20409999999999992,0.1485,0.206,0.004,0.0001,0.0,0.0,0.0015,0.059800000000000006
0.0423,0.1351,0.20040000000000002,0.21569999999999998,0.1439,0.201,0.0011,0.0002,0.0,0.0,0.0001,0.0602
0.0509,0.14340000000000003,0.19069999999999998,0.1959,0.1535,0.2028,0.0015,0.0013999999999999998,0.0002,0.0001,0.0008,0.0588
0.0498,0.1536,0.15030000000000002,0.21200000000000002,0.1533,0.2071,0.0004,0.0007999999999999999,0.0004,0.0013,0.0012000000000000001,0.0698
0.0401,0.1542,0.1424,0.2182,0.165,0.2156,0.0019,0.0001,0.0001,0.0006000000000000001,0.0003,0.06149999999999999
0.048600000000000004,0.1567,0.14659999999999998,0.21959999999999996,0.15769999999999998,0.20809999999999998,0.0012,0.0006999999999999999,0.0002,0.0004,0.0002,0.06
0.0359,0.15080000000000005,0.14950000000000002,0.2267,0.1521,0.2107,0.0035000000000000005,0.0004,0.0003,0.0002,0.0015,0.0684
0.03,0.16990000000000002,0.1505,0.2066,0.1671,0.20499999999999996,0.0003,0.0003,0.0012000000000000001,0.0008,0.0006000000000000001,0.0677
0.0478,0.15159999999999998,0.16,0.20819999999999997,0.16179999999999997,0.21360000000000004,0.0029000000000000002,0.0009,0.0022,0.0027,0.0008,0.0475
0.04989999999999999,0.15870000000000004,0.1487,0.20809999999999998,0.1638,0.2128,0.003,0.0063,0.0029,0.0001,0.0041,0.0416
0.0751,0.16820000000000002,0.12829999999999997,0.2143,0.18769999999999995,0.19269999999999998,0.0001,0.0021,0.0005,0.0,0.0008,0.030199999999999994
0.0686,0.1515,0.13470000000000001,0.22149999999999997,0.20080000000000006,0.18400000000000002,0.0016,0.0013,0.0003,0.0003,0.0001,0.0353
0.0751,0.16909999999999997,0.14079999999999998,0.22510000000000002,0.17739999999999997,0.1637,0.0031000000000000003,0.0042,0.0004,0.0012,0.0,0.039900000000000005
0.08439999999999999,0.19310000000000002,0.1238,0.2114,0.1772,0.1684,0.0003,0.0012,0.0001,0.0001,0.0003,0.0397
0.09519999999999998,0.1721,0.1401,0.19790000000000002,0.1573,0.1886,0.0041,0.0019,0.001,0.0003,0.0009,0.0406
0.0906,0.19349999999999998,0.1508,0.1741,0.1472,0.1891,0.0009,0.0003,0.0015,0.0006000000000000001,0.0004,0.051
0.07139999999999999,0.1929,0.1471,0.17920000000000003,0.142,0.21109999999999998,0.0026,0.0015000000000000002,0.0001,0.0001,0.0002,0.051800000000000006
0.047599999999999996,0.1771,0.1436,0.18960000000000002,0.15839999999999999,0.2228,0.0006999999999999999,0.0006,0.0,0.0003,0.0001,0.0592
0.048499999999999995,0.16700000000000004,0.15839999999999999,0.20579999999999998,0.1616,0.21220000000000003,0.0021000000000000003,0.002,0.0002,0.0,0.0001,0.0421
0.0391,0.16670000000000001,0.16270000000000004,0.19860000000000003,0.174,0.2027,0.0007000000000000001,0.004200000000000001,0.0016,0.0008,0.0046,0.0443
0.0449,0.1558,0.17880000000000001,0.1966,0.1603,0.20989999999999998,0.0001,0.0,0.0035000000000000005,0.0001,0.0002,0.049800000000000004
0.06209999999999999,0.1517,0.16879999999999998,0.1934,0.16580000000000006,0.20509999999999998,0.0001,0.0048000000000000004,0.0045000000000000005,0.0001,0.0012999999999999997,0.042300000000000004
0.051500000000000004,0.1436,0.15619999999999998,0.21109999999999998,0.1501,0.23579999999999995,0.0003,0.0008,0.0001,0.0003,0.001,0.0492
0.0775,0.1266,0.16759999999999997,0.2048,0.147,0.23190000000000002,0.0,0.0007000000000000001,0.0001,0.0004,0.0038,0.039599999999999996
0.0638,0.1466,0.1653,0.1968,0.1321,0.23199999999999998,0.0014000000000000002,0.001,0.0012,0.0,0.0010999999999999998,0.0587
0.0883,0.1571,0.1583,0.2161,0.1035,0.2244,0.0013,0.0034000000000000002,0.0,0.0,0.0003,0.0473
0.0662,0.17149999999999999,0.1837,0.1902,0.11879999999999999,0.21339999999999995,0.0013,0.0047,0.0001,0.0001,0.0004,0.0496
0.0783,0.1769,0.16579999999999998,0.19310000000000002,0.1288,0.22000000000000003,0.0038,0.0001,0.0037,0.0001,0.001,0.028399999999999998
0.0822,0.17129999999999998,0.1632,0.2057,0.1277,0.2147,0.0021000000000000003,0.0,0.0034,0.0012000000000000001,0.0001,0.0284
0.0687,0.1773,0.1809,0.18430000000000002,0.1325,0.19979999999999998,0.0026,0.002,0.0001,0.0001,0.0016,0.0501
0.0621,0.195,0.18080000000000002,0.18880000000000002,0.12890000000000001,0.20409999999999998,0.0023,0.0007000000000000001,0.0027,0.0040999999999999995,0.006000000000000001,0.0245
0.0729,0.2176,0.17559999999999998,0.1885,0.13369999999999999,0.1819,0.0012,0.0027,0.0001,0.0013,0.0057,0.018799999999999997
0.0695,0.21820000000000003,0.17800000000000002,0.1821,0.1383,0.19219999999999995,0.0015,0.0002,0.0,0.0,0.0006,0.0194
0.0783,0.18590000000000004,0.16529999999999997,0.20420000000000002,0.14880000000000002,0.18100000000000002,0.0036,0.0006000000000000001,0.0013,0.0009,0.0009,0.0292
0.0926,0.1664,0.1562,0.2107,0.1571,0.17980000000000002,0.0048,0.0038,0.0003,0.0002,0.0008,0.0273
0.1018,0.14559999999999998,0.1602,0.20190000000000005,0.17350000000000002,0.1777,0.0013,0.0003,0.0015,0.005,0.0039000000000000003,0.0273
0.1035,0.14370000000000002,0.16099999999999998,0.21530000000000005,0.17809999999999998,0.1607,0.0066,0.0001,0.0008,0.0004,0.0001,0.029699999999999997
0.1065,0.16149999999999998,0.1635,0.20129999999999998,0.17840000000000003,0.1548,0.0002,0.0024,0.0007000000000000001,0.0018,0.0001,0.0288
0.0946,0.16259999999999997,0.18999999999999997,0.19820000000000002,0.1787,0.1539,0.0,0.0022,0.0,0.0089,0.0003,0.0106
0.0727,0.1794,0.17560000000000003,0.18939999999999999,0.17859999999999998,0.18100000000000002,0.0001,0.0005,0.0023,0.002,0.0,0.0184
0.0678,0.1654,0.17669999999999997,0.20079999999999998,0.1797,0.18960000000000002,0.0041,0.0028000000000000004,0.0007000000000000001,0.0023,0.0002,0.009899999999999999
0.064,0.16620000000000001,0.1888,0.1981,0.1826,0.18810000000000002,0.0002,0.0001,0.0001,0.0015,0.0002,0.0101
0.057300000000000004,0.15789999999999998,0.19639999999999996,0.19980000000000003,0.1863,0.18730000000000005,0.0003,0.0028000000000000004,0.0017000000000000001,0.0003,0.0001,0.0098
0.0736,0.1827,0.18789999999999998,0.1968,0.1681,0.177,0.0002,0.0009,0.0005,0.0013,0.0005,0.0105
0.0771,0.18549999999999997,0.1909,0.16820000000000002,0.1548,0.1884,0.0004,0.0058000000000000005,0.0058,0.0007000000000000001,0.0008999999999999999,0.0215
0.0699,0.18849999999999997,0.20129999999999998,0.1887,0.14500000000000002,0.1707,0.0033,0.0006000000000000001,0.0002,0.0001,0.0015,0.030199999999999994
0.0902,0.18530000000000002,0.19,0.18400000000000002,0.1497,0.16939999999999997,0.0001,0.0009,0.0003,0.0005,0.0001,0.029500000000000002
0.11939999999999999,0.15730000000000002,0.184,0.1886,0.1562,0.1582,0.0014000000000000002,0.0005,0.0003,0.0038,0.0001,0.0302
0.09350000000000001,0.151,0.18239999999999998,0.1901,0.1655,0.1857,0.0018,0.0,0.0030000000000000005,0.0006,0.0001,0.0263
0.0971,0.1613,0.1668,0.21209999999999998,0.1592,0.18130000000000002,0.0005,0.0013,0.0001,0.0025,0.0,0.0178
0.1094,0.16,0.1611,0.2109,0.1486,0.18600000000000003,0.0002,0.0019000000000000002,0.0006999999999999999,0.0015000000000000002,0.0007000000000000001,0.019
0.08379999999999999,0.17060000000000003,0.1759,0.20129999999999998,0.16899999999999998,0.1704,0.0023,0.0004,0.0001,0.0053,0.0003,0.0206
0.07769999999999999,0.18999999999999997,0.1644,0.22760000000000002,0.15899999999999997,0.15469999999999998,0.0025,0.0006000000000000001,0.0006000000000000001,0.0003,0.0001,0.0225
0.08539999999999999,0.20829999999999999,0.15599999999999997,0.20560000000000003,0.17309999999999998,0.14880000000000002,0.0007999999999999999,0.0001,0.0005,0.0009,0.0005,0.02
0.0721,0.2169,0.14150000000000001,0.1945,0.16909999999999997,0.16149999999999998,0.0053,0.0028000000000000004,0.0015000000000000002,0.0049,0.0002,0.029699999999999997
0.06080000000000001,0.2048,0.1399,0.21270000000000003,0.20259999999999997,0.1426,0.0023,0.0016,0.0009,0.0016,0.0,0.030199999999999994
0.0668,0.2064,0.1524,0.1852,0.2058,0.1499,0.0003,0.0001,0.0016000000000000003,0.0007000000000000001,0.0002,0.030600000000000006
0.0746,0.2054,0.1415,0.18560000000000001,0.1889,0.16880000000000003,0.0005,0.0041,0.0,0.0,0.0006000000000000001,0.03
0.0868,0.2273,0.13449999999999998,0.1674,0.1778,0.1605,0.0025,0.0034999999999999996,0.0004,0.0,0.0018000000000000002,0.0375
0.10060000000000001,0.22750000000000004,0.1437,0.16670000000000001,0.17010000000000003,0.1457,0.0002,0.0038000000000000004,0.0004,0.0002,0.0064,0.034699999999999995
0.091,0.2323,0.1389,0.17600000000000002,0.1668,0.1482,0.0044,0.0004,0.0007999999999999999,0.0002,0.018,0.023
0.0874,0.22510000000000002,0.1485,0.17470000000000002,0.1668,0.14859999999999998,0.0019,0.0015,0.0001,0.0026,0.0148,0.028000000000000004
0.09820000000000001,0.22899999999999998,0.1436,0.15749999999999997,0.1611,0.16449999999999998,0.0038,0.0018000000000000002,0.0002,0.0051,0.0104,0.024799999999999996
0.1023,0.22400000000000003,0.1365,0.17259999999999998,0.149,0.17810000000000004,0.0046,0.0006,0.001,0.001,0.0002,0.0301
0.0956,0.2059,0.1598,0.18770000000000003,0.1303,0.18359999999999999,0.0036,0.0007000000000000001,0.0019000000000000002,0.0014000000000000002,0.0001,0.0294
0.09350000000000001,0.1838,0.14310000000000003,0.19940000000000002,0.14489999999999997,0.20129999999999998,0.0023000000000000004,0.0013,0.0004,0.0004,0.0001,0.0295
0.0986,0.1868,0.14250000000000002,0.18849999999999997,0.1514,0.192,0.004600000000000001,0.0028000000000000004,0.0024000000000000002,0.0009,0.0006000000000000001,0.028900000000000002
0.09729999999999998,0.1773,0.1393,0.17980000000000002,0.16490000000000002,0.19690000000000002,0.004300000000000001,0.0018000000000000002,0.0013,0.0,0.003,0.0341
0.0925,0.1757,0.16,0.17550000000000004,0.15889999999999999,0.1865,0.005600000000000001,0.0,0.0009,0.0003,0.0059,0.038200000000000005
0.0981,0.1734,0.16760000000000003,0.18119999999999997,0.1483,0.1806,0.0029000000000000002,0.0009,0.0,0.0006000000000000001,0.006200000000000001,0.04019999999999999
0.1146,0.18329999999999994,0.14530000000000004,0.17800000000000002,0.1454,0.1857,0.0054,0.0014000000000000002,0.0014000000000000002,0.0003,0.0014000000000000002,0.03779999999999999
0.125,0.18979999999999997,0.165,0.18900000000000003,0.12829999999999997,0.17800000000000002,0.0002,0.0001,0.0009,0.0036000000000000003,0.0001,0.02
0.1283,0.15170000000000003,0.18689999999999998,0.18710000000000002,0.15569999999999998,0.1673,0.0014000000000000002,0.0002,0.0006999999999999999,0.001,0.0002,0.0195
0.1197,0.1375,0.19349999999999998,0.17730000000000004,0.1723,0.16820000000000002,0.0003,0.0009,0.0039000000000000003,0.0,0.0001,0.0263
0.11699999999999999,0.1618,0.1581,0.1931,0.18209999999999998,0.14449999999999996,0.0004,0.0013,0.0015,0.006,0.0006000000000000001,0.0336
0.1391,0.15969999999999998,0.1589,0.2045,0.1783,0.126,0.0015000000000000002,0.0028000000000000004,0.0003,0.0006000000000000001,0.0,0.028300000000000002
0.133,0.1555,0.16949999999999998,0.185,0.18289999999999995,0.1238,0.0060999999999999995,0.0009,0.0014000000000000002,0.0,0.0004,0.041499999999999995
0.12390000000000001,0.1542,0.17679999999999998,0.20259999999999997,0.18719999999999998,0.11290000000000001,0.0002,0.0016,0.0004,0.0001,0.0,0.0401
0.1009,0.1508,0.1679,0.2052,0.1875,0.131,0.0045000000000000005,0.0003,0.0012000000000000001,0.0002,0.0003,0.050199999999999995
0.0792,0.18239999999999998,0.17110000000000003,0.19790000000000002,0.17970000000000003,0.1204,0.0022,0.0054,0.0,0.0008,0.0009,0.06
0.0836,0.19520000000000004,0.1607,0.2042,0.17450000000000002,0.1069,0.0011,0.0006000000000000001,0.0011,0.0017000000000000003,0.0,0.0704
0.07309999999999998,0.21230000000000002,0.1462,0.1846,0.175,0.1245,0.0,0.004,0.0006999999999999999,0.0002,0.0004,0.079
0.0794,0.2083,0.13749999999999998,0.20739999999999995,0.17759999999999998,0.12510000000000002,0.0012,0.0046,0.0034000000000000002,0.0003,0.0002,0.05499999999999999
0.0859,0.19799999999999998,0.1409,0.2065,0.1727,0.1309,0.0005,0.0006000000000000001,0.002,0.0005,0.0031,0.0584
0.0967,0.217,0.13119999999999998,0.20410000000000003,0.1586,0.12210000000000001,0.0017000000000000001,0.0044,0.0028000000000000004,0.0017000000000000001,0.0101,0.04959999999999999
0.08439999999999998,0.23209999999999997,0.1429,0.20559999999999998,0.14029999999999998,0.1449,0.001,0.0003,0.0,0.0001,0.0045000000000000005,0.043899999999999995
0.0756,0.23640000000000005,0.14950000000000002,0.2084,0.1496,0.15180000000000002,0.0003,0.0006999999999999999,0.0003,0.0006999999999999999,0.0058,0.0209
0.0691,0.2443,0.1419,0.2066,0.1398,0.16520000000000004,0.0001,0.0014000000000000002,0.0,0.0003,0.0012,0.0301
0.067,0.242,0.1564,0.18880000000000002,0.1306,0.1789,0.0026,0.0,0.001,0.0072,0.0,0.0255
0.0756,0.25799999999999995,0.13839999999999997,0.17190000000000003,0.1363,0.1859,0.0001,0.0009000000000000001,0.0007000000000000001,0.0058000000000000005,0.0003,0.026099999999999998
0.04390000000000001,0.2753,0.1585,0.1595,0.1563,0.1696,0.0008,0.0026,0.001,0.0015,0.0009,0.030099999999999995
0.052099999999999994,0.26549999999999996,0.1592,0.1609,0.1497,0.1707,0.0006000000000000001,0.0002,0.0,0.0,0.0002,0.0409
0.0498,0.2723,0.1417,0.1578,0.14730000000000001,0.18450000000000003,0.0038,0.0023,0.0002,0.0002,0.0,0.0401
0.0683,0.27630000000000005,0.13399999999999998,0.14750000000000002,0.16080000000000003,0.16760000000000005,0.0024000000000000002,0.0018000000000000002,0.001,0.0001,0.0003,0.03989999999999999
0.06819999999999998,0.2703,0.1404,0.1442,0.1451,0.1637,0.0011,0.004200000000000001,0.0028000000000000004,0.0003,0.0,0.059699999999999996
0.0713,0.2835,0.12619999999999998,0.1426,0.14959999999999998,0.17189999999999997,0.0037000000000000006,0.0004,0.0011,0.0002,0.0008,0.0487
0.0745,0.25809999999999994,0.14959999999999998,0.1376,0.15510000000000002,0.17989999999999998,0.0011,0.0024,0.0044,0.0004,0.0001,0.0368
0.057699999999999994,0.2608,0.1501,0.1338,0.16169999999999998,0.1795,0.0026,0.0015000000000000002,0.0011,0.001,0.0007000000000000001,0.049499999999999995
0.0664,0.2606,0.1522,0.14980000000000002,0.14170000000000002,0.18170000000000003,0.0007000000000000001,0.0037,0.0024000000000000002,0.0007000000000000001,0.0057,0.0344
0.07360000000000001,0.2629,0.1392,0.151,0.1475,0.18970000000000004,0.0039000000000000003,0.0012,0.0075,0.0004,0.0003,0.022799999999999994
0.0742,0.2589,0.126,0.1605,0.1426,0.19229999999999997,0.0036000000000000003,0.0001,0.0102,0.0019,0.0007000000000000001,0.029000000000000005
0.08239999999999999,0.233,0.13399999999999998,0.1642,0.1388,0.20429999999999995,0.0024,0.0018000000000000002,0.0006,0.0003,0.0003,0.0379
0.0909,0.2447,0.145,0.1494,0.12,0.19889999999999997,0.0055000000000000005,0.004699999999999999,0.0002,0.0005,0.0,0.04019999999999999
0.1011,0.2364,0.1411,0.1539,0.1175,0.20040000000000002,0.0016000000000000003,0.012,0.0002,0.0003,0.0072,0.028299999999999992
0.10190000000000002,0.2333,0.13979999999999998,0.16700000000000004,0.1125,0.2026,0.0055000000000000005,0.0009,0.0002,0.0,0.0001,0.036199999999999996
