0.3625;0.44;0.4952381;0.47457626;0.5148248;0.505618;0.4894434;0.4639866;0.43647236;0.41888297;0.39951575;0.3901099;0.4016227;0.4005655;0.39770722;0.3968517;0.40109035;0.39510748;0.3931083;0.4089096;0.4309912;0.45008966;0.47277936;0.49945593;0.5157398;0.53242147;0.5490962;0.5676815;0.5794989;0.5949978;0.6085666;0.62032086;0.6315369;0.6434917;0.65274644;0.66116005;0.67153025;0.6801802;0.6884914;0.6955805;0.7026417;0.7091997;0.71669734;0.7235699;0.72836965;0.7346939;0.74021953;0.7461496;0.7510787;0.7554967;0.76069486;0.7652594;0.7699402;0.77408314;0.7770853;0.78107345;0.78417265;0.7877197;0.7918066;0.79501873;0.79800177;0.8015788;0.8047449;0.80749327;0.8102815;0.8129525;0.81565905;0.8185366;0.82139426;0.8239303;0.8265896;0.82888687;0.8316742;0.83383954;0.8360078;0.8379791;0.8401787;0.8420516;0.8439335;0.84607744;0.84811366;0.8496362;0.85193443;0.8536125;0.8552304;0.85690105;0.8587056;0.8603813;0.86195636;0.8632755;0.8645302;0.8656652;0.8668575;0.8680851;0.86936367;0.87094086;0.8722352;0.87352103;0.87469685;0.8760496;0.8770817;0.87835187;0.87865835;0.8793944;0.88046795;0.88156736;0.8822649;0.8828183;0.8834356;0.8833961;0.88464314;0.88576865;0.886565;0.8876536;0.888773;0.8896932;0.89073527;0.8916601;0.8924008;0.8934044;0.8941799;0.89499015;0.8959237;0.89670753;0.8975781;0.89835894;0.89919144;0.90006244;0.9010207;0.9017199;0.9024886;0.9031575;0.90371704;0.904568;0.90536684;0.9060973;0.9068528;0.9075517;0.9081174;0.9087716;0.909408;0.90999347;0.91060466;0.91110903;0.91172147;0.91230154;0.91298443;0.9135636;0.91425;0.91478986;0.91535276;0.9159083;0.9165509;0.9170479;0.9175532;0.9181988;0.9186352;0.91910094;0.91965556;0.9202092;0.92060477;0.9210613;0.9215254;0.9220031;0.92244995;0.92293507;0.9234141;0.92387515;0.9243367;0.9247042;0.925039;0.9254461;0.9259288;0.9263263;0.9267419;0.92714727;0.9274662;0.9277878;0.9281495;0.92840683;0.92875093;0.9291905;0.9295939;0.92999274;0.93042225;0.93079686;0.93113303;0.9314854;0.93185353;0.9322034;0.9326016;0.9329391;0.93331486;0.93366367;0.93403584;0.93437713;0.93465734;0.9350141;0.93534976;0.93564755;0.9359894;0.936315;0.93667895;0.93695223;0.9372886;0.9375769;0.9379106;0.9382803;0.938587;0.93892163;0.93922967;0.93949664;0.9397876;0.94002736;0.94033545;0.9405672;0.9408662;0.94118005;0.94145155;0.941717;0.9419976;0.9422132;0.94244087;0.9426566;0.94285715;0.94313353;0.9433641;0.94359934;0.94382286;0.9440997;0.94432896;0.94456905;0.9448355;0.9450775;0.9453422;0.94555825;0.9458366;0.94610006;0.94633114;0.9465484;0.94678444;0.9469951;0.94720703;0.9474373;0.9476144;0.94782704;0.94808275;0.9482611;0.948474;0.94869614;0.9489001;0.9490782;0.94926316;0.9494706;0.9496921;0.9499221;0.95009834;0.9502657;0.9504472;0.9506198;0.95083135;0.951061;0.95127374;0.9514382;0.9516428;0.95182407;0.9520207;0.9522323;0.9523974;0.95259404;0.95275897;0.9529481;0.95312196;0.9532946;0.95348614;0.95366055;0.95380706;0.95399225;0.95416725;0.9543193;0.9544746;0.95463103;0.9545753;0.9546944;0.9548928;0.955029;0.9552184;0.95537317;0.9555331;0.95570403;0.95585954;0.95602596;0.9558331;0.9558392;0.95597625;0.9560987;0.9562282;0.9563842;0.95649856;0.95664114;0.95678276;0.9569178;0.9570444;0.9571797;0.95734394;0.9574681;0.95759887;0.9577562;0.9579033;0.95805126;0.9581767;0.95811677;0.9581334;0.9580212;0.958147;0.9582141;0.9581883;0.9583246;0.9584393;0.9585671;0.9587078;0.95882547;0.9589188;0.9590386;0.9591511;0.9592895;0.959394;0.95953405;0.9596618;0.9597773;0.9598873;0.96001124;0.9601248;0.9602218;0.96034366;0.9604648;0.9605742;0.9606877;0.960802;0.96090347;0.9609968;0.96110636;0.96122736;0.9613446;0.9614507;0.961577;0.96167594;0.9617905;0.9619029;0.96201473;0.9621071;0.96221054;0.96231765;0.9624213;0.96252304;0.96261996;0.962715;0.9627848;0.9628803;0.9629987;0.963104;0.96322095;0.96331555;0.96342313;0.96351403;0.9636099;0.96371967;0.96380913;0.96392554;0.964014;0.96412396;0.964205;0.96431893;0.9644207;0.9645244;0.96463627;0.9647362;0.9648604;0.964948;0.9650438;0.9651366;0.96523374;0.96532315;0.9653893;0.9654743;0.9655565;0.96563834;0.9657351;0.9658207;0.9659083;0.9660047;0.96609366;0.9661867;0.96627694;0.96635425;0.9664549;0.96653366;0.9666176;0.9667067;0.96679974;0.9668736;0.96696675;0.96704745;0.96712565;0.9672056;0.96729046;0.96736;0.9674218;0.9675024;0.96756583;0.9676363;0.96771795;0.9677961;0.9678769;0.96794707;0.96800566;0.9680885;0.96816283;0.96821856;0.96828425;0.96836364;0.96839505;0.9684679;0.96850395;0.9685762;0.9686353;0.9687216;0.96879876;0.96887255;0.96893734;0.9689999;0.9690757;0.9691453;0.9692118;0.96928465;0.9693496;0.96941894;0.9694861;0.96956325;0.96963626;0.969697;0.96977025;0.96978194;0.9698556;0.96992075;0.9699946;0.97006273;0.97013855;0.97017986;0.9702489;0.97028005;0.9703172;0.9703741;0.9704455;0.97052616;0.9705934;0.9706561;0.9707202;0.9707942;0.9708561;0.9709151;0.9709839;0.97104913;0.9711182;0.9711737;0.9712323;0.97129965;0.9713577;0.9714091;0.97147477;0.9715354;0.9715893;0.97164303;0.9717021;0.97176254;0.97181636;0.9718716;0.97192895;0.9719845;0.9720398;0.9720849;0.9721445;0.9722076;0.9722651;0.9723171;0.9723818;0.9724446;0.9724982;0.97255224;0.9725934;0.9725397;0.97259194;0.9725459;0.9725153;0.9725621;0.9726212;0.97262114;0.97266966;0.9727224;0.97277564;0.97282505;0.97288513;0.9729356;0.9729909;0.9730481;0.9730944;0.97315115;0.97319996;0.9732478;0.97330606;0.97335356;0.97341067;0.9734571;0.9735013;0.9735454;0.9735893;0.97363716;0.9736842;0.9737338;0.97378314;0.97383976;0.9738934;0.9739482;0.9740014;0.97405773;0.9741033;0.974148;0.97419125;0.9742448;0.97429943;0.97434086;0.9743822;0.97429776;0.9743519;0.9744045;0.97445565;0.97450215;0.9745434;0.97458637;0.97463995;0.974614;0.9745451;0.9745965;0.97456837;0.97461706;0.974668;0.9746625;0.97471815;0.9747631;0.9748128;0.97485435;0.97490555;0.97494316;0.9749879;0.97502893;0.9750758;0.9751195;0.975169;0.9752183;0.97526854;0.975311;0.9753498;0.9753995;0.97544736;0.9754955;0.9755378;0.9755822;0.97563386;0.97567505;0.97571665;0.97575986;0.97580737;0.9758502;0.9758896;0.97593105;0.97596955;0.9759616;0.97600055;0.9760432;0.9760846;0.9761209;0.976156;0.9762047;0.976245;0.97628134;0.9763208;0.9763629;0.97640157;0.9764364;0.9764802;0.9765196;0.97655666;0.9765884;0.9766311;0.9766715;0.976704;0.97673744;0.9767718;0.97681123;0.97684485;0.97688353;0.9769195;0.97696203;0.9770059;0.9770486;0.9770876;0.97712296;0.9771652;0.97719985;0.9772403;0.9772757;0.97731644;0.97732925;0.9773668;0.9773988;0.9774366;0.97746986;0.9775074;0.97754097;0.9775749;0.9776058;0.9776425;0.97767466;0.9777058;0.9777397;0.97777873;0.9778143;0.9778451;0.977862;0.9778954;0.9778848;0.9777952;0.97782665;0.9778623;0.97789776;0.97793686;0.977973;0.97800535;0.97803533;0.9780634;0.978095;0.9781316;0.9781653;0.9781962;0.97822833;0.9782586;0.9782928;0.9783301;0.97835875;0.9783891;0.97842646;0.97846234;0.97849464;0.9785281;0.9785549;0.97859305;0.9786288;0.9786636;0.9786931;0.9787221;0.97875273;0.97878414;0.97881246;0.9788458;0.9788825;0.97887623;0.97890764;0.97893345;0.9789727;0.9790038;0.9790331;0.97906446;0.9790974;0.9791327;0.9791625;0.9791939;0.9792223;0.9792527;0.9792879;0.9793165;0.9793466;0.9793758;0.9793849;0.97941476;0.97944736;0.9794811;0.9795059;0.9795378;0.9795684;0.9795954;0.97962785;0.9796653;0.9796971;0.97972256;0.97975266;0.97977793;0.97981215;0.97984505;0.9798736;0.9799021;0.97992855;0.97995573;0.97998476;0.9800114;0.98004067;0.9800668;0.9800958;0.98012704;0.9801623;0.9801855;0.98021793;0.9802425;0.9802663;0.98029107;0.9803191;0.9803434;0.98037493;0.980405;0.9804312;0.98045343;0.98047704;0.98050636;0.98053163;0.9805583;0.9805831;0.98060673;0.9806303;0.9806585;0.98068124;0.9807078;0.9807322;0.9807576;0.9807819;0.9808096;0.9808369;0.9808652;0.9808895;0.9809211;0.98094493;0.9809684;0.98099184;0.9810138;0.9810402;0.9810634;0.98108727;0.9811107;0.9811324;0.9811531;0.98115504;0.9811776;0.9811982;0.981223;0.98124576;0.9812708;0.9812925;0.9813147;0.9813376;0.9813597;0.9813628;0.9813902;0.98141515;0.98143643;0.9814642;0.98149157;0.98151433;0.98153925;0.9815619;0.9815861;0.9816112;0.9816349;0.9816598;0.98168474;0.9817089;0.9817333;0.98175615;0.98177946;0.9818037;0.98182636;0.98185015;0.9818717;0.98189443;0.9819206;0.9819426;0.9819648;0.9819846;0.98200953;0.982035;0.9820616;0.9820845;0.9821122;0.9821365;0.9821598;0.98218185;0.98220444;0.98222935;0.98225063;0.98227096;0.98228914;0.9823144;0.98233753;0.9823574;0.9823789;0.9824034;0.9824263;0.9824491;0.98246986;0.98249114;0.98239934;0.9824198;0.9824416;0.9824631;0.9824851;0.98250794;0.98253244;0.9825586;0.9825787;0.982601;0.98262125;0.9826463;0.98266923;0.9826888;0.9827057;0.98272854;0.9827488;0.982771;0.9827936;0.98281455;0.9828365;0.9828604;0.9828803;0.982898;0.9829192;0.98294145;0.9829604;0.98297983;0.9830008;0.98301965;0.9830406;0.9830622;0.9830814;0.98310405;0.98312587;0.9831468;0.9831682;0.9831882;0.9832082;0.9832297;0.98324984;0.9832702;0.9832845;0.9833039;0.98331946;0.98333776;0.9833527;0.98336995;0.98338664;0.983408;0.9834251;0.98344266;0.98346156;0.9834832;0.98349935;0.9835197;0.9835383;0.98355645;0.983571;0.98359054;0.98361063;0.9836271;0.9836455;0.98366666;0.983685;0.98370034;0.98371863;0.98373586;0.9837555;0.9837722;0.98378956;0.9838076;0.98382616;0.9838427;0.98386043;0.98387784;0.983894;0.98390967;0.9839287;0.9839457;0.9839642;0.98398405;0.9840017;0.9840193;0.9840376;0.984057;0.9840743;0.9840922;0.9841087;0.9841277;0.9841436;0.98416257;0.9841786;0.9841947;0.98421395;0.98423016;0.9842475;0.9842667;0.98428607;0.9843044;0.98432255;0.98433924;0.9843524;0.9843672;0.98438466;0.98437107;0.9843897;0.98440415;0.98442197;0.98443955;0.9844569;0.98447436;0.98449093;0.9845061;0.9845221;0.9845359;0.9845525;0.9845709;0.9845897;0.9845775;0.98459244;0.98453325;0.9844337;0.9844506;0.98446625;0.9844808;0.9845025;0.9845214;0.98454076;0.984556;0.9845706;0.98458874;0.9846101;0.9846288;0.9846428;0.9846623;0.9846793;0.9846947;0.98471063;0.9847271;0.9847431;0.984758;0.9847742;0.984734;0.9847521;0.9847669;0.98478127;0.9847986;0.9848129;0.98482895;0.98484254;0.9848587;0.9848763;0.9848923;0.98490644;0.9849081;0.98492324;0.9849398;0.98495257;0.98497075;0.9849845;0.9850012;0.985018;0.9850323;0.98504657;0.98506266;0.9850781;0.98509127;0.98510504;0.985119;0.9851341;0.9851361;0.985153;0.9851656;0.9851839;0.98519903;0.9852116;0.9852257;0.98524;0.9852537;0.98527014;0.9852845;0.9852999;0.98531765;0.9853312;0.9853455;0.9853593;0.9853755;0.9853933;0.98540723;0.9854222;0.98543745;0.98545134;
0.45833334;0.5064935;0.58064514;0.6236934;0.64343166;0.66071427;0.67597765;0.661157;0.6784661;0.6825397;0.6901914;0.715368;0.72837025;0.74603176;0.75197196;0.76460904;0.7773468;0.79175705;0.7983539;0.8090909;0.8185185;0.82554704;0.83248156;0.83825135;0.8429622;0.84929436;0.8545807;0.856203;0.85883427;0.86092716;0.8599915;0.86206895;0.865285;0.8680556;0.8710526;0.8742253;0.8762814;0.8791209;0.8799331;0.882257;0.88302606;0.8829919;0.88480246;0.8867083;0.8866609;0.8874644;0.8900946;0.8923706;0.8941051;0.89528793;0.89679074;0.898995;0.9006672;0.90282816;0.90435404;0.90640277;0.9077347;0.9091731;0.91098315;0.91239923;0.9136227;0.9148846;0.9161976;0.9175892;0.9187222;0.9199522;0.9209595;0.92209303;0.9233263;0.9244503;0.92534816;0.92638713;0.9274368;0.92840606;0.92941177;0.93037754;0.93095195;0.93187183;0.9327787;0.9335089;0.9334851;0.93421054;0.9349619;0.93567616;0.9361933;0.9366585;0.936354;0.93682474;0.9376389;0.9384053;0.9390738;0.93971074;0.94035137;0.94020444;0.9407356;0.9414025;0.94205457;0.9425458;0.9431803;0.9438896;0.94451666;0.9450804;0.9456397;0.94516575;0.94525504;0.94446504;0.9448597;0.94505095;0.9452186;0.94571155;0.94565344;0.94475526;0.94483;0.94510657;0.94563615;0.94485706;0.9442151;0.944383;0.9441035;0.94422096;0.9444145;0.9446581;0.9451968;0.9456168;0.9453637;0.94519556;0.94566107;0.9461897;0.94666;0.94695836;0.94735277;0.94772077;0.9480481;0.9484616;0.94888335;0.9492982;0.94966346;0.9500141;0.9503367;0.95075583;0.9510734;0.95140475;0.95172286;0.95204985;0.95232964;0.95266956;0.95296305;0.95326114;0.9535433;0.95384216;0.9540975;0.95438147;0.95462704;0.9549465;0.95519745;0.95548666;0.9557574;0.95604306;0.95632863;0.956607;0.9568573;0.9571359;0.95738703;0.95769596;0.95795393;0.95819557;0.9584637;0.9586963;0.9589708;0.9592166;0.9594471;0.9596811;0.95989424;0.9601022;0.9602931;0.9605527;0.96080893;0.9610561;0.96124935;0.96151614;0.96176004;0.96192455;0.9621066;0.9622923;0.96249205;0.96266085;0.96286714;0.96305317;0.96325517;0.9634197;0.96358025;0.96378887;0.96397066;0.9641483;0.9643481;0.9645101;0.9646824;0.96487164;0.9650336;0.96520996;0.9653801;0.9655172;0.9654192;0.9655926;0.96547306;0.96563375;0.9656026;0.96568936;0.96572113;0.9656964;0.9657104;0.96573305;0.96572554;0.9658791;0.9660748;0.9662006;0.9663296;0.96651614;0.96667266;0.9668317;0.96700686;0.96714336;0.9672806;0.96740913;0.9675461;0.9676988;0.96784085;0.9679871;0.96812475;0.96826667;0.96838397;0.9685164;0.9686584;0.96879387;0.9689212;0.96906817;0.9691813;0.96932924;0.9694388;0.9695609;0.9696788;0.9697974;0.9699232;0.97005117;0.9701493;0.9702769;0.9704082;0.97052276;0.97062397;0.9707507;0.9708733;0.9709888;0.9711124;0.9712111;0.9713225;0.9714359;0.97154117;0.97163266;0.9717408;0.97184813;0.9719546;0.9720617;0.97216797;0.9722707;0.9723837;0.9724957;0.9726068;0.97272104;0.9728184;0.97291243;0.97299266;0.9730972;0.97318673;0.9732898;0.9733946;0.97348595;0.9735817;0.97366923;0.97375256;0.9737437;0.9738446;0.97393495;0.97403324;0.97412235;0.974193;0.9742869;0.97438484;0.97447973;0.97457045;0.97465825;0.9747511;0.9748524;0.9749473;0.9750235;0.9751115;0.9752044;0.9752868;0.97536427;0.9754391;0.9755199;0.9756055;0.97569793;0.9757792;0.97584313;0.97592336;0.9760093;0.97609663;0.97611725;0.9762057;0.97627634;0.97635263;0.97642446;0.97648495;0.9765579;0.97663045;0.97670054;0.9767828;0.9768664;0.97694844;0.97702044;0.9770948;0.9771725;0.977245;0.97731334;0.97738767;0.9774633;0.9775376;0.97760147;0.9776641;0.97773975;0.9778016;0.9778684;0.97794;0.9780051;0.9780707;0.9781376;0.9782058;0.97828704;0.97835094;0.97840947;0.97846854;0.978225;0.9782892;0.978353;0.97841316;0.97846806;0.97853166;0.9785957;0.9786537;0.97871304;0.9787847;0.97884405;0.9789031;0.97896105;0.9790217;0.979079;0.97913295;0.9791873;0.9792498;0.9793058;0.9793736;0.9794245;0.9794944;0.9795521;0.9796014;0.9796548;0.9797145;0.9797753;0.97982925;0.9798922;0.9799512;0.98000914;0.9800598;0.9801199;0.9801714;0.9802329;0.9802913;0.9803514;0.98040026;0.98044693;0.9805034;0.98055357;0.98059815;0.9806491;0.9807018;0.98075485;0.98080957;0.9808588;0.9809091;0.9809521;0.98098785;0.9810324;0.9810805;0.9811264;0.98117656;0.98122704;0.9812748;0.9813186;0.98136646;0.9814141;0.98145604;0.981499;0.98154116;0.9815861;0.9816285;0.9816677;0.98171026;0.9817632;0.9818182;0.98186004;0.98190635;0.9819519;0.981996;0.98203135;0.9820757;0.98211527;0.98215634;0.98219615;0.9822446;0.9822862;0.9823304;0.98237103;0.9824153;0.9824605;0.98250645;0.98254526;0.9825844;0.98262227;0.98266053;0.98269546;0.98273444;0.982779;0.98281556;0.98285663;0.9828918;0.98293096;0.98296684;0.9830005;0.98303413;0.9830706;0.9831069;0.983138;0.98317707;0.9832189;0.9832551;0.983295;0.9833329;0.9833695;0.9834128;0.98344624;0.9834891;0.98352224;0.9835657;0.9836004;0.9836345;0.9836731;0.98371345;0.98374987;0.9837861;0.98382545;0.98385626;0.98388654;0.9839172;0.9839613;0.9839984;0.9840331;0.98406947;0.9841003;0.98413056;0.98416156;0.9841956;0.9842325;0.98426485;0.9842958;0.9843288;0.9843586;0.9843862;0.98441964;0.98444957;0.9844849;0.9845213;0.9845546;0.98459363;0.9846233;0.9846537;0.984686;0.9846954;0.98466957;0.9845109;0.98449343;0.98447394;0.9845009;0.9845339;0.9845684;0.98459744;0.98462844;0.9846564;0.9846823;0.98471415;0.98474544;0.98477465;0.98480886;0.9848422;0.98487175;0.9849052;0.9849345;0.98496413;0.98499405;0.9850192;0.9850443;0.98507196;0.9850999;0.98513;0.9851577;0.9850552;0.9850864;0.98501015;0.98501295;0.98504025;0.98506975;0.98509836;0.98512757;0.98515785;0.9851869;0.98521245;0.9852401;0.9852677;0.9852908;0.9853117;0.98534155;0.9853648;0.9853948;0.9854222;0.98545194;0.9854795;0.98551327;0.98554057;0.98557025;0.9855973;0.9856246;0.9856484;0.98557645;0.9855328;0.98555416;0.9855806;0.9856063;0.98563707;0.9856667;0.9856941;0.98572075;0.985747;0.98577243;0.98579574;0.98581964;0.98584414;0.9858682;0.9858982;0.98592246;0.98594695;0.9859759;0.98600316;0.98602605;0.9860482;0.98600245;0.98597836;0.98591125;0.9859334;0.98588973;0.9859142;0.98586875;0.9858905;0.985922;0.9859462;0.98596674;0.9859937;0.98602146;0.98604214;0.98606503;0.98609155;0.9861205;0.98614097;0.98617065;0.9861949;0.98621917;0.9862439;0.9862676;0.9862922;0.9863154;0.98634046;0.9863641;0.98638654;0.98640555;0.98642874;0.9864503;0.9864719;0.98649573;0.98651624;0.9865369;0.98656;0.98658204;0.98660576;0.9866291;0.98665416;0.9866754;0.9866965;0.9867213;0.9867439;0.9867663;0.9867908;0.9868181;0.9867958;0.9867947;0.9868145;0.9868359;0.9868567;0.9868749;0.9868989;0.98692006;0.9868348;0.9868538;0.98681235;0.9867716;0.9866874;0.9864376;0.986289;0.98603773;0.9859376;0.9858752;0.9856055;0.98512626;0.98475456;0.984532;0.9836874;0.9832326;0.98257184;0.9819154;0.98122233;0.98050797;0.98004436;0.9789513;0.97785425;0.97725224;0.9765528;0.9760584;0.9754444;0.97455597;0.9737056;0.9728952;0.9724323;0.97182727;0.97103786;0.9703756;0.9696324;0.9691912;0.96846116;0.9674662;0.9665827;0.9657671;0.96456546;0.963352;0.96221244;0.96129733;0.96039546;0.95903635;0.9577342;0.95641196;0.9550055;0.9533928;0.95192116;0.95049274;0.949194;0.9478033;0.9464721;0.9452215;0.94406724;0.94298595;0.9416581;0.9403138;0.93895906;0.9375326;0.9359278;0.93464994;0.9333628;0.9322021;0.9309565;0.9296063;0.9283093;0.92698056;0.92570853;0.92443997;0.92319244;0.9218433;0.9206376;0.91946995;0.91787136;0.916728;0.91544944;0.9139508;0.91257703;0.9112587;0.9097567;0.9086334;0.9070723;0.90597254;0.90465635;0.9033776;0.9023371;0.9010481;0.8998481;0.8986494;0.89740413;0.89627814;0.8952374;0.89393574;0.89268714;0.89126205;0.890184;0.888897;0.8878409;0.88660926;0.8852357;0.88391477;0.88275814;0.8816205;0.88046986;0.87901986;0.877876;0.87671924;0.8753762;0.8742103;0.872922;0.87165314;0.87049717;0.86926645;0.8680392;0.8669391;0.8656413;0.8646397;0.8633794;0.86218405;0.8610072;0.8599097;0.8587239;0.8577534;0.85649794;0.8553215;0.8542986;0.8531282;0.8518116;0.8506927;0.84950244;0.8484785;0.8473092;0.8460105;0.8448066;0.84367675;0.84248227;0.8414315;0.84045607;0.8394394;0.83846855;0.83748555;0.8365049;0.83526784;0.83422065;0.8331475;0.83211994;0.8310806;0.83010066;0.82916546;0.8282747;0.8273014;0.8262741;0.824955;0.82370996;0.8226776;0.8215784;0.8204405;0.8195684;0.81838095;0.8174719;0.8164003;0.8152493;0.8141835;0.8130796;0.8120465;0.8109214;0.8099613;0.8090844;0.80807495;0.8071082;0.8060903;0.80516833;0.80422187;0.8031448;0.8022428;0.8012371;0.8002735;0.79928917;0.7982122;0.797282;0.79617125;0.7953239;0.7944914;0.7935569;0.79258585;0.7915655;0.7907666;0.7899179;0.7889044;0.7878808;0.787102;0.7858668;0.78478765;0.78409094;0.7831176;0.78217185;0.78131634;0.78052545;0.7792983;0.77839917;0.77745235;0.7765699;0.77575135;0.7750195;0.774118;0.773317;0.77222294;0.7711882;0.77019787;0.7692344;0.7683828;0.76729053;0.7663948;0.7654891;0.7645615;0.76360005;0.76265305;0.7618278;0.7610044;0.7602422;0.75933915;0.75842637;0.75759846;0.7567134;0.7559245;0.7549495;0.75403553;0.7532405;0.7524122;0.7514811;0.7507147;0.7497646;0.74890935;0.7480868;0.7471664;0.7463973;0.74551535;0.74472684;0.7438033;0.7427912;0.7420424;0.7411481;0.7403124;0.73942226;0.7384894;0.73765963;0.736787;0.736028;0.73510367;0.734226;0.7335387;0.7326979;0.7318701;0.7310742;0.7303709;0.7297017;0.7287604;0.72784334;0.72711354;0.7263418;0.7253766;0.7246193;0.7237342;0.72291577;0.7219919;0.7211025;0.720322;0.71950066;0.7188087;0.718012;0.7170371;0.716181;0.71535844;0.7146745;0.71398133;0.7132581;0.7126408;0.7117534;0.7110035;0.710224;0.70939434;0.70858735;0.7077616;0.7070714;0.7063519;0.7055415;0.7046615;0.7038754;0.7031318;0.7021867;0.7012745;0.70049596;0.6998401;0.69916534;0.6983915;0.6976594;0.6968988;0.6962098;0.69542253;0.69460726;0.6939029;0.69306153;0.69240963;0.6915719;0.6906576;0.6900984;0.6893836;0.6886605;0.6880169;0.687355;0.68671376;0.68601567;0.6852319;0.6845561;0.68390083;0.68316996;0.682479;0.6817703;0.68104404;0.6804717;0.67981476;0.6791211;0.67838144;0.6776245;0.67685986;0.6760499;0.6753826;0.6747823;0.6739586;0.67328614;0.67257774;0.6718988;0.67101717;0.6703414;0.6696853;0.669049;0.6684139;0.66766983;0.6668634;0.6661502;0.66536564;0.66471934;0.66411966;0.6634304;0.6626432;0.66192096;0.66122735;0.660589;0.65988916;0.65928024;0.65869033;0.6581104;0.65737134;0.6565629;0.65597785;0.6552701;0.65462554;0.6539999;0.65332276;0.6525944;0.6519114;0.65120363;0.6505932;0.6499318;0.6492283;0.6486389;0.6480679;0.6472822;0.6467652;0.6460256;0.6452877;0.6445942;0.6439961;0.6432969;0.6426332;0.6420133;0.641293;0.64070946;0.64008486;
0.59090906;0.57894737;0.5840708;0.63366336;0.6821918;0.6736597;0.70647776;0.71708184;0.7285714;0.74712646;0.7564433;0.7689615;0.78223187;0.7962227;0.8014774;0.8032929;0.8088353;0.81130636;0.810534;0.81198347;0.81883585;0.8259236;0.8327402;0.8360656;0.8367904;0.84031415;0.84218436;0.84317523;0.8457922;0.84920275;0.8516215;0.8554165;0.8593028;0.8630807;0.86690366;0.870683;0.8743475;0.8777657;0.88091874;0.8839931;0.8866846;0.8892904;0.89177907;0.89422476;0.8963077;0.89882916;0.9009115;0.90293777;0.90474844;0.9066999;0.90872157;0.9105389;0.91203344;0.91381073;0.91539043;0.91676956;0.91810447;0.91951275;0.920892;0.9220088;0.92332196;0.9244395;0.9256235;0.9269614;0.9281603;0.9291719;0.93015546;0.9313506;0.9324785;0.93346494;0.9344995;0.93541586;0.936343;0.9373373;0.9382558;0.9391587;0.9399394;0.9408149;0.94160455;0.94218564;0.9429104;0.94362664;0.9443159;0.94492567;0.9455661;0.94616616;0.94676983;0.9474095;0.9479778;0.9486202;0.9492699;0.9498064;0.9503609;0.95098895;0.95148987;0.9519601;0.95252186;0.95293295;0.9533435;0.9537786;0.95427406;0.954753;0.9551862;0.9555643;0.95603967;0.9564993;0.9569384;0.9573147;0.9577058;0.9580846;0.95844126;0.9587768;0.9591019;0.9594757;0.9598283;0.9601937;0.9604692;0.96076375;0.96107644;0.96144605;0.961735;0.96204525;0.96238;0.9626841;0.96297514;0.9632337;0.9635321;0.9638412;0.9641832;0.96444774;0.964181;0.9645081;0.9648401;0.9650664;0.9653214;0.96556586;0.9658171;0.9660512;0.9662522;0.96648043;0.96672827;0.96698844;0.96725076;0.96751213;0.9677206;0.9679505;0.9681564;0.9683363;0.9685315;0.9687557;0.9689824;0.9692114;0.9694151;0.9695973;0.96978533;0.96998155;0.9701857;0.970364;0.9705071;0.97068906;0.97089607;0.97109044;0.9712533;0.9714262;0.9716159;0.97182864;0.971997;0.9721521;0.9723189;0.9724992;0.9726597;0.97284204;0.97302836;0.97317857;0.972893;0.97304416;0.97320396;0.9733741;0.973518;0.97367424;0.9738208;0.9739716;0.9741379;0.9742718;0.97439104;0.97451854;0.97464293;0.97478807;0.97492075;0.97505736;0.9751553;0.97525775;0.9753855;0.9755102;0.9756371;0.97574407;0.97587854;0.97600496;0.9761251;0.97622466;0.9763346;0.9764387;0.97656095;0.9766694;0.9767768;0.9769047;0.97699934;0.97710675;0.9771998;0.97731715;0.97743046;0.9775252;0.9776407;0.9777323;0.97784007;0.9779244;0.97802615;0.97814345;0.97823507;0.97833395;0.97844666;0.97854894;0.9786372;0.9787286;0.9788257;0.97893465;0.9790311;0.97911793;0.97920525;0.97929436;0.97938025;0.9794751;0.9795571;0.97964674;0.979725;0.9798132;0.9799018;0.97998387;0.98006874;0.98015624;0.98023516;0.98031116;0.9803866;0.9804736;0.98055756;0.9806387;0.98070955;0.98078305;0.9808655;0.98093987;0.98101574;0.9810952;0.9811668;0.98123384;0.98126376;0.9813419;0.98142827;0.981507;0.9815763;0.98164606;0.9817163;0.9817783;0.98169243;0.9817787;0.9818613;0.98193485;0.98199767;0.9820655;0.9821274;0.98218894;0.9822509;0.98230267;0.982363;0.9824369;0.98249626;0.9825691;0.9826344;0.98270524;0.9827713;0.9828293;0.98287773;0.9829424;0.98299843;0.98306876;0.9831329;0.9831933;0.98324126;0.9833017;0.983353;0.98340094;0.98345786;0.9835252;0.9835951;0.983653;0.98370373;0.98374885;0.9838094;0.9838732;0.98392767;0.98399055;0.9840529;0.98410547;0.98415273;0.98420393;0.9842562;0.98431164;0.98435205;0.98439926;0.9844502;0.98449683;0.9845451;0.98459655;0.98464626;0.984701;0.98474276;0.98479414;0.9848439;0.9848953;0.9849483;0.98499316;0.9850391;0.9850841;0.9851276;0.9851727;0.9852138;0.98505276;0.98485225;0.98477095;0.98481077;0.9848604;0.9849016;0.98494506;0.98499817;0.9850374;0.9850801;0.98512137;0.98516476;0.98520494;0.98525023;0.9852179;0.98526347;0.98530173;0.98534095;0.985391;0.9854327;0.9854729;0.98551184;0.985559;0.98559856;0.98564297;0.9856876;0.9857243;0.98576456;0.9858014;0.98584235;0.9858858;0.98592895;0.9859692;0.98600763;0.9860516;0.9860969;0.98613834;0.9861706;0.9862121;0.9862456;0.9862799;0.9863187;0.98635876;0.9863961;0.98642665;0.98639405;0.9861692;0.9859124;0.9859571;0.9858535;0.9858251;0.98586404;0.9859033;0.9859393;0.9859721;0.9860012;0.9860417;0.9860745;0.9861141;0.98615295;0.98619545;0.9862295;0.9862706;0.98630524;0.9863401;0.98637396;0.98641086;0.9863712;0.9863336;0.9863676;0.9861972;0.98623174;0.9862662;0.9862976;0.98626447;0.9862995;0.9863316;0.98637134;0.98641086;0.9864369;0.98647016;0.9865068;0.9865411;0.9865734;0.9866055;0.9866344;0.9866689;0.98670316;0.98674345;0.9867765;0.98681027;0.98684514;0.9868747;0.9869096;0.9869419;0.9869752;0.9870021;0.98703265;0.98706925;0.98710525;0.9871336;0.9871668;0.9871942;0.9872242;0.9872545;0.9872867;0.9873183;0.98734814;0.9873767;0.9874082;0.9874404;0.98746735;0.9875019;0.9875344;0.9875602;0.98758394;0.98761755;0.98764294;0.98767096;0.9876969;0.98772687;0.9877519;0.9877786;0.9878082;0.987834;0.9878618;0.9878859;0.98791534;0.9879428;0.98796725;0.9879884;0.9880138;0.988038;0.9880639;0.988091;0.9881205;0.9881467;0.9881773;0.9882029;0.98822874;0.9882552;0.98828524;0.988307;0.9883334;0.98835933;0.9883875;0.9884162;0.9884398;0.9884646;0.98848474;0.98850936;0.9885358;0.98856187;0.98858035;0.98860294;0.9886267;0.98865074;0.98867565;0.9886953;0.98871875;0.9887408;0.9887609;0.9887841;0.98880833;0.9888332;0.9888554;0.98888;0.98890114;0.9889225;0.98894525;0.9889704;0.988993;0.9890179;0.98904175;0.9890632;0.98908925;0.9891096;0.98912954;0.98915386;0.98917395;0.98919487;0.98921365;0.9892352;0.9892599;0.9892799;0.98930097;0.98932564;0.9893513;0.98936987;0.98938525;0.98940253;0.989422;0.9894436;0.989469;0.98949206;0.9895134;0.98953384;0.989555;0.98957473;0.98959273;0.9896177;0.989638;0.98965794;0.98967856;0.9896968;0.9897152;0.98973405;0.98975444;0.9897724;0.98978996;0.98981345;0.98983043;0.98985195;0.9898718;0.9898921;0.9899134;0.9899328;0.9899541;0.98997337;0.9899936;0.99001163;0.99003315;0.99005085;0.99006975;0.9900905;0.9900837;0.99010265;0.99007386;0.990091;0.9901094;0.9901279;0.99014324;0.9901612;0.990179;0.9901989;0.99021477;0.9902317;0.9902484;0.99026495;0.9902836;0.990301;0.9903195;0.9903375;0.99035424;0.99037045;0.9901747;0.9901926;0.9902095;0.99022424;0.99024266;0.99026006;0.99027646;0.9902922;0.9903092;0.99032384;0.990339;0.99035716;0.99037457;0.99038863;0.9904037;0.99042165;0.99044067;0.99045694;0.99047315;0.99048996;0.99050474;0.99051625;0.9905303;0.9905452;0.99056345;0.9905778;0.9905951;0.9906066;0.99062294;0.9906378;0.99065506;0.9906712;0.99068564;0.9906098;0.99062663;0.99061894;0.99063563;0.9906305;0.9906482;0.99066;0.99067366;0.9906889;0.9907011;0.99071544;0.9907328;0.99074745;0.99076575;0.99077827;0.9907918;0.99080485;0.9908213;0.9908383;0.99085337;0.99086887;0.9908837;0.9908991;0.99091065;0.9909232;0.99093866;0.99095345;0.99096704;0.9909817;0.99099755;0.9910106;0.99102366;0.9910384;0.9910515;0.9910669;0.99108124;0.99109524;0.99111104;0.99112415;0.9911387;0.9911523;0.99116343;0.9911781;0.9911908;0.9912041;0.9912189;0.9912319;0.99124724;0.9912583;0.9912721;0.9912865;0.9913002;0.99131423;0.9913273;0.99134314;0.9913572;0.99136746;0.9913795;0.9913929;0.9914078;0.9914201;0.9914342;0.99144536;0.9914575;0.99147034;0.9914843;0.99149704;0.991509;0.99152166;0.99153376;0.99154586;0.99155873;0.99157274;0.9915852;0.991597;0.9916095;0.9916222;0.9916341;0.99164635;0.9916594;0.9916734;0.9916859;0.9916971;0.9917092;0.9917209;0.99173373;0.99174577;0.9917572;0.9917679;0.99177945;0.99179244;0.99180424;0.99181587;0.9918278;0.9918408;0.99185276;0.99186426;0.99187475;0.99188685;0.99187976;0.991871;0.99188256;0.9918545;0.99178773;0.9917815;0.991792;0.99180514;0.9918172;0.991829;0.99183893;0.9918491;0.9918607;0.9918736;0.9918851;0.9918975;0.9919103;0.9919229;0.9919347;0.99194634;0.9919568;0.99196833;0.99197805;0.99198896;0.9919997;0.99201053;0.9920226;0.9920335;0.9920441;0.9920572;0.99206567;0.99207765;0.9920879;0.9920986;0.9921085;0.9921179;0.9921283;0.9921392;0.99214953;0.9921594;0.99216956;0.992179;0.9921906;0.9922018;0.99221295;0.9921156;0.99212813;0.9921383;0.99214965;0.99216026;0.9921694;0.9921792;0.99218905;0.9921998;0.9922115;0.99221987;0.99208754;0.99209756;0.992107;0.99211735;0.99212587;0.99213576;0.9921481;0.992158;0.9921689;0.99217826;0.9921889;0.99219847;0.9922086;0.99221873;0.9922299;0.9922409;0.9922504;0.9922618;0.9922721;0.9922803;0.99229115;0.99230236;0.9923129;0.99232274;0.9923336;0.9923447;0.99235433;0.99236405;0.9923715;0.99238056;0.99239075;0.9924001;0.9924091;0.99241996;0.99242955;0.99243975;0.9924512;0.99246037;0.9924697;0.9924789;0.99248767;0.9924971;0.99250656;0.99251544;0.9925246;0.9925327;0.99254096;0.9925497;0.99255884;0.9925679;0.99257624;0.9925852;0.9925942;0.99260443;0.99261415;0.9926226;0.9926307;0.99262244;0.9926316;0.9926411;0.9926518;0.9926616;0.9926702;0.9926623;0.9926715;0.9926792;0.9926876;0.992697;0.99270505;0.99271435;0.99272287;0.9927327;0.99274194;0.99275047;0.992758;0.99276537;0.99277484;0.9927842;0.99279404;0.9928031;0.9928119;0.9928213;0.9928298;0.99284065;0.9928506;0.9928589;0.99286616;0.9928753;0.9928839;0.9928907;0.99289954;0.99290925;0.9929184;0.99292684;0.9929349;0.99294335;0.99295175;0.99296176;0.9929704;0.99297714;0.99298644;0.9929958;0.99300444;0.9930133;0.99302167;0.9930293;0.9930381;0.99304605;0.9930548;0.99306464;0.9930732;0.9930831;0.9930921;0.9930998;0.99310654;0.99311465;0.99312294;0.993131;0.9931384;0.9931454;0.993153;0.9931611;0.99316746;0.9931748;0.99318355;0.9931915;0.99319917;0.9932063;0.9932155;0.993223;0.9932304;0.9932396;0.99324673;0.9932549;0.9932612;0.99326915;0.99327666;0.9932839;0.99329174;0.993298;0.993305;0.99331236;0.993186;0.9931941;0.99320084;0.9932085;0.99321604;0.99322414;0.99323106;0.99323875;0.9932461;0.99325365;0.9932619;0.99327034;0.99327767;0.9932851;0.99329364;0.9933001;0.9933084;0.993316;0.9933239;0.9933311;0.9933384;0.99334604;0.9933524;0.993359;0.9933668;0.99337584;0.99338305;0.99338996;0.9932807;0.9932876;0.9932949;0.99330187;0.99330837;0.99330145;0.9933086;0.9933159;0.99332356;0.99328685;0.9932792;0.9932288;0.99313545;0.99313;0.9931378;0.99314404;0.99312234;0.9931003;0.99310696;0.9931002;0.9931068;0.99311393;0.9931222;0.99312884;0.993137;0.9931442;0.9931508;0.9931579;0.9931668;0.9931743;0.9931812;0.99318886;0.9931969;0.9932031;0.9932111;0.99321866;0.99322486;0.9932317;0.9932391;0.99324644;0.99325395;0.9932603;0.993269;0.9932771;0.9932832;0.9932919;0.9932999;0.9932927;0.99330014;0.9933075;0.9933143;0.99331975;0.9933259;0.99333334;0.99334055;0.99334776;0.9933549;0.9933627;0.993369;0.993377;0.99338424;0.9933904;0.9933966;0.99340373;0.9934109;0.9934172;0.9934238;0.9934305;0.9934365;0.99344313;0.9934511;0.9934567;
0.4698795;0.4713376;0.49122807;0.5179153;0.53608245;0.5539112;0.5989011;0.625;0.658606;0.68414325;0.6997636;0.7164667;0.73427993;0.7516588;0.7697715;0.78436214;0.7975271;0.80749446;0.8183079;0.8278581;0.8359424;0.8443256;0.85105175;0.85504085;0.8587806;0.86098653;0.86490387;0.8689208;0.868386;0.86885244;0.87218046;0.87606317;0.87966967;0.88417864;0.88708484;0.8898488;0.89232934;0.895313;0.89776146;0.90026075;0.9027027;0.9049394;0.9071602;0.90909094;0.9110982;0.9131175;0.9147632;0.9169381;0.9187467;0.92020863;0.9216991;0.9234234;0.9247603;0.9258721;0.9274366;0.9286048;0.9298004;0.9309255;0.9321508;0.9333914;0.93440515;0.93544304;0.93639576;0.9375255;0.93852955;0.9393459;0.94028103;0.9411425;0.9420235;0.94288915;0.94355285;0.9444142;0.9452104;0.9459364;0.9466713;0.94726866;0.9480034;0.94866633;0.9493294;0.9500408;0.9506849;0.9513204;0.9519548;0.9525287;0.95311064;0.9535801;0.9541023;0.95459265;0.9550859;0.9556522;0.95611644;0.95658344;0.95705265;0.9575;0.95788604;0.958373;0.95875454;0.95914555;0.9595131;0.9599162;0.96034217;0.96072394;0.961133;0.9615046;0.9618929;0.9621802;0.9625092;0.96282345;0.96315914;0.9629851;0.96329623;0.96347195;0.9638456;0.9641705;0.96447337;0.96482694;0.9651345;0.96544445;0.96568084;0.96600723;0.9662397;0.9664907;0.9667664;0.96699566;0.9672804;0.9675094;0.9677954;0.9680271;0.96822965;0.96849674;0.9687123;0.9689342;0.9691927;0.96941686;0.96962893;0.9698351;0.9700789;0.97029895;0.9705409;0.9707542;0.9709915;0.97118235;0.9713707;0.97159296;0.9717914;0.97195923;0.97215754;0.9723531;0.9725532;0.97273606;0.9729094;0.9731132;0.97329557;0.9734619;0.97363514;0.973773;0.97393125;0.974079;0.9742571;0.97442645;0.9745499;0.9747093;0.9748565;0.974996;0.97515774;0.97532135;0.97548866;0.97562504;0.9757486;0.9758989;0.9760253;0.976185;0.97633904;0.9764608;0.9765937;0.9767216;0.976855;0.9767562;0.9768914;0.97694504;0.97683734;0.97674584;0.9765045;0.9762058;0.9759886;0.975755;0.97533476;0.97549534;0.97526133;0.975407;0.9753929;0.97512674;0.97523534;0.97536814;0.9754862;0.9755917;0.97525746;0.97540057;0.9753936;0.9754973;0.97561777;0.97570693;0.97582215;0.975941;0.9760587;0.9761508;0.97628003;0.9763839;0.9765107;0.9766317;0.9767529;0.976857;0.9769873;0.97710204;0.9771835;0.9772866;0.97740525;0.9775308;0.9776335;0.97773254;0.97782415;0.97792155;0.97802585;0.9781112;0.9782112;0.97831917;0.9784123;0.97850335;0.97858626;0.9786746;0.97877073;0.9788696;0.9789497;0.97903633;0.9791281;0.97921556;0.97929883;0.9793803;0.97946453;0.97954357;0.979565;0.97964865;0.97972935;0.97981495;0.9798922;0.9799635;0.9800439;0.9801215;0.98020273;0.98027605;0.9803498;0.98042303;0.9805008;0.98057896;0.98066455;0.9807444;0.9808187;0.9807199;0.9804853;0.9802464;0.9795608;0.9796352;0.9796576;0.9797331;0.9798101;0.9797839;0.97986513;0.9799367;0.9799685;0.980002;0.9799287;0.9799582;0.97982347;0.97990143;0.9799798;0.980047;0.98011565;0.97999716;0.9800674;0.98013055;0.9802008;0.9802697;0.980338;0.980415;0.9804778;0.98054564;0.9806112;0.9806728;0.9807322;0.9807912;0.98086125;0.98092383;0.98099375;0.9810606;0.9811202;0.9811845;0.98124415;0.9813042;0.9813673;0.9814348;0.9814986;0.9815644;0.9816281;0.981685;0.9817423;0.98180085;0.9818575;0.9819075;0.9819611;0.9820113;0.98206735;0.98211926;0.9821747;0.9822192;0.98227626;0.9823299;0.9823781;0.9824356;0.98249346;0.98254365;0.98260146;0.98265105;0.9827075;0.98275226;0.9828017;0.98284876;0.9828858;0.9829393;0.9829994;0.9830508;0.98311216;0.9831731;0.9832308;0.98328424;0.98333;0.98337424;0.9834228;0.9834652;0.9835107;0.98355585;0.9836117;0.9836595;0.9837108;0.98374486;0.9837888;0.9838343;0.9838877;0.9839277;0.98389864;0.98394275;0.98399454;0.9840466;0.98408866;0.98409;0.9841401;0.98417866;0.9842264;0.9842716;0.9843194;0.9843675;0.984413;0.9844588;0.9844958;0.984535;0.98457724;0.984626;0.9846656;0.98470384;0.9847419;0.9847776;0.9848208;0.9848653;0.9849047;0.98494446;0.9849883;0.9850313;0.98507094;0.9851088;0.9851532;0.98519063;0.98522633;0.9852608;0.98530024;0.98533744;0.9853785;0.9854158;0.9854524;0.9854933;0.9855301;0.9855315;0.9855679;0.98560417;0.9856417;0.98567855;0.98571575;0.9857513;0.98568076;0.9857128;0.98574907;0.98579085;0.9858304;0.9858623;0.9858913;0.98586535;0.98590255;0.98593855;0.9859753;0.9860133;0.98604697;0.98608;0.986112;0.9861425;0.9861729;0.98620045;0.98624074;0.9862729;0.9863018;0.98633456;0.9863675;0.98639953;0.98643476;0.9864626;0.98649454;0.9864657;0.98649704;0.9865292;0.98656315;0.9865941;0.9866282;0.986665;0.98669386;0.98671883;0.98674786;0.98678035;0.98680305;0.98683167;0.98686093;0.98688936;0.98692155;0.9869548;0.9869824;0.98701143;0.9870411;0.9870718;0.98709965;0.98712856;0.98715734;0.98718786;0.98721373;0.98724324;0.9872692;0.9873;0.98732466;0.98735106;0.9873814;0.9874109;0.98743695;0.98746914;0.98750144;0.9875275;0.987557;0.9875846;0.9876124;0.9876316;0.9876582;0.98768395;0.98771137;0.98773617;0.98776263;0.9877855;0.98780835;0.9878338;0.9878551;0.9878793;0.98790413;0.9879292;0.9879579;0.98798436;0.9880058;0.9880281;0.9880537;0.9880768;0.9880985;0.9881202;0.9881483;0.98817426;0.9881986;0.9882231;0.9882478;0.9882705;0.9882954;0.9883179;0.9883403;0.98836833;0.9883921;0.9884118;0.9884345;0.98845524;0.9884772;0.98850054;0.98852134;0.9885445;0.98856276;0.9885837;0.9886075;0.9886274;0.98864806;0.9886707;0.9886954;0.9886896;0.9887118;0.9887365;0.98876053;0.9887816;0.9888022;0.98882824;0.9888525;0.9888743;0.9888949;0.98891765;0.9889398;0.988959;0.9889773;0.9889978;0.9890174;0.9890383;0.9890594;0.98908013;0.98909974;0.9891217;0.9891425;0.9891621;0.98918295;0.9892035;0.9892234;0.9892409;0.98926044;0.98927563;0.9892934;0.9893109;0.98932993;0.9892993;0.98932034;0.9893374;0.98935807;0.98937654;0.9893965;0.9894144;0.98943216;0.98945117;0.9894709;0.98948926;0.98950905;0.98953134;0.98954946;0.98956907;0.98959035;0.9896135;0.98963284;0.9896494;0.9896686;0.98968923;0.9897105;0.9897288;0.9897477;0.98976654;0.9897863;0.9898065;0.9898038;0.989587;0.9896069;0.9896222;0.9896413;0.9896603;0.98967516;0.98969287;0.98971146;0.98973095;0.9897468;0.9897647;0.9897849;0.98980504;0.98982483;0.98984414;0.9898617;0.98987854;0.9898955;0.9899141;0.9899312;0.98994964;0.98996776;0.9899833;0.9899975;0.99001527;0.9900316;0.9900479;0.99006474;0.99008226;0.9900986;0.99007;0.9900869;0.9900394;0.9900548;0.99006975;0.99008703;0.99009836;0.9901123;0.9900612;0.98994744;0.9899659;0.9899821;0.9899987;0.9900137;0.99003017;0.9900481;0.9900398;0.99005795;0.99007463;0.9900879;0.99010265;0.9901192;0.99013424;0.9901495;0.9901424;0.9901605;0.99017626;0.9901917;0.99020815;0.99017984;0.99013215;0.99014926;0.99016297;0.9901773;0.99014944;0.9901646;0.990179;0.9901936;0.990145;0.99016064;0.9901787;0.9901934;0.99020934;0.99022436;0.99023896;0.9902529;0.9902682;0.99028367;0.99029905;0.990315;0.9903319;0.99034697;0.990363;0.99029464;0.9903077;0.99032176;0.99033374;0.99034786;0.9903626;0.990378;0.990391;0.99040735;0.990423;0.99043804;0.99045014;0.99046624;0.9904794;0.99049413;0.9905072;0.99052405;0.9905405;0.9905563;0.99057204;0.990587;0.9906015;0.99061394;0.9906286;0.9906439;0.99065936;0.9906735;0.99068844;0.9907018;0.99071705;0.99073154;0.9907481;0.99076164;0.99077475;0.9907896;0.9908026;0.99081594;0.9908294;0.990842;0.9908536;0.9908656;0.99088067;0.9908934;0.990907;0.99091953;0.9909329;0.99094737;0.9909596;0.99095297;0.9909695;0.99098146;0.9909927;0.99100375;0.9910165;0.9910294;0.99104285;0.9910555;0.99107045;0.9910825;0.9910968;0.9911088;0.9911206;0.991133;0.99114615;0.99115896;0.9911703;0.99118304;0.9911945;0.99120456;0.99121547;0.99122804;0.99123985;0.991251;0.9912635;0.99127597;0.99128956;0.99130183;0.9913148;0.99132735;0.99134135;0.9913527;0.9913646;0.9913765;0.9913912;0.99140394;0.99141645;0.9914279;0.99134874;0.9913609;0.99137187;0.99138147;0.9913915;0.9914012;0.9914122;0.9914234;0.99143517;0.9914457;0.9914568;0.99146813;0.99147934;0.9914888;0.9915025;0.9915133;0.9915251;0.99153763;0.99154925;0.9915632;0.9915743;0.9915837;0.99159545;0.9916065;0.99161524;0.9916253;0.9916357;0.99164623;0.9916034;0.99159765;0.9915742;0.9914468;0.9914074;0.99142003;0.9913289;0.99132425;0.99130017;0.991313;0.991324;0.9913348;0.9912785;0.9912903;0.9912172;0.9911771;0.9911701;0.99108005;0.99105704;0.9910003;0.9909292;0.9908549;0.99086636;0.990809;0.9907544;0.99073344;0.99071;0.99072057;0.99069893;0.99070966;0.99071896;0.99067914;0.99063957;0.99055016;0.9905609;0.9905732;0.99058527;0.9905956;0.990608;0.99061996;0.9906311;0.99059385;0.990587;0.990596;0.9905752;0.990553;0.9905331;0.99044627;0.99042606;0.9903876;0.99036485;0.9902456;0.99017596;0.98999125;0.9899039;0.9898494;0.98982894;0.9898418;0.98973984;0.9897353;0.9897479;0.9897108;0.9897224;0.9897323;0.9897268;0.9897362;0.98974884;0.9897272;0.98973787;0.98971754;0.9896504;0.98963064;0.98961216;0.9896108;0.98957425;0.9895858;0.9896002;0.98961395;0.98962575;0.9896239;0.9896376;0.98964983;0.9896614;0.98967403;0.98968863;0.98970026;0.98971295;0.9897258;0.98973876;0.9897509;0.9897634;0.9897751;0.9897882;0.98979926;0.98980933;0.9898217;0.98983485;0.989846;0.98986006;0.98987114;0.9898825;0.98989415;0.98990536;0.9899176;0.9899305;0.9899415;0.98995346;0.98996556;0.9899776;0.9899907;0.99000335;0.99001426;0.99002457;0.9900338;0.99004525;0.9900567;0.9900681;0.9900787;0.9900914;0.9901026;0.99011445;0.9901253;0.99013716;0.99015015;0.9901609;0.9901719;0.99018276;0.99019504;0.9902048;0.99021447;0.9902262;0.99023753;0.9902481;0.9902582;0.99027044;0.9902831;0.99029267;0.99030226;0.990314;0.990325;0.99033576;0.9903482;0.99035853;0.99037;0.990379;0.9903901;0.99040174;0.99041307;0.99042475;0.9904341;0.99044454;0.9904542;0.9904656;0.9904763;0.99048555;0.9904968;0.99050766;0.99051833;0.9905302;0.9905396;0.9905498;0.9905578;0.99056673;0.9905774;0.99058545;0.99059474;0.9906033;0.9905996;0.99060917;0.99061936;0.9906294;0.9906388;0.99064785;0.9906571;0.9906669;0.9906764;0.9906864;0.99069667;0.99070615;0.990717;0.9907272;0.99073684;0.99074674;0.9907562;0.99076474;0.9907752;0.9907845;0.99079573;0.9908034;0.99081343;0.99082315;0.9908336;0.99084175;0.9908523;0.99086004;0.99087095;0.99087954;0.9908901;0.9908993;0.99091095;0.9909205;0.9909287;0.9909387;0.9909497;0.9909581;0.9909675;0.99097556;0.9909835;0.9909942;0.99100465;0.99101543;0.9910239;0.9910334;0.9910441;0.99105287;0.9910627;0.99107194;0.99108076;0.9910893;0.9910988;0.9911084;0.99111766;0.99112636;0.99113387;0.9911439;0.9911526;0.99116135;0.99116987;0.99117875;0.9911862;0.9911955;0.99120545;0.9912149;
0.35211268;0.5448276;0.6380091;0.6822742;0.73097825;0.7597254;0.77952754;0.80139375;0.82542115;0.84531885;0.8580247;0.8594104;0.85919833;0.86001915;0.86396396;0.86985725;0.8756972;0.88100684;0.8863802;0.891516;0.8972332;0.9015151;0.9056832;0.9089855;0.91183037;0.9145299;0.9179908;0.91984165;0.92245096;0.9226135;0.92468804;0.92467535;0.925755;0.9269984;0.92893803;0.9306626;0.9307116;0.93186814;0.93297875;0.9346473;0.93556005;0.93717104;0.9381443;0.9388331;0.9403122;0.94163424;0.9422626;0.9430052;0.9440678;0.9444137;0.9450609;0.9459819;0.94702506;0.94704527;0.9481203;0.9491525;0.94911987;0.94969153;0.9504305;0.9511692;0.9516745;0.9521921;0.95126706;0.9513236;0.9513889;0.95073485;0.95112014;0.949649;0.948723;0.9471323;0.9466384;0.94415;0.9423292;0.9428624;0.9425976;0.94232494;0.9430995;0.94372594;0.94314265;0.9430563;0.9437919;0.94445366;0.9445353;0.94525194;0.94595027;0.94659734;0.947262;0.9478381;0.948394;0.9489765;0.94956857;0.95006627;0.9506047;0.95119494;0.9517438;0.95224005;0.9528118;0.9533122;0.95377064;0.954251;0.9547457;0.95521206;0.95563406;0.9560767;0.9565552;0.9570723;0.95750284;0.9578987;0.95830256;0.9586938;0.9590777;0.9594206;0.95972914;0.9600283;0.9603926;0.9607002;0.9610524;0.9613983;0.9617036;0.9620338;0.962371;0.96270216;0.9630518;0.96335137;0.9636227;0.96389776;0.9641952;0.9644244;0.9646728;0.9649286;0.9651915;0.9654364;0.9657021;0.9659536;0.9662317;0.9664689;0.9667092;0.96693003;0.9671671;0.96736306;0.9675908;0.9678093;0.96804297;0.9682733;0.9684886;0.96870387;0.96890193;0.9691172;0.96932125;0.96951437;0.9697105;0.9698881;0.97009;0.970284;0.9704395;0.97060096;0.97080857;0.97100335;0.9711931;0.9713755;0.9712031;0.97137374;0.97154945;0.9717207;0.9718875;0.9720593;0.97223794;0.97238994;0.9725666;0.9727063;0.9728875;0.97307694;0.9732282;0.9734088;0.9735849;0.9736499;0.9738204;0.97394925;0.9740925;0.9742746;0.9744124;0.97455996;0.974704;0.97484094;0.9749891;0.9751049;0.97523934;0.97537756;0.9754933;0.9756322;0.9757627;0.97589517;0.9760195;0.97613263;0.97626275;0.976385;0.976514;0.9766336;0.9767458;0.9768724;0.9769992;0.9771079;0.977217;0.9773162;0.9774056;0.97752076;0.97764057;0.9777476;0.97785217;0.9779487;0.9780598;0.97816426;0.97825265;0.9783607;0.9784461;0.978551;0.97866666;0.9787825;0.978875;0.97895765;0.97904736;0.97913885;0.97924834;0.9793356;0.9794455;0.97953963;0.9796257;0.97971815;0.9798075;0.979883;0.9799674;0.9800487;0.98011905;0.9802117;0.9803012;0.9803966;0.9804778;0.9805639;0.98062515;0.98070884;0.9807982;0.9808825;0.98096925;0.9810427;0.9811238;0.9809196;0.9810099;0.98109424;0.9811738;0.98124564;0.98131394;0.9814065;0.98149425;0.98155975;0.9816422;0.98171914;0.9817859;0.9818626;0.9819414;0.9820066;0.9820778;0.9821456;0.9822102;0.98227525;0.98234254;0.9824128;0.98248434;0.98254216;0.9826074;0.9826113;0.98267925;0.9827467;0.9828027;0.9828734;0.9829302;0.98299074;0.9830508;0.9831146;0.9831731;0.983248;0.9833119;0.9833729;0.98343116;0.9834882;0.98355186;0.983595;0.9836548;0.98371106;0.9837783;0.98383224;0.9837589;0.98382586;0.98350996;0.98355126;0.9836066;0.9836585;0.9837101;0.98376215;0.9838124;0.9838594;0.9839198;0.9839762;0.98402584;0.98407936;0.9841305;0.9841785;0.98423445;0.98428386;0.9843411;0.98438853;0.9844484;0.9844965;0.98453695;0.98458385;0.9846389;0.98469496;0.98469603;0.9847457;0.9847912;0.9848402;0.9848909;0.9849399;0.98497736;0.98502153;0.9850691;0.9851096;0.98515296;0.9852052;0.98524976;0.9852959;0.9853364;0.9853702;0.9854097;0.98545194;0.9855026;0.98554546;0.9855499;0.98559064;0.9856465;0.9856889;0.9857193;0.98575747;0.98579866;0.9858447;0.985887;0.98592913;0.985977;0.9860229;0.98606205;0.98610204;0.9861334;0.98613596;0.9861697;0.98621005;0.98624545;0.98628074;0.9863163;0.98634607;0.9863818;0.9864179;0.9864578;0.9864965;0.986534;0.9865717;0.9866078;0.98664564;0.98668617;0.9867221;0.98676217;0.9867915;0.986825;0.9868597;0.98689705;0.98693043;0.98696417;0.9869995;0.9870375;0.9870702;0.9871073;0.9871423;0.98717767;0.9872164;0.9872531;0.9872847;0.9873162;0.9873528;0.98738825;0.9874227;0.98745435;0.987488;0.9875214;0.9873136;0.98734176;0.9873758;0.9874114;0.9874446;0.9874721;0.9874739;0.9874702;0.9875017;0.9875343;0.9875675;0.9875952;0.9876265;0.98766005;0.98769385;0.9877234;0.9877536;0.9877861;0.9878168;0.9878462;0.9878786;0.98791313;0.9879448;0.9879755;0.9880045;0.9880326;0.98805904;0.98808914;0.98812175;0.9881489;0.9881805;0.9882089;0.9882368;0.9882664;0.98829365;0.98832697;0.9883572;0.98838586;0.9884122;0.98843807;0.98846275;0.98848623;0.98851424;0.98854214;0.9885734;0.98860234;0.98862666;0.98865086;0.9886791;0.9887025;0.98873216;0.9887549;0.98877656;0.9888045;0.98879504;0.9888208;0.988756;0.98878276;0.9888104;0.9888339;0.98886067;0.9888853;0.9889091;0.98893225;0.9889569;0.9889798;0.98900616;0.9890318;0.989056;0.98907405;0.9890993;0.9891229;0.9891467;0.9891713;0.98916596;0.98918766;0.9892132;0.98923814;0.98925865;0.9892815;0.9893066;0.98932713;0.98935;0.989371;0.9893972;0.9894177;0.98944163;0.9894652;0.9894857;0.98950934;0.9895326;0.98955715;0.9895782;0.98959595;0.98958933;0.98961276;0.98963124;0.9896513;0.9896694;0.98969156;0.98971057;0.9897287;0.9897526;0.9897714;0.9897893;0.989811;0.98983234;0.98985386;0.98987526;0.9899011;0.9899175;0.9899405;0.989964;0.9899823;0.9900008;0.99001974;0.9900384;0.99005824;0.99008036;0.9900985;0.9901145;0.9901346;0.99015224;0.9901694;0.99018514;0.9902037;0.9902191;0.99023473;0.9902548;0.9902728;0.99029005;0.99031013;0.9903311;0.9903518;0.9903722;0.99039;0.9904077;0.99042374;0.9904428;0.99045724;0.99047476;0.9903935;0.9904123;0.9904293;0.9904482;0.9904667;0.99048305;0.99050146;0.9905198;0.9905369;0.9905535;0.99056697;0.99058574;0.9906035;0.9906201;0.9906357;0.99065304;0.9906708;0.99068445;0.9907007;0.99071604;0.99073136;0.990679;0.9906952;0.99070996;0.9907249;0.99074364;0.9907135;0.99073124;0.9907456;0.99076474;0.99078256;0.9908035;0.9908194;0.9908365;0.99085337;0.99086887;0.99088645;0.9909018;0.99091655;0.99093354;0.99094707;0.9909627;0.99097526;0.99099416;0.99101084;0.9910281;0.9910463;0.9910609;0.9910749;0.9910909;0.9911056;0.9911186;0.9911371;0.99115;0.99116653;0.9911828;0.99119705;0.9912112;0.9912283;0.9912425;0.99125636;0.9912715;0.9912864;0.99130106;0.99131566;0.99133307;0.9913472;0.99135935;0.9913732;0.99139005;0.99140584;0.9914205;0.9914347;0.9914502;0.9914673;0.99148154;0.9914959;0.991511;0.99152285;0.99153894;0.991552;0.9915665;0.99157876;0.991591;0.991603;0.9916173;0.9913938;0.9913214;0.9913352;0.9913477;0.99136305;0.99138004;0.9913937;0.99140906;0.99142224;0.99143755;0.9914508;0.9914644;0.9914777;0.99149036;0.99150455;0.99152005;0.99153256;0.9915453;0.9915579;0.99157256;0.99158573;0.99159926;0.991612;0.9916258;0.9916411;0.99165493;0.99166876;0.99168354;0.9916986;0.9917109;0.9917245;0.9917381;0.99175346;0.9917656;0.9917782;0.9917919;0.99180347;0.99181575;0.99182755;0.9918383;0.9918502;0.9918622;0.99187285;0.9918842;0.9918959;0.99190974;0.9919216;0.9919334;0.9919439;0.9919553;0.9919675;0.9919796;0.9919913;0.9920046;0.992019;0.992031;0.9920436;0.99205565;0.99206567;0.99205816;0.99201065;0.9920221;0.9920318;0.992043;0.9919777;0.9919869;0.9919972;0.9920104;0.99202174;0.9920326;0.99204427;0.9920529;0.99206704;0.9920762;0.9920858;0.9920969;0.9921083;0.9921192;0.99213123;0.9921448;0.9921566;0.99216694;0.99217707;0.9921879;0.9921979;0.99220985;0.9922221;0.9922359;0.99224746;0.99225855;0.99226874;0.9922785;0.99228925;0.9922998;0.992311;0.9923219;0.99233294;0.99234396;0.9923559;0.9923684;0.9923785;0.992351;0.99236286;0.99237347;0.992384;0.99239284;0.9924024;0.99241227;0.99242425;0.9924352;0.99244624;0.9924562;0.9924661;0.99247694;0.9924876;0.99249965;0.99250793;0.99240875;0.99241984;0.9924307;0.99244034;0.9924507;0.9924628;0.9924722;0.99248445;0.99249357;0.99250257;0.9925136;0.99252385;0.9925344;0.9925445;0.99255604;0.9924928;0.99241215;0.99240506;0.99231017;0.9922505;0.99224216;0.99218225;0.99215674;0.99216706;0.99217665;0.9921886;0.9921987;0.9922091;0.99221885;0.99221176;0.99220365;0.9922133;0.99222314;0.9922349;0.9922457;0.992256;0.9922668;0.99227667;0.99228585;0.9922934;0.9923021;0.99231243;0.99230546;0.9923158;0.9923253;0.99233425;0.9923448;0.9923551;0.9923647;0.99237406;0.99238414;0.9923946;0.99240273;0.9924121;0.99242294;0.99243164;0.99244237;0.99245214;0.9924633;0.9924729;0.9924842;0.9924943;0.9925023;0.99251145;0.9925204;0.99252874;0.99253815;0.9925464;0.99255437;0.9925655;0.9925752;0.99258536;0.9925942;0.99260384;0.992597;0.99260575;0.9926158;0.99262685;0.99263644;0.99264467;0.9926544;0.9926636;0.9926728;0.9926827;0.9926912;0.9927011;0.992711;0.9927204;0.99272925;0.9927378;0.9927465;0.9927563;0.99276435;0.99277306;0.9927809;0.99278903;0.9927964;0.9928046;0.99281275;0.99282193;0.9928305;0.99283975;0.99284625;0.9928551;0.9928636;0.9928709;0.9928784;0.9928865;0.99289596;0.99290353;0.9929123;0.9929212;0.9929303;0.9929374;0.992946;0.9929551;0.9929635;0.992972;0.99298036;0.99298686;0.99299556;0.9930041;0.9930122;0.9930201;0.9930289;0.9930365;0.9930442;0.99305224;0.99305993;0.99306893;0.9930767;0.99308544;0.9930935;0.9931022;0.9931103;0.99311876;0.99312633;0.9931344;0.9931419;0.99315006;0.99315745;0.99316496;0.9931718;0.99318016;0.9931877;0.9931951;0.9932016;0.99320906;0.99321705;0.9932262;0.9932344;0.99324256;0.99324954;0.99325764;0.9932655;0.993272;0.9932793;0.9932864;0.9932933;0.9933007;0.99330807;0.99331534;0.99332196;0.99333036;0.9933374;0.99334496;0.9933534;0.9933624;0.9933699;0.99337643;0.9933831;0.9933897;0.9933974;0.99340457;0.993413;0.9934197;0.9934269;0.99343365;0.99344164;0.9934484;0.9934553;0.9934632;0.99346906;0.9934771;0.99348354;0.99349;0.99349684;0.9935048;0.99351096;0.9935173;0.9935252;0.99353206;0.9935389;0.99354535;0.9935521;0.9935587;0.993565;0.99357086;0.99357677;0.99358225;0.9935892;0.9935965;0.99360216;0.99360913;0.99361557;0.9936231;0.9936303;0.9936368;0.993643;0.99364936;0.99365467;0.99366075;0.99366695;0.99367356;0.9936797;0.99368596;0.9936918;0.993698;0.99370426;0.99371094;0.9937189;0.99372464;0.99361885;0.9936116;0.9936177;0.99362403;0.99363136;0.99363846;0.99364555;0.99365276;0.99365926;0.9936658;0.99367344;0.99367994;0.9936873;0.9936932;0.9937007;0.99370724;0.9937131;0.9937198;0.9937257;0.9937324;0.993738;0.993717;0.9936825;0.99368846;0.9936946;0.9937007;0.9936796;0.9936317;0.99361116;0.9936185;0.9936246;0.9936308;0.9936377;0.9936435;0.9936489;0.99365556;0.9936611;0.99366724;0.99363357;0.9935471;0.99355423;0.9935617;0.9935694;
0.5538462;0.5555556;0.5598086;0.50530034;0.456;0.46275395;0.46484375;0.46917808;0.46567163;0.4680272;0.4868914;0.50401837;0.52934897;0.5563241;0.58150184;0.5919932;0.6049481;0.61681545;0.62826854;0.63556457;0.64758843;0.65765214;0.6674556;0.6791596;0.6924333;0.69963175;0.70898145;0.7109827;0.71375465;0.7167266;0.7220061;0.72423863;0.7267182;0.7308603;0.734255;0.73950523;0.7432432;0.74572647;0.7481714;0.7510991;0.75188464;0.75072;0.75125;0.7522205;0.7547847;0.7529274;0.7540843;0.75876576;0.7617091;0.76365095;0.7675761;0.7714286;0.7733804;0.776735;0.77716076;0.77891237;0.781797;0.78429127;0.7863402;0.7886017;0.79198265;0.7918446;0.79106355;0.7922855;0.79282385;0.7921741;0.79438335;0.79512477;0.7960426;0.79752296;0.7998516;0.8001464;0.8026007;0.8054121;0.8071316;0.80777913;0.8099571;0.81252116;0.81444335;0.81701285;0.8195709;0.8215548;0.82395816;0.8251212;0.8267656;0.8272227;0.8289215;0.83086586;0.83279127;0.8346975;0.8361059;0.8379537;0.83962667;0.8414873;0.8433918;0.8449549;0.8464455;0.84778523;0.8492222;0.8505338;0.8525166;0.8539601;0.8551724;0.8562587;0.8576254;0.858844;0.86028236;0.861574;0.8625604;0.8639895;0.86519784;0.8665103;0.86764365;0.8687579;0.87000227;0.8711795;0.8723929;0.87348527;0.8746005;0.8757235;0.87657267;0.8774895;0.8784058;0.879206;0.88022316;0.8810743;0.8821214;0.88317424;0.8839604;0.8847361;0.8856511;0.8864951;0.88742703;0.8882012;0.88892144;0.88877046;0.88898516;0.8897916;0.8906591;0.8908852;0.8912536;0.8920196;0.8929523;0.8938109;0.89462733;0.8952244;0.8959078;0.89660066;0.8973478;0.89806634;0.89862514;0.8992389;0.899828;0.90047836;0.9011371;0.90177894;0.90246147;0.90302175;0.9036234;0.90409154;0.9046411;0.9052075;0.9057443;0.90629774;0.90696377;0.9075764;0.90805054;0.9086203;0.9091618;0.9096899;0.91023964;0.9107895;0.9112584;0.9117892;0.9122543;0.9126883;0.91317636;0.91368455;0.91418046;0.914727;0.91516167;0.9156897;0.9160723;0.9165951;0.91702276;0.9174637;0.9178536;0.91833156;0.9188323;0.91925985;0.91970503;0.9201672;0.92055917;0.9209526;0.9214218;0.92147124;0.921875;0.9222643;0.9226344;0.92305166;0.9234343;0.9237388;0.9241737;0.9245794;0.9249182;0.9253398;0.92573315;0.92539954;0.9249576;0.92484355;0.9239631;0.9230102;0.92257386;0.92117715;0.9203107;0.91958636;0.9185983;0.9172343;0.9162266;0.9158304;0.9154427;0.9151569;0.914614;0.914564;0.9140137;0.9141361;0.91456354;0.9148936;0.91521627;0.9156475;0.9159884;0.9163123;0.9166949;0.91697603;0.9173202;0.9176523;0.91795444;0.91834027;0.9187135;0.9190434;0.9193971;0.91971713;0.92012125;0.9204784;0.9208367;0.9211328;0.921481;0.9218137;0.9221108;0.9224505;0.9227751;0.923109;0.92342013;0.92372096;0.9239998;0.92429996;0.9246054;0.9249199;0.92520523;0.9254809;0.925762;0.92602247;0.92624795;0.92652327;0.92677844;0.92704266;0.9272512;0.92754406;0.927831;0.9281087;0.9283843;0.92870253;0.92895305;0.92919844;0.929459;0.9297009;0.929991;0.93021935;0.9304561;0.930714;0.9309538;0.9311984;0.93145084;0.93167615;0.9318937;0.9321005;0.9323122;0.93255657;0.9327654;0.93299437;0.9332066;0.9334085;0.933648;0.9337814;0.93393445;0.9341666;0.9343681;0.934603;0.934862;0.93507636;0.9352892;0.9355148;0.93572205;0.9359113;0.9361463;0.9363085;0.9364998;0.93669534;0.9369112;0.9370989;0.93728817;0.9374208;0.9376342;0.93780446;0.93798417;0.9381732;0.938361;0.938563;0.93861425;0.93882936;0.93905795;0.9392376;0.9394212;0.93958884;0.93979716;0.93999916;0.9402047;0.94036806;0.9404924;0.9405766;0.94077086;0.94089353;0.9410459;0.9411323;0.9411231;0.9413197;0.9409322;0.940772;0.94022584;0.9400707;0.939753;0.93912375;0.93811816;0.937181;0.935284;0.9331681;0.9312954;0.92895323;0.9269703;0.92490387;0.9228513;0.92055935;0.9182552;0.9154153;0.913142;0.9107891;0.90755993;0.90478647;0.90226173;0.8999817;0.8973198;0.8952277;0.89282084;0.8907173;0.88791734;0.8856134;0.8831626;0.8802837;0.8780819;0.875735;0.8735248;0.87098604;0.8690455;0.86696064;0.8649771;0.8625785;0.86022335;0.85800076;0.8555513;0.85317504;0.8510771;0.84890145;0.8471164;0.84530973;0.8430767;0.8410281;0.83901805;0.8361063;0.83394986;0.83149487;0.8293062;0.8270732;0.82543415;0.82319444;0.82096684;0.81910604;0.8169276;0.81446373;0.8123368;0.81040794;0.8083287;0.80633944;0.80446523;0.8025998;0.80063856;0.798635;0.796874;0.7946836;0.7930167;0.7913057;0.7891543;0.78723335;0.7851963;0.7834693;0.7816008;0.77969164;0.77779186;0.77585226;0.77384925;0.7719535;0.77023596;0.76859814;0.76694334;0.76558167;0.7639398;0.7622341;0.76008904;0.758377;0.75653297;0.75472105;0.75287163;0.7512608;0.749474;0.7478094;0.7457447;0.7439615;0.7422092;0.7402644;0.7383742;0.7367364;0.73497397;0.7333731;0.73167026;0.7304309;0.72861207;0.72697425;0.72549367;0.72408307;0.72263545;0.72087634;0.7193362;0.71761405;0.7159627;0.7143605;0.71272403;0.7112391;0.70963734;0.7080225;0.706354;0.7048348;0.703302;0.7018761;0.7005558;0.6990217;0.6975734;0.6961706;0.6946556;0.69334275;0.69182056;0.6905183;0.6888733;0.68742836;0.685932;0.68480444;0.68324345;0.6818787;0.68061364;0.67935324;0.6779666;0.67658556;0.6750433;0.6738588;0.67270535;0.6714192;0.67015624;0.6685705;0.6668475;0.6653134;0.66414505;0.6627305;0.66148216;0.6599549;0.65885824;0.65751886;0.6560798;0.6546297;0.6532901;0.65202516;0.65092015;0.6495785;0.64827657;0.64694583;0.6455357;0.6442162;0.64303654;0.64184445;0.6403397;0.63885856;0.63756615;0.6363613;0.6352759;0.63401425;0.6326599;0.63140863;0.6298716;0.62859917;0.6273959;0.62622917;0.6249873;0.6236395;0.62259704;0.6215738;0.6202094;0.61899126;0.6178245;0.61670846;0.6154424;0.61424285;0.61298686;0.61175126;0.61061156;0.6095668;0.6084503;0.6073979;0.6061249;0.6050656;0.6039952;0.6028694;0.60171837;0.6006891;0.5995171;0.59849536;0.59730285;0.5961441;0.59507614;0.59404075;0.59299463;0.5918525;0.5906295;0.58975095;0.58890325;0.5877346;0.5867386;0.58556455;0.58453417;0.58341044;0.58231866;0.5813684;0.5804075;0.5794635;0.5784272;0.5774218;0.5762982;0.5752059;0.5742519;0.5731673;0.5722067;0.5712626;0.57024217;0.5692386;0.5684488;0.56738603;0.5664186;0.56532437;0.5644806;0.5635359;0.56246567;0.56161755;0.5605674;0.55967396;0.55866915;0.5578957;0.55692244;0.5558646;0.55489844;0.5538857;0.5529139;0.5518093;0.55090654;0.5499575;0.54907304;0.54814255;0.5472639;0.5463517;0.54541826;0.54450005;0.5434528;0.5424215;0.5414657;0.5407034;0.5397655;0.53877175;0.5379111;0.53702974;0.535951;0.5352143;0.5344232;0.53347224;0.532767;0.5318794;0.5309834;0.5300789;0.5291661;0.52848357;0.5277802;0.5268188;0.52595097;0.5250523;0.5240897;0.52318627;0.5223082;0.5215104;0.5206158;0.51982325;0.5188468;0.5179723;0.51715505;0.51645976;0.5156581;0.5147619;0.51391184;0.5131181;0.51239085;0.51164436;0.5109531;0.51000977;0.50912255;0.50850123;0.5075878;0.5067299;0.5058749;0.50504345;0.50421476;0.5034816;0.50274026;0.5019499;0.5012335;0.50050896;0.49977636;0.4990459;0.4983378;0.49772236;0.49700794;0.49624544;0.49556524;0.49485698;0.4942203;0.49346635;0.49261597;0.4919949;0.4912477;0.490493;0.48974064;0.48909757;0.48823306;0.48745862;0.48663843;0.48591703;0.4852552;0.48464298;0.48386082;0.4831571;0.4824081;0.4816992;0.48099235;0.48030636;0.47959423;0.47889355;0.4782507;0.4774983;0.4768592;0.47615728;0.47549418;0.47486043;0.47420096;0.4736254;0.47287837;0.47225156;0.4715993;0.47100297;0.47042614;0.469743;0.4690887;0.46835586;0.46763426;0.46699467;0.4663303;0.4655796;0.46491045;0.46423447;0.46354294;0.46294063;0.46225297;0.4615847;0.4609961;0.46035728;0.45967728;0.45903355;0.45828906;0.45765772;0.45702812;0.45634943;0.45574877;0.45523396;0.45464465;0.4539814;0.45341203;0.4528858;0.4522443;0.4517623;0.45106602;0.45036364;0.4497704;0.44930184;0.44853947;0.4478776;0.44727457;0.44668132;0.44606537;0.445443;0.4448063;0.4441313;0.44354635;0.44294697;0.44235718;0.4416975;0.44111103;0.44062087;0.44013175;0.4395337;0.4389765;0.4384441;0.43784285;0.43725878;0.4367461;0.43618813;0.43567023;0.43509963;0.4345075;0.43398592;0.43341973;0.43293884;0.4323982;0.4319196;0.43141934;0.43092024;0.43039215;0.42987287;0.42928737;0.42866609;0.42809877;0.42753294;0.42693898;0.42650196;0.4259699;0.42537287;0.42477754;0.42415458;0.42362103;0.42300877;0.42248535;0.42198497;0.4214713;0.4209517;0.42039022;0.41974422;0.4191288;0.41843683;0.41795307;0.41744918;0.4169041;0.41639566;0.4158463;0.41534746;0.4148428;0.4143394;0.41380936;0.4133293;0.4127949;0.41220656;0.41167507;0.41116557;0.410623;0.41005453;0.4094808;0.4089359;0.40843993;0.40795872;0.4075259;0.40698618;0.40638742;0.4058641;0.40542233;0.40486816;0.40438202;0.40377098;0.40336025;0.4028711;0.40239632;0.4018832;0.40138453;0.40084788;0.40035176;0.39993492;0.39943457;0.3988837;0.3984118;0.3979088;0.39742637;0.3969451;0.39652252;0.39606896;0.39552096;0.395076;0.39459407;0.39413226;0.39365894;0.3931113;0.39259648;0.39212683;0.39177066;0.39138395;0.39089853;0.39045152;0.3900427;0.38962233;0.38904274;0.3886061;0.38812143;0.3876624;0.3871862;0.3866868;0.38626757;0.38583714;0.38537145;0.38501167;0.38456607;0.38421273;0.383775;0.38332033;0.38295618;0.38253915;0.3820637;0.3815657;0.3810867;0.38064426;0.38017935;0.3796804;0.37918857;0.3787097;0.3782146;0.377773;0.37732664;0.37687558;0.37646013;0.37601689;0.3756263;0.37516782;0.37479043;0.37428272;0.37385592;0.37344146;0.372977;0.37255883;0.37220356;0.3717815;0.37143892;0.37101862;0.37059924;0.3701418;0.36973387;0.36928412;0.36897457;0.3685638;0.3681099;0.3676587;0.3673567;0.3669128;0.36646998;0.36607727;0.36567995;0.36526182;0.36484462;0.36450937;0.36407775;0.36368474;0.36327115;0.36292273;0.36251622;0.361988;0.36161017;0.36122248;0.36082503;0.36041793;0.35996956;0.35953808;0.3591286;0.35878286;0.35838553;0.35796827;0.35757276;0.3571833;0.3567792;0.3564121;0.3560458;0.35568023;0.3553719;0.35501796;0.35463917;0.35430202;0.35389927;0.3535178;0.35313204;0.35273197;0.35231766;0.35193956;0.35175204;0.3513795;0.35099357;0.35060844;0.35023913;0.34984574;0.34947306;0.34912595;0.34874985;0.34840912;0.3480395;0.34765592;0.34724867;0.3469011;0.34658346;0.34626642;0.34590134;0.34551275;0.34514925;0.344801;0.34444866;0.34411624;0.34370765;0.34335753;0.34300333;0.3426785;0.34236377;0.34202114;0.34154636;0.3411202;0.34075582;0.3403599;0.34005418;0.33974898;0.33938348;0.33907485;0.33872476;0.33837077;0.33801287;0.33772063;0.3374196;0.33709142;0.3367823;0.33643237;0.33604643;0.33568427;0.3353503;0.3350079;0.33462977;0.33426613;0.33389872;0.33350953;0.33317536;0.33270687;0.33232942;0.33201107;0.33175144;0.33141187;0.33106855;0.33074814;0.33040175;0.33004278;0.3297067;0.32940215;0.32907617;0.32870692;0.32835165;0.32797527;0.32761285;0.32727298;0.32695988;0.32656935;0.3262749;0.32592484;
0.53521127;0.4861111;0.44978166;0.4205298;0.44386423;0.47555557;0.49425286;0.5169492;0.54613096;0.5746667;0.5926366;0.6107456;0.6305221;0.65225565;0.6625332;0.68276435;0.70280814;0.72087914;0.73523283;0.7491771;0.75962144;0.7703436;0.78040344;0.7893864;0.79723257;0.8046154;0.81185186;0.8190024;0.82578874;0.8312666;0.8375267;0.84217066;0.84680337;0.850939;0.8555176;0.85992646;0.8635387;0.8668763;0.87075984;0.87367374;0.8767389;0.8794685;0.8824074;0.88454545;0.8868429;0.8894691;0.89169985;0.8938423;0.89615697;0.8978826;0.89997375;0.90116733;0.9030781;0.9046547;0.90648013;0.9077259;0.9094151;0.9109189;0.9122646;0.91380864;0.9151488;0.9166121;0.91802573;0.9193412;0.92068106;0.9218654;0.9229994;0.924116;0.9253177;0.9262975;0.92712706;0.92800605;0.9289302;0.92998534;0.93087226;0.9317979;0.93267536;0.9335074;0.93443185;0.93535286;0.9362377;0.93701565;0.93770385;0.9385556;0.93923;0.93999374;0.940674;0.941429;0.94212997;0.94292545;0.9435996;0.94421726;0.9448136;0.94532704;0.94579256;0.9464085;0.94698864;0.9474698;0.9480343;0.94864213;0.9491074;0.9496772;0.94998693;0.9504848;0.9509037;0.9514637;0.951783;0.95230407;0.9524748;0.9528348;0.95321214;0.9529935;0.953261;0.9535985;0.953969;0.95435494;0.9547814;0.9551076;0.95541906;0.95577615;0.9561472;0.9564638;0.95679015;0.95709753;0.9574699;0.9578086;0.95811516;0.9584261;0.95872813;0.9590729;0.95942026;0.95977837;0.9600489;0.96033996;0.96058714;0.9608431;0.9611689;0.9614135;0.9616438;0.96190476;0.9620693;0.9623671;0.9626213;0.9628509;0.96310896;0.96336687;0.96363133;0.9638388;0.9640834;0.9643376;0.9645946;0.9648511;0.96508217;0.96524274;0.9655021;0.9656798;0.9658884;0.9661265;0.96634984;0.966556;0.9666892;0.96679556;0.9668199;0.96658075;0.96650404;0.96672416;0.96696573;0.967132;0.96734923;0.96752465;0.96772134;0.96790045;0.96807253;0.96824276;0.968426;0.9685564;0.9687356;0.96891034;0.96908784;0.9692494;0.9694461;0.969629;0.9698074;0.9699704;0.97014046;0.9701689;0.9703294;0.97051597;0.9706854;0.9708655;0.9710001;0.9711722;0.9713181;0.9714765;0.97161937;0.971753;0.9718834;0.97203565;0.97217107;0.97231644;0.9724826;0.9726266;0.9727709;0.97289395;0.9730052;0.97313493;0.97326344;0.97340286;0.9735151;0.9736451;0.97377557;0.9739047;0.97405404;0.9741821;0.974296;0.9744201;0.974543;0.97464734;0.9747603;0.9748815;0.9749862;0.9751098;0.9752352;0.9753445;0.97543794;0.97535974;0.975489;0.97558075;0.97569054;0.9758036;0.9759029;0.976007;0.97610325;0.97619325;0.9762839;0.97638476;0.9764901;0.97657454;0.9766954;0.97679013;0.9768828;0.97698385;0.97709286;0.97717935;0.977284;0.97737783;0.9774881;0.9775667;0.9776691;0.9777525;0.9778365;0.9779329;0.97800845;0.97809166;0.9781789;0.9782494;0.9783182;0.9784071;0.9784929;0.97856474;0.97864825;0.9787311;0.97882205;0.97891116;0.978991;0.9790712;0.9791001;0.9791814;0.9792621;0.9793401;0.9794195;0.9794892;0.97956246;0.97962517;0.97970146;0.9797791;0.9798533;0.9799122;0.97998446;0.980059;0.98013884;0.98020756;0.98028517;0.9803519;0.9804145;0.9804952;0.980567;0.9803986;0.9804693;0.9805331;0.9806001;0.9806694;0.9807346;0.9808029;0.98086804;0.9808897;0.9809524;0.98100865;0.98107654;0.98114145;0.9812118;0.9812665;0.9813301;0.9813958;0.9814642;0.98152405;0.98159;0.98164815;0.9817124;0.98177934;0.9818379;0.9818938;0.9819493;0.98201376;0.9820693;0.9821199;0.9821748;0.98224074;0.9822964;0.9823532;0.98241186;0.98245615;0.98251414;0.98232526;0.9823796;0.9823951;0.9824438;0.98249084;0.9825512;0.9825531;0.9826023;0.9826491;0.98269486;0.98275167;0.9827941;0.9828509;0.98290944;0.9829621;0.9830035;0.98305756;0.9831033;0.9831534;0.98320055;0.9832455;0.9832935;0.98334897;0.98339826;0.98344475;0.98348194;0.98352283;0.983568;0.9836154;0.98365873;0.9836932;0.98373735;0.9837832;0.98383176;0.9838722;0.9839239;0.98396987;0.9840204;0.9840563;0.98405707;0.9841045;0.9841441;0.9841928;0.9842354;0.98427373;0.98431706;0.98435956;0.98439443;0.98443764;0.98448235;0.98452616;0.9845659;0.984611;0.98465186;0.98468983;0.98472875;0.98476577;0.984814;0.9848469;0.9848866;0.9849218;0.9849547;0.9849865;0.9850244;0.9850637;0.9850996;0.98513645;0.98517466;0.9852096;0.9852474;0.9852835;0.98532295;0.98536015;0.9854032;0.985444;0.98548114;0.9855269;0.9855646;0.98560447;0.98563695;0.9856779;0.9857148;0.98575;0.9857785;0.98581535;0.98585016;0.9858927;0.98592615;0.9859544;0.985989;0.986027;0.98605895;0.98609394;0.9861233;0.98615795;0.98618925;0.9862218;0.98625153;0.986289;0.9863198;0.9863478;0.98637784;0.98640734;0.9864389;0.98634;0.98634034;0.98636794;0.9862755;0.9863104;0.98634386;0.986372;0.98640347;0.9864327;0.9864622;0.9864944;0.9865241;0.98655564;0.98658377;0.98661673;0.98664254;0.9866752;0.98670083;0.9867344;0.9867642;0.9867943;0.9868262;0.9868611;0.98689234;0.986923;0.9869508;0.98697805;0.98700255;0.98703384;0.9870631;0.98709375;0.9871234;0.9871557;0.98718286;0.98721105;0.98724174;0.9872705;0.98729604;0.98731786;0.9873506;0.9873832;0.9874134;0.9874399;0.987468;0.98749137;0.9875172;0.9875375;0.9875695;0.9875957;0.98762065;0.9876459;0.9876718;0.98769647;0.9877252;0.98774904;0.9877707;0.98779875;0.98781884;0.98785245;0.9878811;0.98790604;0.9879264;0.98795015;0.98797244;0.9879949;0.98802066;0.9880453;0.98806363;0.98808515;0.98810756;0.9881296;0.98815346;0.98817533;0.98819673;0.98822165;0.9882464;0.9882657;0.9882887;0.98831004;0.9883351;0.9883547;0.98838264;0.98841137;0.9884335;0.98845613;0.98848116;0.9885064;0.98852783;0.98855495;0.9885777;0.98860013;0.98862153;0.98864645;0.98866534;0.9886865;0.9887041;0.98872656;0.98874635;0.9887672;0.98878574;0.98880845;0.98883057;0.98885393;0.98887557;0.9888979;0.988918;0.9889405;0.98896456;0.9889899;0.9890132;0.9890348;0.9890543;0.9890757;0.98909974;0.9891198;0.9891394;0.9891586;0.98918223;0.9892079;0.98922926;0.98925024;0.9892701;0.9892914;0.9893098;0.98933256;0.98935;0.9893674;0.9893876;0.9894044;0.9894216;0.9894431;0.9894661;0.98948306;0.9895041;0.98952025;0.9895384;0.98955864;0.9895731;0.98959106;0.98961234;0.9896304;0.98964614;0.98966384;0.98968244;0.9897002;0.9897187;0.98973584;0.98975205;0.9897684;0.98978513;0.98980045;0.9898164;0.98983777;0.98985434;0.98987246;0.98988986;0.98990625;0.9899249;0.9899412;0.98995924;0.98997426;0.989989;0.99000734;0.9900224;0.9900384;0.99005544;0.99007106;0.9900891;0.9901033;0.9901192;0.9901382;0.9901565;0.990174;0.99019057;0.9902055;0.99022204;0.9902356;0.9902531;0.99027;0.99028844;0.99030465;0.99032056;0.9903356;0.990351;0.99036485;0.99038166;0.9903994;0.99041444;0.9904315;0.9904453;0.99045974;0.99047285;0.9904857;0.9904992;0.9905141;0.99052876;0.9905431;0.99055743;0.9905742;0.99058783;0.9906065;0.9906222;0.99063694;0.9906526;0.9906712;0.99068475;0.99061376;0.99062914;0.9906415;0.9906562;0.9906504;0.9906635;0.9906779;0.9906919;0.990707;0.99072576;0.9907407;0.9905672;0.99058145;0.9905984;0.9906133;0.99063087;0.99064547;0.9906577;0.99067146;0.99068457;0.99069786;0.9907117;0.9907245;0.99073905;0.9907554;0.99077016;0.9907847;0.99079716;0.9908118;0.9908261;0.9908363;0.9908494;0.99086314;0.9908767;0.9908892;0.99090284;0.9909166;0.9909303;0.99094456;0.99095803;0.99097437;0.99098486;0.99099857;0.99101365;0.99102604;0.99104;0.99105245;0.99106556;0.9910783;0.9910909;0.9911027;0.9911162;0.99112934;0.9911423;0.99115497;0.99116987;0.9911846;0.9911977;0.99121165;0.9912233;0.99123526;0.9912279;0.9912405;0.9912546;0.99126863;0.9912815;0.9912931;0.99130416;0.99131674;0.99133277;0.9913449;0.99135536;0.9913696;0.9913813;0.99139327;0.99140626;0.9914195;0.99142927;0.99144167;0.9914561;0.99146837;0.9914814;0.99149203;0.9915053;0.99151695;0.99152815;0.99154055;0.991551;0.99156284;0.9915753;0.9915874;0.99159944;0.9916107;0.9916227;0.9916372;0.9916492;0.99165756;0.99166834;0.9916768;0.9916891;0.9916995;0.9917091;0.9917204;0.99173146;0.9917416;0.9917523;0.9917629;0.99177575;0.9917858;0.99179554;0.99180657;0.99181813;0.9918294;0.9918417;0.99185467;0.99186593;0.99187666;0.99188715;0.9918974;0.991907;0.99191713;0.9919284;0.99193925;0.9919472;0.9919578;0.9919682;0.9919788;0.9919895;0.99199855;0.9920084;0.992018;0.99202925;0.99203867;0.99204797;0.9920596;0.9920709;0.9920822;0.9920927;0.99210227;0.9921135;0.9921224;0.9921324;0.9921423;0.9921534;0.9921632;0.9921738;0.9921837;0.99219424;0.9922051;0.9922145;0.9922244;0.99223554;0.9922458;0.99225646;0.99226826;0.9922775;0.9922861;0.99229467;0.99230456;0.9923144;0.99232316;0.99233294;0.99234384;0.99235564;0.99236333;0.9923732;0.9923842;0.992396;0.992389;0.9923989;0.9924082;0.992419;0.99242944;0.9924381;0.9924453;0.9924551;0.9924667;0.99247384;0.9924831;0.9924928;0.9925008;0.9925116;0.9925203;0.9925287;0.9925386;0.99254775;0.9925562;0.9925647;0.9925736;0.9925825;0.9925921;0.9926005;0.99260795;0.9926158;0.9926255;0.99263495;0.9926437;0.9926535;0.9926623;0.99267113;0.9926796;0.9926873;0.99269545;0.99270415;0.99271417;0.99272376;0.9927316;0.9927402;0.9927506;0.9927594;0.9927701;0.9927792;0.99278635;0.9927939;0.9928014;0.9928099;0.99281716;0.99282527;0.9928337;0.9928427;0.99285203;0.99286157;0.9928712;0.9928802;0.99288875;0.9928963;0.9929039;0.9929125;0.99291855;0.9929272;0.9929352;0.9929439;0.9929516;0.9929607;0.9929686;0.99297667;0.9929848;0.99299353;0.99300224;0.9930095;0.9930166;0.9930243;0.99303144;0.9930394;0.993047;0.9930545;0.9930617;0.99307024;0.9930784;0.9930863;0.9930947;0.9931026;0.99311113;0.9931186;0.9931261;0.993134;0.9931408;0.99314934;0.9931571;0.9931651;0.9931727;0.99317986;0.9931887;0.99319655;0.99320465;0.9932125;0.99322116;0.99322987;0.99323565;0.99324304;0.9932505;0.9932582;0.9932649;0.9932723;0.9932789;0.9932853;0.99329334;0.99330056;0.9933069;0.993315;0.99332297;0.9931823;0.9931896;0.99318236;0.99319;0.9931974;0.99320525;0.99321204;0.9932175;0.99322504;0.9932334;0.9932396;0.9932462;0.99325424;0.99326146;0.9932681;0.99327433;0.9932815;0.99328977;0.99329704;0.9933047;0.99331236;0.9933189;0.9933267;0.99333334;0.9933401;0.99334735;0.9933558;0.99336183;0.9932542;0.99326086;0.9932678;0.99327546;0.9932817;0.99328727;0.99329424;0.99330264;0.99331015;0.99331725;0.9933236;0.9933316;0.9933372;0.9933437;0.9933506;0.9933573;0.99336433;0.99337107;0.9933782;0.99338466;0.9933917;0.99339956;0.99340725;0.9934148;0.9934217;0.9934274;0.9934341;0.99344105;0.99344724;0.9934545;0.99346024;0.99346566;0.9934719;0.9934784;0.9934842;0.99349135;0.9934974;0.9935031;0.9935097;0.9935167;0.99352366;0.99353033;0.9935369;0.9935437;0.99354935;0.9935567;0.99356353;0.9935696;0.9935767;0.9935825;0.993588;0.99359375;0.9936006;0.99360716;0.9936125;0.99361944;0.99362594;0.9936324;
0.5882353;0.6388889;0.71028036;0.7089041;0.72074467;0.74382025;0.76023394;0.771757;0.7800586;0.78272253;0.7889023;0.80444443;0.80349797;0.8161905;0.82206404;0.8270677;0.8309748;0.83444196;0.84125876;0.8455393;0.84825397;0.85227966;0.85755986;0.8628987;0.8667026;0.871888;0.8765;0.87650746;0.87802607;0.8806844;0.88391304;0.8871036;0.8908868;0.8938792;0.8971098;0.9;0.9030501;0.9041387;0.90674466;0.9087542;0.90968585;0.91082805;0.91212213;0.9139457;0.9156483;0.91734815;0.91918904;0.92079484;0.92242324;0.9238838;0.9252707;0.9266269;0.92804474;0.9295494;0.9310093;0.93200386;0.93327045;0.9344148;0.93524027;0.9363473;0.93744475;0.9384247;0.9393225;0.9402197;0.94131064;0.94229203;0.9432866;0.9440932;0.9448128;0.94561875;0.94605887;0.9468364;0.9473295;0.94810635;0.94878703;0.94927925;0.9500175;0.9506579;0.9513984;0.9520364;0.95268136;0.953225;0.95373374;0.9542903;0.95478344;0.9553292;0.9557934;0.9562548;0.9567658;0.95727134;0.9578652;0.9583333;0.958472;0.9589296;0.95860505;0.959029;0.9591016;0.9591921;0.9596193;0.9593047;0.9597226;0.96006876;0.9604712;0.9608504;0.96056014;0.960652;0.9606508;0.96088964;0.96119034;0.9614156;0.9610421;0.96139926;0.9617179;0.96208084;0.9624237;0.96279067;0.9629118;0.96286136;0.96190906;0.9622047;0.96227676;0.9613382;0.96085334;0.9611396;0.9609054;0.96125776;0.9611454;0.9614287;0.96169585;0.96195936;0.9622466;0.96259093;0.9628423;0.9631499;0.9634305;0.9637033;0.9639399;0.9641771;0.96441454;0.964666;0.9649241;0.9651684;0.9654356;0.9657084;0.96594834;0.96619433;0.96638423;0.96658427;0.9668152;0.967028;0.9672558;0.9674804;0.96771055;0.96789515;0.9681334;0.96833795;0.96852636;0.9687527;0.9689256;0.9691149;0.96929675;0.96949947;0.96968436;0.9698795;0.97012115;0.97033;0.9704836;0.9706639;0.97083265;0.97102255;0.97119635;0.97135234;0.97151107;0.97163725;0.9718147;0.971433;0.971577;0.971739;0.97182995;0.9716946;0.9715438;0.9714435;0.9715342;0.9716093;0.9712488;0.9713953;0.9715609;0.97174084;0.97186625;0.9720085;0.97216517;0.97209305;0.97195935;0.9720904;0.9722415;0.9722318;0.97236735;0.97243315;0.9725701;0.9727242;0.97285646;0.97301096;0.97317266;0.9732918;0.9734256;0.973572;0.97368765;0.97382945;0.97396135;0.97408026;0.9742047;0.97432464;0.97442245;0.9745404;0.97465247;0.9747652;0.97488314;0.9750047;0.9751142;0.97522897;0.9753532;0.9754448;0.9753094;0.97534;0.9754394;0.9755381;0.97563595;0.97572726;0.97583365;0.97593206;0.97585475;0.97598314;0.976081;0.97619045;0.976288;0.9763956;0.97650087;0.97660786;0.97670335;0.97679144;0.97688675;0.9769735;0.9770635;0.97716284;0.9772551;0.9773491;0.9774498;0.9775459;0.9776375;0.97773564;0.9778329;0.9779127;0.97800255;0.97809404;0.9781905;0.9782689;0.9783878;0.97846925;0.9785569;0.978626;0.9787146;0.97879255;0.97887325;0.9789479;0.9790349;0.97911584;0.97919196;0.97925395;0.97934777;0.9794212;0.97948694;0.9795797;0.9796464;0.97971773;0.9797935;0.9798618;0.97994244;0.98001266;0.98009205;0.98017365;0.9802518;0.9803321;0.9804099;0.98047596;0.98055637;0.98061687;0.9806897;0.98075575;0.98082393;0.9808899;0.9809669;0.9810346;0.98109734;0.9811632;0.98122257;0.98128074;0.98135126;0.98141026;0.9814606;0.9815206;0.98139846;0.9813301;0.9812514;0.9813063;0.98137414;0.9814341;0.9814986;0.98156095;0.9816157;0.98167735;0.9817401;0.98179775;0.98185426;0.9819049;0.98197234;0.9820224;0.9820859;0.9821512;0.982204;0.98226774;0.9823265;0.9823783;0.9824254;0.9824722;0.98253256;0.9825904;0.9826485;0.9827119;0.9827727;0.98282754;0.98287785;0.9829209;0.9829665;0.98301804;0.98307264;0.98313034;0.98318756;0.9832404;0.98329765;0.9833485;0.98339576;0.98344344;0.98350185;0.98354185;0.9835867;0.983632;0.983679;0.9837219;0.98376775;0.98382264;0.9838722;0.98392206;0.9839674;0.9840125;0.9840524;0.9840958;0.98414195;0.9841836;0.9842287;0.9842705;0.98431736;0.9843651;0.98440623;0.98444486;0.98449415;0.984534;0.98456573;0.9846103;0.98465014;0.9846926;0.98473364;0.9847723;0.98481077;0.98484904;0.9848947;0.98493683;0.9849756;0.98502207;0.98505765;0.98488766;0.98492444;0.98496795;0.9850112;0.9850532;0.98509026;0.9851292;0.9851638;0.98519933;0.98523307;0.98506796;0.98510545;0.98514426;0.98518085;0.9852163;0.98525554;0.9852901;0.9853245;0.9853627;0.9853953;0.9854258;0.98545855;0.98549557;0.9855276;0.9855657;0.9855945;0.9856261;0.9856641;0.98570013;0.9857317;0.98576593;0.98580605;0.9858483;0.9858815;0.9859095;0.9859425;0.9859725;0.98601013;0.986044;0.9860794;0.98607945;0.9861156;0.98605216;0.9860855;0.986116;0.986145;0.98617744;0.9862136;0.986244;0.98628074;0.9863168;0.98635143;0.9863829;0.98641634;0.986445;0.98648274;0.9865157;0.9865485;0.9865778;0.9866099;0.9866406;0.9866703;0.986635;0.9864791;0.9864754;0.9862682;0.9859623;0.98566437;0.9852857;0.98501825;0.98484665;0.9845213;0.98444426;0.9840902;0.98341036;0.98229647;0.9803962;0.97946876;0.978192;0.9771882;0.97624403;0.9751823;0.97402483;0.9730153;0.97206783;0.9714657;0.9710621;0.9702119;0.9689894;0.9683135;0.967671;0.96707994;0.9670364;0.96648216;0.9656442;0.9647521;0.9640107;0.9631558;0.96245754;0.9612238;0.95980096;0.95918196;0.9585364;0.9577856;0.9572851;0.95604515;0.9555359;0.9549088;0.95436543;0.9534188;0.9521958;0.9512022;0.9497778;0.9486761;0.947962;0.9476069;0.9468923;0.9459065;0.94533145;0.9445207;0.94356096;0.9426021;0.94227684;0.94119847;0.9408144;0.9397065;0.9385828;0.9374289;0.936331;0.93481123;0.93342984;0.9316845;0.93027824;0.92886657;0.9270744;0.92570686;0.9240411;0.9222026;0.9204113;0.9189245;0.9170773;0.9154712;0.9137767;0.91223794;0.9106672;0.90945816;0.90801257;0.9067169;0.9056206;0.9041728;0.90317845;0.90176564;0.90094066;0.8997332;0.89856786;0.8971639;0.89541256;0.8940242;0.89237636;0.8908458;0.88955927;0.88818675;0.8870525;0.88534385;0.8840208;0.8825904;0.8806612;0.8791066;0.87762195;0.8760567;0.874433;0.8726879;0.8708228;0.8692817;0.86762;0.8660902;0.8647743;0.8631298;0.861388;0.8599832;0.8583363;0.8566548;0.8551838;0.8535349;0.85181135;0.85007465;0.8485659;0.8468624;0.84554434;0.8441112;0.84282154;0.84137785;0.8398407;0.8385641;0.8369395;0.8352823;0.83384496;0.8321807;0.83106196;0.8295047;0.8280489;0.82656;0.8250955;0.82373077;0.82229507;0.82069534;0.81925154;0.8181113;0.81671375;0.81508;0.81361896;0.8121815;0.81106085;0.8098153;0.8082454;0.80695397;0.80568475;0.8042932;0.80292445;0.8019727;0.8004688;0.79911304;0.7977618;0.7963444;0.7949593;0.7936452;0.79263335;0.7914709;0.79014605;0.788895;0.78745776;0.7860085;0.78471905;0.7834851;0.78218687;0.7809439;0.7795693;0.7784022;0.77710384;0.77582663;0.774654;0.77333474;0.7720699;0.7708092;0.76958555;0.768514;0.7672976;0.76619965;0.7650559;0.76380163;0.76269746;0.76159644;0.7606437;0.7592593;0.7579919;0.7569044;0.7557882;0.7546753;0.7532967;0.751923;0.7506172;0.749269;0.74806595;0.746758;0.74567145;0.74458814;0.74346167;0.7426005;0.74141884;0.74031734;0.73912776;0.73786706;0.73650396;0.73540205;0.73415315;0.7328486;0.73160833;0.7302831;0.72931826;0.72828203;0.727293;0.72624785;0.725235;0.7240642;0.72294086;0.7217194;0.7205599;0.7194474;0.71847343;0.7173674;0.7162648;0.7151085;0.71402705;0.7128638;0.71194446;0.7109429;0.70995826;0.7089763;0.7078213;0.70683134;0.7058025;0.70466596;0.7037538;0.7027477;0.7018542;0.7007851;0.699883;0.6989832;0.6979635;0.6969738;0.695879;0.69480103;0.69373983;0.69284236;0.6918539;0.69086814;0.689925;0.6889977;0.6878223;0.6868743;0.6859945;0.68501234;0.6840199;0.68296534;0.6819141;0.68081355;0.67965305;0.67871463;0.6777532;0.67693496;0.67602956;0.67519003;0.67407393;0.6730625;0.67224294;0.6712872;0.67042184;0.6695962;0.66852343;0.66770244;0.66689587;0.666116;0.6651036;0.6642664;0.6631861;0.66220707;0.6612431;0.6602333;0.659372;0.6584041;0.65777653;0.65689754;0.6559969;0.6551346;0.6542985;0.65339303;0.65245456;0.6515542;0.65070355;0.64984334;0.6489502;0.6480127;0.64705455;0.64616907;0.64550656;0.6447527;0.6438157;0.6430658;0.6422946;0.64143354;0.6406091;0.6396955;0.63863677;0.6377968;0.63681215;0.63610095;0.6353689;0.63449264;0.63375306;0.6329482;0.6320675;0.63127804;0.6303798;0.62973815;0.6289876;0.6282938;0.62750274;0.6267028;0.6259157;0.62502176;0.62415206;0.6233173;0.62241995;0.621579;0.6209122;0.6201182;0.61925143;0.6183764;0.6176207;0.6168987;0.6160938;0.6153754;0.6145955;0.61373353;0.6129892;0.6122362;0.61134964;0.6104864;0.60974985;0.6089428;0.60804516;0.60715014;0.60638064;0.60567445;0.6050107;0.6042161;0.6034744;0.60286605;0.6021478;0.60135067;0.6007768;0.59997326;0.59924185;0.5984524;0.5977944;0.59705836;0.5962251;0.5953744;0.59470344;0.59395534;0.5930719;0.5922888;0.59156626;0.5908552;0.590175;0.5895157;0.58870333;0.5879221;0.5871429;0.586452;0.58582973;0.5851324;0.58442724;0.58371425;0.5831072;0.58244467;0.58161396;0.5810866;0.58047557;0.5798378;0.5790425;0.57832396;0.57772803;0.57691073;0.5763085;0.57567054;0.57504326;0.5742794;0.57357264;0.57292247;0.5723559;0.571745;0.5711898;0.5704906;0.56980217;0.56914246;0.5685203;0.5678545;0.5673338;0.56667984;0.5659827;0.56533176;0.5646735;0.5640167;0.5634146;0.5626372;0.5620556;0.56134343;0.56075567;0.5599769;0.55929613;0.55858225;0.5578962;0.5572205;0.5565378;0.5558481;0.5551516;0.5546608;0.5539502;0.55326694;0.55250883;0.55189705;0.5512358;0.5505761;0.5498843;0.54912704;0.5485227;0.54788625;0.54723454;0.546651;0.5460106;0.54531366;0.5446019;0.543991;0.54339796;0.5427651;0.54218286;0.54155284;0.5410548;0.5404111;0.5397608;0.53912836;0.5385216;0.5379484;0.53728795;0.53669333;0.536044;0.53545904;0.5348366;0.53430307;0.5337309;0.53310454;0.5325271;0.5318405;0.5312028;0.53064513;0.52997905;0.52948207;0.52893585;0.52835965;0.5277692;0.5271491;0.52662313;0.525998;0.52545124;0.5249287;0.5243459;0.52377963;0.52321464;0.5226432;0.5220199;0.52135265;0.52068704;0.5201739;0.519564;0.51895547;0.5183035;0.5176457;0.5170864;0.51649857;0.5160456;0.51554894;0.5149498;0.51444787;0.5139322;0.51343966;0.5128454;0.5122672;0.5116829;0.51117283;0.5106565;0.5100614;0.5095834;0.5090703;0.50839245;0.5079033;0.50740784;0.5068418;0.5062698;0.50567067;0.50515115;0.504583;0.5041436;0.5035989;0.5030625;0.50256944;0.5020633;0.501453;0.50092113;0.5004392;0.49993035;0.4994851;0.4988811;0.4983339;0.4978224;0.49733266;0.49685073;0.4962668;0.49575955;0.4951782;0.49463224;0.4941964;0.49361867;0.49311003;0.4925416;0.49208918;0.49155003;0.49107254;0.49066973;0.49017385;0.48961887;0.48915842;0.48858577;0.4881346;0.4876902;0.48708138;0.4866917;0.4861775;0.48566443;0.48522455;0.48473963;0.48420995;0.48364887;0.4831476;0.48264733;0.48217404;0.48172754;0.48128185;0.480837;0.4803351;0.47984707;
0.53521127;0.44805196;0.44396552;0.47712418;0.5;0.5202703;0.53606236;0.54044753;0.55640244;0.5561644;0.5531401;0.5453552;0.55289423;0.5590406;0.5585429;0.5632653;0.5791091;0.59418184;0.60151935;0.6106369;0.6217064;0.6276276;0.6419189;0.64792573;0.661114;0.6609744;0.6724387;0.68221706;0.69441986;0.7027837;0.7115066;0.7185749;0.72709703;0.7344336;0.73893964;0.7442191;0.74671733;0.75185937;0.7583607;0.76352;0.7693508;0.7736826;0.77932876;0.78397214;0.7880512;0.7924213;0.7952993;0.7989319;0.8032401;0.8065507;0.81018054;0.8112697;0.8140995;0.8162829;0.8184357;0.8215673;0.82401985;0.8263658;0.8292418;0.8320513;0.8344204;0.8364806;0.83867675;0.8403378;0.8428543;0.84446174;0.84643406;0.8473326;0.8497766;0.851396;0.85330915;0.85545826;0.85726887;0.8591329;0.86085314;0.86264855;0.8641706;0.86610395;0.86793995;0.8693897;0.8710346;0.8726185;0.8740268;0.87574875;0.87705165;0.8784555;0.8798277;0.8812913;0.88258344;0.8831897;0.8844514;0.88558966;0.8868476;0.8882167;0.8893426;0.8904608;0.8913247;0.8921608;0.893195;0.8942783;0.8954072;0.89648587;0.897465;0.89838773;0.89941853;0.9002084;0.9011056;0.9017459;0.90249133;0.9032639;0.90412563;0.90461254;0.9055127;0.9063213;0.9071687;0.9073762;0.9073579;0.9077348;0.9084345;0.9089923;0.9096392;0.9104493;0.9111511;0.91165966;0.9117156;0.9123551;0.91305685;0.91369474;0.9143406;0.9151813;0.91583025;0.9164282;0.9170746;0.91760594;0.9181625;0.9187817;0.9193533;0.9199018;0.9204727;0.92091763;0.92146695;0.92197275;0.9224934;0.9230071;0.92343116;0.9239871;0.9244476;0.9249624;0.9253521;0.92580277;0.92631215;0.9268524;0.92740345;0.9278605;0.92834204;0.92882323;0.9292626;0.9297373;0.93014824;0.9306056;0.93102324;0.9314082;0.9317889;0.93218714;0.93264496;0.93303853;0.9334537;0.9337805;0.9340992;0.9344604;0.9348677;0.9352304;0.93559885;0.93600184;0.9363759;0.9367079;0.9370738;0.93746316;0.93782955;0.9381548;0.93842703;0.9387285;0.9390968;0.9388177;0.9390978;0.93907166;0.9387698;0.93899465;0.9392637;0.93937933;0.93955404;0.9392409;0.93907493;0.93894935;0.9387192;0.93892974;0.93868583;0.9389323;0.9385548;0.9385988;0.93782246;0.93747157;0.9366835;0.93682045;0.9365039;0.9359358;0.93584377;0.9355755;0.9355689;0.93575;0.935512;0.9354719;0.9345656;0.933787;0.9334554;0.932985;0.9318704;0.93141204;0.93041915;0.9299428;0.9293685;0.92879516;0.9283194;0.9277228;0.9266119;0.9244769;0.92288154;0.92164415;0.92089295;0.9196922;0.91878086;0.9170858;0.9157379;0.91433054;0.9121425;0.91057724;0.9093174;0.9077135;0.9065569;0.9051705;0.90373516;0.9028305;0.90199786;0.8996774;0.897591;0.89632195;0.8950949;0.89404607;0.89383;0.89313257;0.89276195;0.89133376;0.8909034;0.88990307;0.889574;0.8889173;0.8882995;0.88726383;0.88638777;0.88574165;0.8851463;0.8842211;0.8827222;0.8821019;0.8813819;0.88092774;0.8800903;0.8791359;0.87871116;0.8782887;0.8778615;0.87724364;0.87670904;0.875502;0.8741192;0.872729;0.8706827;0.86948943;0.8687348;0.86761475;0.8661135;0.8644493;0.8624265;0.8607344;0.8590462;0.8580329;0.8567647;0.85484827;0.8535734;0.85170126;0.85031503;0.8487825;0.84761524;0.8463937;0.84489036;0.8435371;0.84293586;0.84205437;0.8406971;0.84003145;0.83918244;0.83821744;0.8371782;0.8362344;0.8357953;0.83501756;0.8332907;0.83287275;0.8317725;0.8304963;0.8301863;0.82918733;0.82818;0.8274926;0.8270921;0.8270165;0.827067;0.8267019;0.8268053;0.8264043;0.8258985;0.82513547;0.8248588;0.82414913;0.82345814;0.823058;0.82273346;0.8223334;0.82250667;0.82251906;0.82238173;0.82165027;0.8208049;0.8207547;0.81979614;0.81851244;0.8175968;0.81639;0.8155916;0.81374407;0.8124494;0.81134176;0.8099693;0.80793184;0.8067896;0.8057983;0.80481154;0.8039979;0.8027416;0.80232036;0.8019324;0.80112785;0.80043936;0.8000891;0.7992301;0.7984645;0.79868937;0.798642;0.7983673;0.79818255;0.7980934;0.79778546;0.7972914;0.79702455;0.79658574;0.7963648;0.79573053;0.79552764;0.7956254;0.7958009;0.7959039;0.7954136;0.7953624;0.79532593;0.79556924;0.7948745;0.79373825;0.7936574;0.79329956;0.7931595;0.7927216;0.7922373;0.7909075;0.7903563;0.79006314;0.78947186;0.7886419;0.78810686;0.7870189;0.7855842;0.7849285;0.7845152;0.78396034;0.7830927;0.7819085;0.78044885;0.7794996;0.7776822;0.775944;0.77493495;0.7739785;0.77231324;0.7709205;0.7694891;0.7678548;0.76605684;0.7645193;0.7624213;0.7607267;0.7591372;0.75709295;0.7547942;0.7529892;0.7511928;0.7496429;0.74786246;0.74623185;0.74420947;0.74236137;0.74080116;0.73899305;0.7369636;0.7351284;0.7335528;0.7317345;0.72994775;0.728282;0.726512;0.72468394;0.72319704;0.72142965;0.7198025;0.7180298;0.71622235;0.7147051;0.7135174;0.71196866;0.710277;0.70906144;0.70776516;0.7062201;0.70463973;0.7031292;0.70147926;0.6995053;0.6977692;0.6962059;0.6946495;0.6931205;0.6914361;0.6900017;0.6882924;0.6867512;0.68525666;0.68347174;0.6817552;0.6804391;0.6789133;0.6773546;0.67590076;0.6742221;0.67237943;0.6708897;0.6694824;0.6679865;0.66668546;0.66537076;0.6639118;0.66268235;0.66105014;0.65972066;0.6584516;0.6569863;0.65547293;0.6540027;0.6528277;0.6517468;0.6504186;0.649185;0.6477606;0.64634246;0.6450186;0.643858;0.6426142;0.6412011;0.6400022;0.6388078;0.6375834;0.6363122;0.635234;0.6339892;0.63263065;0.6314973;0.63016623;0.628757;0.62780434;0.62658846;0.62529457;0.62410486;0.6229525;0.62187;0.62069327;0.6196348;0.6184989;0.6174479;0.6162396;0.6150521;0.613917;0.61277014;0.6116276;0.61064714;0.60930806;0.6081158;0.6068657;0.6056829;0.60456663;0.60343903;0.602331;0.60131884;0.60027957;0.59933513;0.5982421;0.59716815;0.5960529;0.5947171;0.5936408;0.5926576;0.5914999;0.5904205;0.58921266;0.58814156;0.5869868;0.58573484;0.5845027;0.5835639;0.58248454;0.5814377;0.5803091;0.5792985;0.5781357;0.57710445;0.57602066;0.574801;0.5735866;0.57257146;0.5716153;0.5706209;0.5695888;0.5686699;0.5677131;0.56670505;0.5656464;0.5647807;0.5638638;0.5627219;0.56198543;0.5607845;0.55977434;0.55870175;0.5576201;0.5566345;0.5555739;0.5546475;0.5538411;0.5528299;0.5519772;0.5509985;0.54985684;0.5488729;0.5477527;0.54686487;0.545879;0.54485893;0.54401803;0.54300493;0.5419956;0.541052;0.5400869;0.53912526;0.53820384;0.53728557;0.5363583;0.5352764;0.5343197;0.5334508;0.5324406;0.53157777;0.5307654;0.52987236;0.5289112;0.5280361;0.527317;0.5263885;0.52555686;0.5246346;0.52363425;0.5226956;0.52194476;0.52118456;0.5203578;0.5195108;0.5187691;0.5178591;0.51705414;0.51620656;0.5153618;0.5144189;0.51364696;0.5127214;0.5119324;0.5111457;0.5102733;0.50939286;0.5084388;0.5075974;0.50673705;0.5060205;0.50512224;0.5043456;0.503668;0.5028209;0.5020406;0.50115645;0.5002224;0.4994713;0.49874353;0.4979339;0.4971164;0.49620774;0.49546865;0.49471104;0.4940694;0.49343973;0.49268833;0.49199042;0.4913047;0.49032554;0.489614;0.4889349;0.48808613;0.48732075;0.48646757;0.48560736;0.4848099;0.48398533;0.48322284;0.48268956;0.48196065;0.48117512;0.48046055;0.47963122;0.47893092;0.47815526;0.47749788;0.4767172;0.47598702;0.47541216;0.47471458;0.47387642;0.4732023;0.4724167;0.47163367;0.47097996;0.470127;0.4694636;0.4688207;0.46822596;0.46754017;0.46672726;0.46606424;0.46536642;0.46461588;0.46399528;0.4633491;0.4625688;0.4619627;0.4612861;0.46067438;0.459912;0.45926818;0.45856386;0.45787942;0.4572059;0.4565961;0.45596156;0.45532873;0.45460144;0.45402476;0.45323202;0.45258942;0.45213032;0.4514822;0.45079294;0.45021728;0.4495062;0.44885704;0.44820127;0.44760677;0.44697157;0.44636345;0.44579905;0.44526964;0.4445741;0.4439141;0.44322276;0.44258332;0.44203672;0.4414337;0.440857;0.4403557;0.43982273;0.4392094;0.43862224;0.43801224;0.43738773;0.43675697;0.43611187;0.43550083;0.43491548;0.4344196;0.43383718;0.43322453;0.4326849;0.4320597;0.4314753;0.43097943;0.43045333;0.4298581;0.4292957;0.42870364;0.42816752;0.4274548;0.42680612;0.42627478;0.425622;0.4250706;0.4244063;0.42378202;0.4231899;0.42256168;0.42205587;0.4215137;0.4208979;0.42035124;0.41976866;0.41915795;0.4185861;0.4181638;0.41762418;0.41716698;0.41651973;0.41595507;0.41544306;0.4149177;0.41442278;0.41389278;0.4133569;0.41280797;0.41218138;0.4116571;0.41121283;0.41058394;0.41000676;0.40940285;0.4087936;0.4082779;0.4077705;0.40715912;0.4066265;0.40614417;0.40564206;0.40510648;0.40463468;0.40398428;0.40345305;0.4030057;0.40247706;0.40201816;0.4015262;0.4009606;0.40047804;0.3999086;0.39940155;0.39886883;0.3983241;0.39776745;0.39727917;0.3967721;0.39626628;0.3958082;0.3952652;0.39469728;0.39419675;0.3936844;0.39320606;0.39269626;0.39217475;0.39172608;0.39121363;0.39074776;0.39030877;0.38989007;0.38940167;0.3889465;0.3883902;0.3879183;0.3874793;0.38690817;0.38646513;0.38595372;0.38548142;0.38500398;0.38452148;0.38400275;0.38356632;0.38313088;0.38270265;0.38223207;0.3817935;0.38133132;0.38090095;0.38034904;0.3798842;0.37934744;0.378879;0.3784602;0.37796372;0.37747455;0.37704682;0.37657803;0.37614635;0.37571564;0.37530977;0.3748453;0.3744888;0.37400857;0.37342334;0.37291053;0.37251654;0.37202966;0.37157327;0.37111217;0.37067544;0.37021077;0.36980513;0.3694177;0.36894462;0.3685015;0.36800212;0.3676299;0.36720133;0.3667681;0.36640406;0.36596134;0.36549708;0.36503965;0.36470714;0.364291;0.36384776;0.36340004;0.36300358;0.36260244;0.36218554;0.36179727;0.36133245;0.36083576;0.3604339;0.35998902;0.3596438;0.35920087;0.3587209;0.35825852;0.35792744;0.35754824;0.35707268;0.35664144;0.3562435;0.3558625;0.35541815;0.3549749;0.35460195;0.354251;0.35384777;0.35340315;0.35299656;0.35261193;0.35215992;0.35177714;0.35131156;0.3509202;0.35048288;0.3500363;0.34968916;0.3492859;0.34894025;0.34851816;0.34812784;0.34772307;0.34736007;0.34699273;0.3466211;0.34627563;0.34582955;0.34541494;0.34496605;0.34461382;0.3442071;0.34374636;0.34333673;0.34297287;0.34255016;0.34219292;0.34187105;0.34149057;0.34115523;0.34075665;0.3403051;0.33992317;0.33958602;0.3392398;0.33890888;0.33854467;0.33824897;0.33790067;0.33761576;0.3373217;0.33697048;0.33658642;0.33620322;0.33583522;0.33543468;0.33497334;0.3346744;0.3343334;0.33397418;0.33362517;0.3332581;0.33291999;0.33261064;0.33223176;0.3318957;0.33153707;0.33117455;0.3308221;0.33049354;0.33017483;0.32977846;0.32944277;0.3290894;0.32871395;0.32835302;0.32806122;0.327729;0.3273385;0.32699415;0.32665956;0.32623556;0.32590252;0.32554325;0.32522956;0.32489857;0.3245103;0.32420304;0.3239008;0.3235991;0.32330242;0.32297975;0.32260928;0.3222748;0.3219235;0.32158607;0.3213149;0.32099184;0.3206477;0.32030857;0.32001355;0.3196931;0.3192956;0.31895936;0.3186453;0.31832758;0.31800622;0.31768122;0.31737396;0.31705877;0.3167357;0.31644723;0.31611273;0.3157747;0.31548375;0.3151765;0.31480274;0.31451774;0.31421238;0.3138659;0.31353682;0.31322506;0.3129222;0.31264475;0.31229347;
0.625;0.6490066;0.62068963;0.6611842;0.6861702;0.6734234;0.6937984;0.73265654;0.7564297;0.78342247;0.79689366;0.81352234;0.8234107;0.8325494;0.84035087;0.8474856;0.8560311;0.8633678;0.87038326;0.875083;0.87932116;0.8819277;0.8836132;0.8873474;0.890832;0.89327264;0.89646715;0.9007993;0.904178;0.9076182;0.9097808;0.9105027;0.9122668;0.9146389;0.9162913;0.9189091;0.92075336;0.922944;0.92504203;0.9267892;0.9285943;0.93020344;0.93195;0.9332735;0.93469983;0.93608487;0.9372715;0.9386857;0.93984354;0.94089586;0.942108;0.94321364;0.9444444;0.9454501;0.94658685;0.9474676;0.94854635;0.9493297;0.950201;0.9510213;0.9519086;0.95265394;0.95344466;0.95415294;0.9548857;0.9555954;0.9562316;0.9569415;0.9575157;0.9581927;0.9588637;0.95941764;0.95994973;0.9605519;0.9611431;0.960818;0.9609242;0.96040934;0.96090126;0.96138114;0.96190476;0.9622762;0.96269953;0.9631423;0.9636027;0.96405727;0.96449524;0.96479714;0.96516603;0.96553737;0.96592057;0.96627605;0.9666148;0.96699303;0.96738076;0.96775514;0.96808654;0.96841544;0.96871686;0.96903294;0.96929884;0.96963066;0.969898;0.9701379;0.9704298;0.9707595;0.9710394;0.97129303;0.9715936;0.97184443;0.97209084;0.9723556;0.97254854;0.97278285;0.9729977;0.97324264;0.9734563;0.9736695;0.9739053;0.97414833;0.97439516;0.97461545;0.9748294;0.9750264;0.9752465;0.9754448;0.9756324;0.97584194;0.9760649;0.9762432;0.9763929;0.97655475;0.9767442;0.9769193;0.9770985;0.97726834;0.9768797;0.97673535;0.97689986;0.976864;0.9770126;0.97716767;0.9773103;0.9774594;0.977641;0.9777838;0.97792476;0.9780795;0.9782283;0.97836936;0.97851616;0.97864616;0.978791;0.9789375;0.9790678;0.9791702;0.979315;0.9794714;0.9796087;0.9797391;0.9798466;0.97996104;0.98009026;0.98020995;0.98034537;0.9804604;0.980597;0.98070765;0.9808408;0.9809443;0.9810568;0.98115796;0.9812623;0.9813613;0.9814676;0.9815603;0.9816616;0.9817645;0.98186624;0.9819747;0.9820781;0.9821738;0.98228246;0.98237354;0.9824549;0.9825466;0.98264474;0.9827405;0.9827538;0.9828386;0.9829518;0.9830358;0.9831201;0.9832138;0.98329514;0.9833925;0.98347217;0.9835533;0.98362386;0.9837185;0.98379827;0.9838783;0.9838856;0.98356956;0.98331517;0.98340464;0.9834816;0.9835547;0.9836313;0.9837011;0.9837703;0.9838469;0.9839218;0.983866;0.9839313;0.98401564;0.9841106;0.9841864;0.9842671;0.984332;0.9843927;0.9844759;0.9845537;0.98463345;0.98470074;0.98476124;0.98481953;0.9848834;0.98496413;0.98503625;0.9850933;0.9851684;0.9852386;0.98531306;0.9853754;0.9854364;0.98549443;0.9855496;0.98560363;0.9856119;0.98568004;0.9857236;0.98578686;0.98584116;0.9858996;0.9859576;0.9860121;0.98607063;0.9861287;0.9861877;0.986244;0.9862978;0.9863476;0.98640406;0.9864545;0.9865052;0.9865583;0.98661643;0.9866633;0.9867138;0.9867673;0.98681575;0.98686117;0.9869109;0.986966;0.98701686;0.98705643;0.9871091;0.987162;0.9872175;0.9872615;0.9873008;0.98734665;0.9873921;0.9874331;0.98747736;0.98752666;0.9875744;0.9876212;0.9876601;0.9876999;0.9877389;0.9877811;0.9878246;0.9878707;0.98791414;0.9879573;0.9880013;0.9880427;0.98808175;0.98811674;0.98815846;0.9881989;0.98823637;0.9882767;0.98831165;0.9883448;0.9883839;0.9884279;0.9884695;0.98850524;0.9885393;0.9885821;0.98862064;0.98866135;0.98869497;0.9887323;0.98876935;0.9888061;0.9888408;0.9888715;0.9889062;0.9889445;0.98898196;0.9890238;0.9890567;0.9890844;0.9891138;0.9891484;0.9891796;0.98921025;0.9892447;0.98928106;0.9893133;0.98934793;0.9893793;0.98941094;0.98944664;0.98947704;0.98950434;0.9895357;0.98956805;0.98960185;0.9896326;0.98966074;0.98969316;0.9897278;0.989753;0.98977846;0.989809;0.98984164;0.98987174;0.9898959;0.98993266;0.9899599;0.989989;0.9900167;0.9900424;0.9900706;0.9901005;0.9901313;0.99016124;0.9901869;0.9902132;0.9902394;0.9902643;0.990288;0.99031377;0.990344;0.9903684;0.9903945;0.9904196;0.99044645;0.9904741;0.990502;0.990531;0.99055487;0.99058396;0.9906105;0.9906389;0.9906642;0.9906893;0.99071133;0.99073684;0.99076253;0.9907855;0.99081063;0.9908337;0.99085724;0.99087757;0.9909028;0.9909226;0.99094635;0.9909656;0.9909919;0.99102116;0.9910447;0.9910672;0.99108714;0.99110913;0.99113196;0.99115103;0.99117565;0.9911972;0.9912199;0.9912409;0.99126595;0.99128765;0.9913098;0.99133044;0.99135464;0.99138045;0.99139905;0.9914229;0.99144495;0.9914666;0.99142253;0.99144167;0.9914629;0.9914827;0.9915045;0.99152404;0.99154353;0.99156;0.99154776;0.991476;0.99149567;0.9915209;0.99154514;0.9915658;0.9915843;0.9916019;0.99161756;0.9916395;0.9916594;0.9916798;0.9917001;0.99172103;0.9917368;0.9917604;0.99177825;0.99179727;0.99175715;0.99177593;0.99179685;0.9918134;0.9918317;0.99184984;0.99186945;0.9918877;0.99190754;0.9919271;0.9919451;0.99196345;0.9919811;0.9919967;0.9920153;0.99203175;0.9920465;0.9920628;0.99208206;0.99209845;0.9921159;0.992131;0.9921511;0.99216694;0.9921821;0.9921956;0.9922113;0.9922294;0.99224293;0.99226135;0.992277;0.9922889;0.9923064;0.9923238;0.99234223;0.9923565;0.9923741;0.9923932;0.99240875;0.9924225;0.9924378;0.9924542;0.99247265;0.9924885;0.99250513;0.9925239;0.9925396;0.9925537;0.99257165;0.9925869;0.9926033;0.99261963;0.9926343;0.9926479;0.9926628;0.9926761;0.9926917;0.9927064;0.99272054;0.9927354;0.99274975;0.9927662;0.9927814;0.99279463;0.9928103;0.9928254;0.99283904;0.9928541;0.99286896;0.9928855;0.9928994;0.99291205;0.99292594;0.99294126;0.99295795;0.99297017;0.9929829;0.9929956;0.99300843;0.99302214;0.993035;0.9930454;0.9930614;0.9930738;0.99308777;0.9931008;0.99311465;0.99313;0.9931471;0.9931588;0.9931726;0.993187;0.9931968;0.99320906;0.9932213;0.9932338;0.9932466;0.99325806;0.9932738;0.99328643;0.99329907;0.9933093;0.9933205;0.9933327;0.9933446;0.9933562;0.9933684;0.9933812;0.9933933;0.9934041;0.9934156;0.9934251;0.99343824;0.9934517;0.9934631;0.99347633;0.9934896;0.9935015;0.9935124;0.99352527;0.99353653;0.99354964;0.9935608;0.993527;0.99344397;0.9934091;0.9934217;0.99343234;0.99344546;0.99345595;0.9934688;0.99348235;0.99349225;0.99350363;0.9935151;0.9935268;0.99353945;0.9935521;0.9935625;0.99357337;0.9935834;0.9935936;0.9936056;0.993616;0.99363;0.9936419;0.99365216;0.99366313;0.9936733;0.99368364;0.99369365;0.99370503;0.9937165;0.99372596;0.99373543;0.9937465;0.99375683;0.9937668;0.9937776;0.9937897;0.99379915;0.99381006;0.99381965;0.99383044;0.99384147;0.99385124;0.9938602;0.99387026;0.9938806;0.9938918;0.9939032;0.993914;0.99392396;0.99393374;0.9939427;0.9939546;0.993964;0.99397355;0.99398345;0.9939937;0.99400467;0.9940149;0.9940258;0.9940367;0.99404675;0.99405676;0.99406683;0.9940768;0.99408686;0.99401146;0.9940226;0.9940323;0.9940437;0.9940536;0.99406284;0.99407107;0.99407977;0.994089;0.9940979;0.99410886;0.99411666;0.9941246;0.9941345;0.9941436;0.994153;0.9941627;0.99417216;0.9941797;0.99418867;0.9941975;0.9942051;0.9942145;0.99422294;0.99423164;0.99424225;0.99425054;0.99425954;0.9942696;0.99427843;0.9942884;0.99429804;0.99430674;0.99431455;0.9943242;0.99433136;0.99434054;0.99434894;0.9943573;0.9943658;0.99437577;0.9943842;0.99439216;0.9944005;0.9944093;0.99441695;0.9944254;0.9944334;0.9944418;0.9944494;0.99445784;0.99446636;0.9944744;0.9944426;0.99437296;0.9943604;0.9943694;0.99437755;0.9943845;0.9943931;0.99440145;0.9944101;0.9944172;0.9944247;0.99443334;0.9944405;0.99444765;0.9944558;0.99446374;0.9944714;0.9944805;0.99448776;0.994495;0.9945035;0.9945113;0.9945187;0.9945253;0.9945137;0.9945208;0.9945281;0.99453664;0.99454474;0.9945538;0.9945604;0.99456775;0.99457496;0.99458224;0.99458915;0.99457926;0.99458677;0.9945944;0.9946028;0.99461013;0.9946168;0.9946241;0.9946313;0.99463844;0.99464566;0.9946542;0.9946632;0.9946701;0.99467736;0.9946834;0.9946898;0.9946966;0.9947042;0.9947103;0.99471647;0.99472314;0.9947304;0.9947369;0.9947448;0.9947512;0.9947581;0.994765;0.9947722;0.994779;0.9947861;0.99479306;0.9947992;0.9948069;0.994814;0.99482095;0.9948278;0.9948348;0.9948409;0.9948484;0.99485546;0.99486214;0.9948692;0.99487585;0.9948822;0.99488866;0.9948975;0.9949042;0.99491096;0.9949177;0.9949242;0.9949309;0.9949373;0.9949438;0.9949507;0.99495715;0.9949618;0.99496883;0.99497426;0.99498004;0.9949861;0.99499357;0.9949998;0.99500626;0.99501264;0.9950196;0.99502623;0.99503267;0.9950386;0.99504524;0.9950522;0.99505854;0.99506575;0.9950712;0.99507713;0.99508387;0.9950899;0.995094;0.99479926;0.99470526;0.99471104;0.99465036;0.99459124;0.99446535;0.99418974;0.99401444;0.9940213;0.9938807;0.993838;0.9938448;0.993854;0.9938633;0.9938716;0.9938797;0.9938877;0.9938957;0.99390405;0.99391145;0.9939194;0.9939274;0.9939358;0.99394333;0.99395;0.9939571;0.9939641;0.99397004;0.99397725;0.99398535;0.993992;0.99399835;0.994005;0.9940135;0.99402255;0.99402964;0.9940361;0.9940424;0.99405056;0.99396205;0.99382627;0.99383444;0.9938417;0.99384886;0.9938559;0.99386257;0.9938694;0.99387646;0.9938834;0.9938921;0.99389946;0.99390686;0.9939148;0.99392235;0.9939303;0.99393713;0.9939448;0.99395126;0.9939588;0.99396616;0.9939732;0.99398124;0.9939739;0.99388826;0.99389434;0.99390227;0.9939086;0.9939144;0.9939226;0.9939287;0.99393624;0.99394286;0.9939489;0.993957;0.993964;0.9939712;0.9939794;0.99397045;0.99397784;0.9939387;0.9939446;0.99395156;0.99395716;0.99396473;0.9939729;0.9937997;0.99356514;0.9934526;0.9933694;0.9931053;0.99302316;0.9926709;0.9922753;0.99213415;0.9919197;0.9917353;0.99162364;0.9915742;0.99148226;0.9914899;0.99149895;0.9915091;0.991491;0.9914557;0.9914516;0.99144506;0.9913802;0.99128586;0.99129575;0.99130565;0.99131685;0.99132645;0.99133444;0.9913447;0.9913548;0.9913636;0.991372;0.99138194;0.99139124;0.9914016;0.9914099;0.991419;0.9914268;0.99143475;0.9914438;0.991454;0.99146384;0.99147385;0.991485;0.9914947;0.99150556;0.99151677;0.99152493;0.9915338;0.9915287;0.99153715;0.9915478;0.9915572;0.9915654;0.9915756;0.9915846;0.9915926;0.9916008;0.99161;0.99161696;0.9916259;0.99163496;0.9916449;0.99165267;0.9916617;0.9916696;0.9916786;0.99157447;0.99158376;0.9915916;0.9916011;0.99152577;0.9915344;0.9915427;0.99155176;0.99155986;0.9915681;0.9915767;0.99158627;0.99159503;0.99160326;0.99161166;0.9916207;0.991628;0.99163675;0.99164474;0.99165314;0.99166083;0.9916699;0.99167836;0.9916876;0.9916965;0.99170375;0.99171305;0.99172246;0.99173045;0.99173903;0.9917474;0.9917578;0.99176687;0.9917735;0.9917813;0.99178874;0.99179727;0.9918045;0.991814;0.99182254;0.99183077;0.9918379;0.9918477;0.99185616;0.99186575;0.99187386;0.991881;0.9918896;0.99189675;0.9919064;0.99191415;0.9919217;0.9919297;0.99193937;0.9919472;0.9918633;0.99187183;0.99187994;0.9918881;0.991897;0.9919057;0.99191487;
0.71794873;0.7122302;0.7230047;0.7241379;0.71727747;0.6941432;0.7297794;0.7433904;0.76083916;0.77791876;0.7906433;0.8034372;0.81755424;0.82460976;0.83390117;0.8424437;0.84996194;0.85559565;0.86232877;0.8648649;0.8672956;0.87281495;0.87831604;0.88374656;0.8885367;0.89278454;0.89717346;0.9005186;0.9043518;0.9078603;0.91032726;0.9129538;0.91543084;0.9176746;0.91974133;0.9218808;0.9241007;0.9260946;0.9269949;0.92892563;0.9308237;0.93217665;0.9338665;0.9354354;0.9370609;0.9383424;0.93965757;0.94104743;0.94231284;0.9434657;0.94457334;0.94436014;0.9444169;0.945565;0.9457457;0.9459967;0.94439316;0.9440909;0.94459397;0.94407606;0.94472146;0.94453925;0.9415598;0.94240296;0.9426596;0.943487;0.94216347;0.94202334;0.9428023;0.9436247;0.9444548;0.94533116;0.9440724;0.9449492;0.9457419;0.94643784;0.9471162;0.94771576;0.9483105;0.9489425;0.9495675;0.9501613;0.95081186;0.95136154;0.95201117;0.95260733;0.95322436;0.9538255;0.9543305;0.95481795;0.95528865;0.9557433;0.9561764;0.956662;0.95704156;0.9574615;0.9578099;0.9582658;0.9587119;0.9591648;0.959502;0.9599066;0.960293;0.960657;0.9610242;0.9613315;0.9616197;0.96196926;0.9623309;0.9626812;0.96303827;0.9633799;0.9637111;0.96406144;0.9643434;0.96446174;0.96435463;0.9646595;0.9649671;0.96525395;0.9655664;0.96545357;0.96574384;0.9660002;0.96593803;0.96621054;0.9660326;0.96610343;0.96618706;0.9661259;0.9664307;0.96616465;0.9657984;0.96565336;0.9655071;0.96463025;0.9646001;0.9642651;0.9641221;0.96382576;0.9637252;0.9637891;0.9633886;0.96288794;0.96236414;0.9622813;0.96238637;0.9626419;0.96259105;0.96281904;0.96306044;0.96328276;0.9635245;0.9637413;0.9639925;0.96422195;0.9644486;0.96466345;0.9648933;0.965097;0.9652898;0.9655003;0.96570545;0.9659109;0.9661249;0.96635497;0.9665687;0.9667219;0.9668968;0.96709806;0.96724874;0.9672346;0.96742296;0.967378;0.9673806;0.9675647;0.96774673;0.9679459;0.9680686;0.96825397;0.9682888;0.9684685;0.968628;0.96881735;0.96902436;0.9692002;0.96937406;0.969546;0.96972865;0.96990085;0.970069;0.97021276;0.97034913;0.9705123;0.9706677;0.9708314;0.9709699;0.97111094;0.9712392;0.97136635;0.97149986;0.9716173;0.97155136;0.9716822;0.971692;0.9717217;0.9718463;0.9719964;0.9721239;0.9722642;0.9723978;0.9725319;0.97264946;0.9727761;0.97289157;0.9730143;0.9731425;0.97327113;0.97338724;0.9735135;0.9736449;0.9737578;0.9738806;0.97399455;0.9741045;0.974209;0.9743037;0.9744051;0.97451454;0.9746099;0.974709;0.97482735;0.9749261;0.97503394;0.97514653;0.9752428;0.97534245;0.97546726;0.9755489;0.97563535;0.9757359;0.97583824;0.9759201;0.97601694;0.9761196;0.97622;0.9763234;0.9764083;0.9764963;0.97658116;0.9766741;0.97676134;0.9768504;0.9769592;0.9770492;0.9771313;0.9772293;0.97732764;0.97741586;0.9775069;0.9775983;0.9776788;0.9777722;0.9778714;0.9779544;0.97804004;0.97809786;0.9781791;0.9782448;0.97831434;0.9783993;0.9784794;0.9785537;0.9786389;0.9787049;0.97878075;0.978853;0.9789318;0.979005;0.9790856;0.9791588;0.97922164;0.979288;0.97936165;0.9794377;0.97952074;0.97959185;0.9796671;0.97960776;0.9796778;0.9796021;0.9795362;0.9794753;0.9793614;0.97943664;0.9793657;0.97934365;0.9794127;0.97947305;0.97952944;0.97959906;0.9796637;0.9797342;0.9797909;0.9798623;0.979927;0.9799905;0.9800518;0.9801239;0.9801895;0.9802581;0.9803086;0.98038465;0.98043865;0.9805014;0.980576;0.9806346;0.9806953;0.9807564;0.98081553;0.9808822;0.98093826;0.98099154;0.98104537;0.98109967;0.9811567;0.9812302;0.9812857;0.9813499;0.9814092;0.9814637;0.9815141;0.9815672;0.98162436;0.9816841;0.9817406;0.98163545;0.98168385;0.98174053;0.981799;0.98184437;0.9819057;0.98195547;0.9820133;0.9820576;0.9821072;0.9821661;0.9822266;0.9822719;0.98232573;0.98237854;0.98243695;0.9824845;0.98253506;0.982584;0.98263204;0.9824979;0.9825452;0.98259616;0.98265004;0.9827029;0.9827529;0.98281336;0.9828584;0.9828995;0.9829434;0.98299575;0.98304415;0.9830965;0.98314244;0.983193;0.98323786;0.9832908;0.9833357;0.9833862;0.9834312;0.9834766;0.9835188;0.9835705;0.98361397;0.9836532;0.9837041;0.98375136;0.98378825;0.98383385;0.9838798;0.9839222;0.98396105;0.98400354;0.9840474;0.9840787;0.9841184;0.98415154;0.9841824;0.98422587;0.9842622;0.98429894;0.984335;0.98437655;0.9844158;0.9844544;0.9844882;0.98452336;0.9845609;0.9846008;0.98464346;0.9846789;0.9847152;0.9847494;0.9847932;0.98471195;0.9847463;0.9847844;0.9848262;0.9848591;0.984901;0.9849388;0.9849783;0.985012;0.9850497;0.985084;0.9851242;0.9851572;0.985191;0.98522365;0.9852567;0.98529;0.9853232;0.9853639;0.9854003;0.9853419;0.9853756;0.98540145;0.9854057;0.98544693;0.98548573;0.98551995;0.9855505;0.9855836;0.9855856;0.9856154;0.9855853;0.98553234;0.9855711;0.9856019;0.985639;0.9856738;0.9857042;0.9857311;0.98575747;0.98578256;0.98581165;0.9858473;0.985879;0.98591304;0.9859384;0.98596764;0.98600006;0.9860283;0.986056;0.9860856;0.98611546;0.98614526;0.9861689;0.98620594;0.98623765;0.98626566;0.9862936;0.98632413;0.98635185;0.98638445;0.9864119;0.98643625;0.9864601;0.9864914;0.9865218;0.98654723;0.9865744;0.9865985;0.98662955;0.986656;0.9866872;0.9867149;0.9867425;0.986766;0.98679554;0.98681885;0.9868446;0.9868713;0.9868993;0.9869251;0.9869536;0.9869785;0.9870102;0.98695815;0.98687893;0.9868246;0.98684907;0.9866596;0.98636883;0.98613495;0.9861653;0.98618567;0.9862158;0.9862407;0.98626554;0.986286;0.98631066;0.9863427;0.98636436;0.9862897;0.98631835;0.9863445;0.98637336;0.9863965;0.9864265;0.98645294;0.98647887;0.9865051;0.98653394;0.9865596;0.986591;0.98656243;0.98643595;0.9864371;0.9864386;0.9864661;0.9864892;0.98651624;0.98654217;0.98656934;0.986598;0.9866243;0.9866485;0.9866723;0.98669595;0.98672086;0.9867421;0.9867665;0.9867879;0.9868134;0.98683506;0.98685783;0.98688596;0.98691046;0.9869394;0.98696333;0.98698664;0.98701453;0.9870392;0.9870626;0.98708856;0.98711544;0.98714095;0.98716116;0.9871898;0.9872063;0.9872299;0.98725617;0.98728234;0.98718464;0.9871608;0.9871133;0.9871341;0.9871537;0.9871774;0.98720163;0.9872245;0.9872477;0.987269;0.9872943;0.9873155;0.98734087;0.98736334;0.9873848;0.987408;0.9874319;0.98745316;0.98747575;0.9874991;0.987519;0.9874733;0.9874952;0.98751783;0.98744947;0.9874755;0.98734176;0.9873588;0.98737925;0.98740125;0.98741984;0.98744506;0.9874677;0.98748803;0.9875097;0.9875307;0.98755413;0.9875737;0.9875904;0.9876103;0.9876285;0.98764783;0.9876665;0.9876889;0.987708;0.9877294;0.9877486;0.98776644;0.98779005;0.9878049;0.9878262;0.98784727;0.98786587;0.98788726;0.9879047;0.98792547;0.9879412;0.98796135;0.98798114;0.9880011;0.98801845;0.98803884;0.9880571;0.98807555;0.98809093;0.9881098;0.9881314;0.9881524;0.9881713;0.9881899;0.9882084;0.9882284;0.98824906;0.98826814;0.98828375;0.9883023;0.9883214;0.9883367;0.98835456;0.9883733;0.98839104;0.9884097;0.988428;0.9884446;0.9884619;0.98848057;0.98849636;0.98851514;0.9885306;0.98854876;0.9885662;0.9885855;0.9886021;0.9886182;0.9886359;0.9886538;0.98867273;0.9886882;0.9886836;0.98870194;0.9887205;0.9887344;0.98875105;0.9887685;0.98878413;0.9888017;0.9888184;0.9888321;0.9888496;0.98887116;0.9888845;0.9889005;0.98887646;0.9888941;0.98890847;0.9888276;0.9888422;0.9888601;0.988877;0.988893;0.9889085;0.98892725;0.988944;0.98896194;0.9889771;0.98899126;0.9890057;0.98902345;0.9890382;0.9890559;0.9890703;0.9890847;0.9890995;0.9891149;0.98912984;0.98914635;0.98915976;0.98917496;0.9891881;0.98920524;0.9892215;0.9892356;0.9892582;0.98927397;0.9892871;0.9893011;0.9893155;0.9893303;0.98934543;0.98935914;0.9893724;0.9893872;0.98940235;0.9893631;0.9893796;0.9893941;0.98940825;0.9894238;0.9894392;0.98945475;0.9894673;0.9894795;0.9894937;0.989506;0.9895204;0.98953354;0.98954767;0.9895619;0.9895775;0.9895939;0.98960745;0.98962045;0.98963434;0.98964906;0.9896642;0.9896787;0.98969406;0.989707;0.98972136;0.98973334;0.9897487;0.9897597;0.9897721;0.9897883;0.989803;0.98981744;0.98983204;0.98984396;0.98985773;0.98987156;0.98988456;0.9898988;0.98991215;0.989927;0.98994076;0.989955;0.98996943;0.9899827;0.9899993;0.9900115;0.9900245;0.9900373;0.9900518;0.99006456;0.9900764;0.99008757;0.9901;0.99011314;0.9901258;0.990138;0.9901522;0.9901648;0.9901773;0.990189;0.9902021;0.9902133;0.99022645;0.9902384;0.9902497;0.99026126;0.99027646;0.9902888;0.99030113;0.99031305;0.9903266;0.99033993;0.9903515;0.9903631;0.9903756;0.990387;0.9904001;0.9904143;0.9904284;0.99044114;0.9904543;0.9904675;0.99047935;0.9904904;0.9905022;0.99051535;0.9905257;0.99053776;0.9905488;0.99056137;0.9905753;0.9905846;0.99059385;0.9906056;0.9906169;0.9906289;0.99064034;0.9906512;0.9906647;0.99067867;0.9906904;0.9907026;0.99071586;0.9907273;0.99073833;0.9907497;0.99076116;0.99077123;0.9907827;0.9907954;0.99080837;0.9908208;0.99083114;0.9908434;0.9908565;0.99086946;0.9908808;0.99089277;0.9909036;0.9909154;0.9909259;0.9909352;0.9909454;0.99095595;0.9909666;0.99097896;0.9909909;0.9909986;0.99100864;0.9910186;0.99102956;0.9910398;0.99105;0.99106044;0.9910718;0.9910817;0.9910923;0.9911034;0.9910981;0.9911084;0.9911034;0.9911132;0.99112236;0.99110264;0.99108255;0.9910909;0.991102;0.99111205;0.99112254;0.99113315;0.9911445;0.9911529;0.9911608;0.9911712;0.9911805;0.9911906;0.9912005;0.99121064;0.9912205;0.9912298;0.9912404;0.99125046;0.991262;0.9912718;0.991281;0.99129117;0.9913008;0.9913096;0.991321;0.9913303;0.99131095;0.9913194;0.99126834;0.99121934;0.991229;0.99124;0.9912507;0.99125916;0.99125624;0.99126565;0.9912751;0.9912832;0.9912915;0.9913005;0.9913091;0.99131817;0.9913266;0.9913348;0.99134386;0.991353;0.99136317;0.9913739;0.9913825;0.9913924;0.9914034;0.991413;0.9914211;0.99143094;0.9914384;0.99143183;0.99144274;0.99143755;0.9913619;0.9913572;0.9913519;0.99123245;0.99089706;0.9907352;0.9905729;0.99042606;0.9902059;0.9896856;0.9895377;0.98912114;0.9887048;0.9878228;0.9871673;0.9864871;0.98591906;0.9854106;0.9848579;0.98444986;0.9839568;0.98328584;0.9829061;0.9822778;0.9818596;0.98127574;0.980467;0.97963476;0.97887415;0.9782791;0.9775766;0.97691715;0.9762323;0.97556525;0.97492456;0.9743661;0.97364587;0.97280025;0.9719414;0.9713191;0.9708895;0.9700903;0.9691582;0.96825397;0.96744174;0.96665657;0.9657736;0.9650151;0.96397483;0.963422;0.9624639;0.96157366;0.9605651;0.9595833;0.95867217;0.9578174;0.9570826;0.9562631;0.955384;0.9546403;0.9537245;0.9527596;0.9517486;0.95092785;0.9500263;0.9493354;0.94828886;0.9474222;0.9463665;0.9453892;0.9443254;0.9431756;0.94229305;0.9413996;0.9403322;0.93949246;0.93847936;0.93763053;0.9367085;0.9357014;0.93484515;0.933941;0.9330386;0.9320887;
0.36923078;0.4097222;0.44131455;0.556338;0.59039545;0.60747665;0.61988306;0.62283736;0.62691134;0.6239554;0.6343001;0.63448274;0.6421053;0.65470415;0.6726781;0.68595743;0.7024;0.7183735;0.7289586;0.7381916;0.74646074;0.7512255;0.75858057;0.761799;0.76679206;0.7706279;0.77130044;0.7674641;0.7686256;0.7687136;0.76889473;0.76751053;0.7657841;0.7661514;0.76759475;0.77197593;0.7777778;0.78384125;0.7873147;0.79035497;0.791721;0.79448146;0.7955955;0.7987879;0.7998816;0.8030084;0.8066799;0.8090355;0.81063485;0.81275004;0.8131696;0.8103669;0.8120585;0.8116481;0.8119367;0.81435406;0.81741375;0.82034135;0.8230891;0.8249166;0.82763904;0.830461;0.83283836;0.8336124;0.834433;0.8350578;0.8375898;0.8388365;0.8405657;0.842909;0.8443396;0.84596807;0.8475106;0.8488203;0.8498208;0.85176015;0.8521557;0.8526824;0.85439044;0.8563257;0.858116;0.85986215;0.8620132;0.86364365;0.865427;0.8671024;0.8685749;0.87007457;0.8713855;0.8729923;0.87457776;0.87598026;0.8772636;0.87846875;0.879786;0.8809922;0.8821419;0.8834607;0.88453215;0.8857525;0.88688743;0.8879706;0.88896114;0.8900335;0.891224;0.8921445;0.8930495;0.8940972;0.8950473;0.89604384;0.8970092;0.89789575;0.89888704;0.89976525;0.9006283;0.9015675;0.9022883;0.9031417;0.9037313;0.9044849;0.90519536;0.9059989;0.9068804;0.90753573;0.90823126;0.9089455;0.90957224;0.9102847;0.91097677;0.91155756;0.9119309;0.9126313;0.91304785;0.91361123;0.9140859;0.9144587;0.9149941;0.91475827;0.91461873;0.9146106;0.91464347;0.91452426;0.91359186;0.91312075;0.91166633;0.91177016;0.91184574;0.9117352;0.9120232;0.91185194;0.91237944;0.9121795;0.91178286;0.9108893;0.9089486;0.9076139;0.9076791;0.9082459;0.90866727;0.9089991;0.90900725;0.9069304;0.90500575;0.90372926;0.9029285;0.90182406;0.90136987;0.899848;0.8992297;0.89858735;0.8970415;0.895887;0.8942472;0.893394;0.892441;0.8914386;0.89080983;0.8905049;0.8895637;0.8886403;0.8870681;0.8856301;0.88485783;0.88262296;0.88004637;0.8781843;0.87476677;0.87285835;0.8693924;0.8670716;0.8640736;0.86085683;0.8581753;0.8564021;0.85456043;0.85325307;0.8520839;0.85061675;0.8498381;0.8488957;0.84822977;0.84719175;0.8462658;0.84461415;0.84339166;0.8416661;0.84085894;0.83965915;0.8386765;0.83744884;0.83523196;0.83351284;0.8325872;0.83104163;0.829125;0.8274124;0.82643706;0.8252715;0.823887;0.8230835;0.8220586;0.82139397;0.8219046;0.82146287;0.82053584;0.8199952;0.820382;0.8207096;0.82087624;0.8216001;0.82171583;0.8219965;0.8221054;0.8225073;0.82164145;0.8213592;0.8215687;0.8216914;0.82164204;0.82158095;0.8224085;0.8230123;0.8233795;0.82412004;0.8246068;0.8249123;0.8254696;0.8263138;0.82642347;0.82706;0.82774913;0.8281835;0.8287842;0.82903314;0.82956165;0.8301114;0.83009785;0.8304563;0.8299408;0.8300998;0.83000773;0.8307147;0.8304946;0.8310742;0.8309902;0.83089834;0.83104265;0.83111805;0.8313006;0.8316886;0.8319182;0.8318575;0.8323808;0.83274406;0.83306414;0.8329677;0.83280694;0.832785;0.833036;0.8334615;0.83363664;0.8338901;0.83398324;0.8341473;0.83416015;0.83420444;0.8346161;0.83518076;0.8356707;0.83607316;0.8364335;0.83681375;0.83677125;0.8371635;0.8372549;0.8377211;0.8383312;0.83887863;0.8394223;0.83997667;0.84049875;0.84099615;0.8415538;0.84203774;0.8426436;0.84318984;0.84369797;0.8442437;0.8447721;0.84524995;0.84580487;0.8462963;0.84683716;0.8472894;0.8477714;0.8482245;0.8487648;0.8492184;0.84966934;0.8501428;0.8506632;0.8511676;0.85163784;0.85203767;0.8524475;0.8528854;0.8533207;0.8537535;0.85423136;0.8546765;0.85513073;0.8556055;0.8560539;0.85651684;0.8569826;0.85746807;0.8578484;0.85828865;0.85868704;0.85904425;0.8594218;0.8598138;0.8602529;0.8606676;0.86106896;0.8615325;0.86202496;0.86243975;0.862831;0.86314136;0.86346596;0.86385655;0.8642914;0.86469275;0.865056;0.8654223;0.86581194;0.86616415;0.86656445;0.8669425;0.8672148;0.8675745;0.86791265;0.8682199;0.8686177;0.8689698;0.8691082;0.869435;0.8696856;0.8700407;0.8701717;0.87053764;0.8707875;0.87113124;0.8714178;0.87174535;0.8719293;0.8723208;0.8725487;0.8728688;0.8731525;0.8735272;0.873689;0.8740028;0.87431943;0.874665;0.87505203;0.8753289;0.8756088;0.875926;0.8762671;0.8765809;0.87687206;0.87717444;0.8774295;0.8777291;0.8780149;0.87829936;0.87865204;0.8789203;0.8792248;0.87948745;0.87978107;0.8800892;0.88040376;0.8807324;0.8810632;0.8813023;0.88160664;0.88192487;0.8822414;0.88250643;0.8827474;0.8830064;0.8833209;0.88359994;0.8838514;0.88419497;0.88448465;0.8847471;0.885078;0.8853268;0.88562536;0.88590074;0.8862143;0.8864797;0.88675094;0.88702446;0.88727194;0.88753945;0.8878126;0.8880741;0.8882581;0.8885071;0.8887791;0.8890805;0.88926804;0.8895295;0.88979316;0.8900522;0.89030665;0.8905234;0.8907757;0.8910268;0.89122754;0.89149624;0.8917473;0.89202964;0.89221376;0.89242303;0.8926922;0.892906;0.89311254;0.8933499;0.89358306;0.89380896;0.8940651;0.89430296;0.8945659;0.89480907;0.89502054;0.8951547;0.8952699;0.8954956;0.895713;0.8958838;0.8960826;0.89634794;0.8965764;0.8967664;0.8969507;0.8971274;0.89719945;0.89732486;0.89743805;0.89740336;0.8976285;0.89783543;0.89801866;0.8982155;0.8984342;0.8986492;0.89885485;0.89908767;0.8992943;0.899514;0.8997327;0.89990646;0.9001016;0.9003177;0.9005548;0.9007852;0.90100116;0.9012108;0.9014329;0.90162736;0.901837;0.90201145;0.90221685;0.9024135;0.9026016;0.9027915;0.9030091;0.9031614;0.9033569;0.90354645;0.9036874;0.9037563;0.9039262;0.90410817;0.904322;0.90450746;0.9046897;0.9048737;0.905057;0.90523225;0.90537983;0.9055881;0.9057711;0.90595096;0.9061422;0.90631586;0.906508;0.9066827;0.90675694;0.9069471;0.9071483;0.90731573;0.9074778;0.90767443;0.9078306;0.9079793;0.9081507;0.90833294;0.9084756;0.908613;0.90880936;0.90897304;0.9091497;0.9093257;0.9094786;0.9096578;0.90980285;0.90999186;0.91013366;0.9103191;0.9105081;0.9106745;0.91076267;0.910901;0.9110852;0.9112471;0.9114191;0.911584;0.9117569;0.9119312;0.91207314;0.912223;0.9123682;0.9125338;0.9127217;0.9128694;0.91301453;0.91318387;0.91331977;0.91347975;0.9136126;0.9137817;0.91392785;0.9140816;0.9142388;0.91437536;0.9144895;0.91466117;0.9148123;0.9149431;0.9150676;0.91522515;0.915386;0.91551703;0.91563207;0.915805;0.9159482;0.9161025;0.91625625;0.91639423;0.91654116;0.9166192;0.916769;0.9167783;0.9168972;0.91696846;0.91711485;0.9172271;0.9173818;0.9175378;0.9176563;0.9178021;0.91795653;0.9181104;0.9182272;0.9182634;0.9184122;0.9184538;0.9184401;0.918417;0.9182984;0.9180075;0.9178863;0.91760236;0.91745996;0.9172468;0.9169199;0.9167067;0.9161019;0.91590333;0.91552633;0.91510946;0.91480887;0.91454434;0.9140251;0.9132138;0.91268;0.912507;0.91199917;0.9111111;0.9107467;0.91015065;0.90919536;0.90857714;0.90755427;0.9070216;0.90620244;0.9055911;0.90515935;0.9044752;0.90388614;0.9029077;0.90227705;0.90120465;0.9007457;0.89986235;0.898963;0.89771736;0.8968753;0.8955997;0.8943567;0.89336115;0.8921506;0.8908091;0.88972527;0.8887086;0.8877061;0.8865517;0.88526666;0.88389283;0.882798;0.88141394;0.8802489;0.8788014;0.87753654;0.87615114;0.8747171;0.8733935;0.8721792;0.8709437;0.8699112;0.8687416;0.8674361;0.8661865;0.8650442;0.8637842;0.86239046;0.860984;0.85968465;0.8584913;0.8572334;0.8559622;0.8545936;0.85319567;0.85199255;0.85061985;0.8492516;0.8481536;0.84705836;0.8457511;0.84446436;0.8430995;0.8419517;0.8405623;0.83930755;0.8380727;0.8368901;0.8356141;0.83456707;0.83342636;0.8323208;0.83123416;0.83022994;0.8290693;0.8279436;0.82685256;0.8254967;0.8244288;0.82326883;0.8220497;0.8209275;0.8196687;0.8185066;0.8174404;0.81636155;0.8155005;0.81441146;0.81332535;0.8119679;0.8108579;0.8097509;0.80863184;0.8076062;0.8065832;0.805368;0.8042909;0.8030826;0.8019373;0.8009286;0.7997894;0.7986535;0.79771185;0.79669905;0.79573274;0.79456455;0.79334164;0.79231095;0.7911672;0.79011333;0.78907657;0.78821474;0.7870542;0.7860112;0.78480023;0.7834229;0.78224814;0.7811333;0.7799092;0.778731;0.77758425;0.77659404;0.77548134;0.7745796;0.77366614;0.7725894;0.77146065;0.7705134;0.7696095;0.7684622;0.767291;0.766137;0.7652163;0.76427084;0.7630183;0.76209164;0.7609666;0.7600182;0.7590989;0.75807554;0.75698876;0.7558655;0.75478506;0.75395703;0.7531702;0.7521366;0.7510798;0.750039;0.7492213;0.7483538;0.74724305;0.74627715;0.7453137;0.7444807;0.74361134;0.7425529;0.7416244;0.740749;0.7397871;0.73877734;0.73777026;0.7369666;0.73591447;0.7349402;0.73391867;0.73301166;0.73202026;0.73119205;0.73016864;0.72938144;0.72848564;0.7276592;0.7267555;0.7258419;0.72496694;0.7240941;0.7232475;0.722162;0.7212959;0.72037196;0.71939063;0.7184954;0.71760243;0.71671164;0.7158467;0.71479505;0.7137936;0.71307653;0.7121384;0.7111794;0.71037436;0.7095944;0.708793;0.7079355;0.70716095;0.70635635;0.7056887;0.7048828;0.70405114;0.70331097;0.7024489;0.70145917;0.70051754;0.6997254;0.6989011;0.69805634;0.69729215;0.6963953;0.6956124;0.6948201;0.6939851;0.69319654;0.69242084;0.6915143;0.6906983;0.6897414;0.68889666;0.6881087;0.6871698;0.686364;0.6854407;0.6845632;0.683688;0.6829168;0.6821532;0.681402;0.68049204;0.6797339;0.6789773;0.678265;0.677268;0.67658037;0.67568326;0.6750304;0.6742318;0.673498;0.67265075;0.6718578;0.6711291;0.67032933;0.66953146;0.6688181;0.66800326;0.66722125;0.66636926;0.6656626;0.66491663;0.664264;0.66350085;0.66273946;0.66202027;0.66127235;0.660516;0.6597615;0.6589986;0.65827745;0.657518;0.6568898;0.65610373;0.6553592;0.6545768;0.65379626;0.65299785;0.652221;0.6515147;0.65068275;0.65001875;0.64933664;0.6487045;0.64799607;0.6472311;0.64648724;0.6458607;0.64518726;0.6446783;0.643902;0.64317536;0.6424789;0.64173645;0.6410905;0.6403986;0.63973653;0.6390475;0.6383976;0.6376739;0.6369612;0.6362688;0.6356339;0.6350095;0.6343771;0.633644;0.633005;0.6322842;0.63157433;0.63080174;0.6300035;0.6293718;0.62862283;0.62799394;0.6273754;0.62658584;0.6259339;0.6253284;0.62469715;0.6239772;0.62336653;0.6227302;0.6221041;0.6215243;0.6208829;0.6201629;0.61956865;0.6189313;0.6182599;0.617502;0.61686885;0.61628187;0.6154939;0.6149348;0.6143157;0.6136544;0.6130986;0.6124226;0.6118863;0.6111354;0.6105325;0.6098107;0.60921043;0.60851735;0.60789406;0.60730606;0.60667676;0.6060233;0.6053459;0.60463625;0.6041472;0.60355806;0.6030456;0.60239154;0.6018058;0.60107106;0.6005628;0.59993076;0.5992586;0.5985714;0.5979848;0.5973005;0.59660137;0.5959121;0.5954289;0.59481573;0.5942283;0.5936096;0.59312195;0.59250546;0.59196305;0.59138125;0.5906879;0.59014875;0.5895304;0.5890022;0.5884822;0.58791524;0.5872379;0.58664155;0.5860306;0.5854763;0.5848361;0.58421314;0.5837094;0.583081;0.5825401;0.58185947;0.58131295;0.58074415;
0.3956044;0.5508982;0.5646552;0.5492064;0.57631576;0.59375;0.59108526;0.5913793;0.62537766;0.6437247;0.6662577;0.6837989;0.7007299;0.71660304;0.7353464;0.7476949;0.7482353;0.7602383;0.7743518;0.78255033;0.79102564;0.8012158;0.802907;0.8098944;0.81546664;0.81938773;0.8229218;0.8269322;0.83264744;0.8388375;0.8433121;0.84827304;0.8532803;0.85730857;0.8614865;0.8653776;0.8689165;0.8726708;0.8759247;0.87929344;0.8821839;0.8851898;0.8877396;0.8903743;0.89276373;0.8949616;0.89747155;0.89942765;0.9013369;0.90335256;0.9052388;0.9071698;0.90902364;0.9109341;0.91268337;0.91422594;0.9157534;0.9172646;0.918579;0.9198787;0.9211424;0.92256176;0.9238213;0.9248731;0.9260739;0.927194;0.9281414;0.92909163;0.9300303;0.9310345;0.93194777;0.93298316;0.93392855;0.93495077;0.93577504;0.936633;0.93738365;0.9375941;0.9382757;0.93913186;0.9397901;0.9404819;0.9406766;0.94135034;0.94202673;0.94274867;0.9433083;0.9439572;0.94457513;0.9451557;0.94587225;0.94646406;0.9469985;0.94757336;0.9481002;0.9486236;0.94904715;0.94954497;0.95007944;0.95061564;0.95103896;0.9514863;0.9512226;0.9511089;0.95097303;0.9514755;0.9519336;0.95239824;0.95284826;0.9532233;0.953658;0.9541487;0.95454544;0.95490956;0.9552527;0.95561564;0.9559924;0.9563338;0.9566557;0.9570057;0.957387;0.95772535;0.9581163;0.9584651;0.9587823;0.9591074;0.9594024;0.9597713;0.9600851;0.9603861;0.9607139;0.96104026;0.9613536;0.9616433;0.961925;0.9618262;0.9621169;0.9623996;0.96265715;0.962925;0.96322644;0.96346277;0.963706;0.9639591;0.96420544;0.96448964;0.9647069;0.9649401;0.9651946;0.9654454;0.96569264;0.9659276;0.9661334;0.9663425;0.96656024;0.96678627;0.9669655;0.96716714;0.96740377;0.9676028;0.9678019;0.9680013;0.9681778;0.9683977;0.96856487;0.9687647;0.9687085;0.9687452;0.9689115;0.9690666;0.96926945;0.96944654;0.9696307;0.9697856;0.96990514;0.9700861;0.9702429;0.9704025;0.97057533;0.97071433;0.9708815;0.97104675;0.97120607;0.9713514;0.9715154;0.9716616;0.9718103;0.97193986;0.97209334;0.9722146;0.9723518;0.9724877;0.97263527;0.97278863;0.97293484;0.9730597;0.9731941;0.973336;0.9734624;0.9735859;0.9737254;0.97386;0.97398156;0.9741086;0.9742344;0.97433937;0.9744597;0.97458214;0.97472876;0.97485024;0.97496116;0.9750758;0.9751939;0.9753109;0.9754523;0.9755787;0.9757214;0.9758292;0.9759489;0.97605896;0.9761482;0.9762424;0.97634697;0.9764589;0.9765684;0.9766647;0.976771;0.97687095;0.97697145;0.97708535;0.9771749;0.97728425;0.97737986;0.97747725;0.97756624;0.97767067;0.9777496;0.97784495;0.97793955;0.9780322;0.9780214;0.9781093;0.97820354;0.9783028;0.97839653;0.9784918;0.97856575;0.97864825;0.978729;0.9788335;0.9789216;0.9790068;0.97908276;0.9791474;0.979234;0.9793061;0.97936517;0.9794333;0.9795206;0.9796062;0.9796901;0.979751;0.9798407;0.9799197;0.97998714;0.9800424;0.98010415;0.97993636;0.98002243;0.9800913;0.9801597;0.9802248;0.98030174;0.9803734;0.98044264;0.9805087;0.98058254;0.9806549;0.98073673;0.98080075;0.98087597;0.9809453;0.9810027;0.9810816;0.98114854;0.98121595;0.9812794;0.9813416;0.9813932;0.98145884;0.9815224;0.9815805;0.98164976;0.9817103;0.98176885;0.98182863;0.98188245;0.98194546;0.98200494;0.98205924;0.98211324;0.9821739;0.9822311;0.98228633;0.9823413;0.9824019;0.9824501;0.98251075;0.98257023;0.9826271;0.9826814;0.9827412;0.9827991;0.9828574;0.98290455;0.98295575;0.9830122;0.98306763;0.9831234;0.9831726;0.9832304;0.9832912;0.9833469;0.9833894;0.9834343;0.98348373;0.9835315;0.98357767;0.9836249;0.98367965;0.98372823;0.98377717;0.9838303;0.98356336;0.983187;0.98323566;0.9832931;0.98333526;0.9833843;0.98343694;0.9834822;0.98352975;0.9835739;0.98358214;0.98362154;0.9836719;0.983722;0.9837687;0.98382306;0.9838758;0.9839264;0.9839684;0.98402023;0.98406404;0.984107;0.9841568;0.9841958;0.98423636;0.98427904;0.984326;0.98436135;0.98440105;0.9844451;0.98448944;0.9845335;0.98457783;0.9846159;0.9846587;0.9846904;0.9847258;0.98476094;0.9847944;0.9848522;0.98489743;0.9849366;0.98497766;0.98502004;0.9850591;0.9850979;0.985135;0.9851714;0.98521525;0.9849825;0.98491895;0.9847172;0.9842118;0.9842578;0.98429835;0.9843407;0.9842445;0.9842853;0.98432213;0.9843614;0.9844057;0.98443943;0.9844802;0.98448354;0.9845189;0.98456067;0.9846033;0.98464006;0.9846757;0.9847072;0.98474747;0.9847831;0.9848186;0.9848529;0.98489386;0.98492444;0.98496455;0.98499537;0.9850361;0.9850699;0.985105;0.9851361;0.98517466;0.9852088;0.9852511;0.9852867;0.9853171;0.98534924;0.9853812;0.9854135;0.9854479;0.98548305;0.9855158;0.9855497;0.985579;0.98561215;0.98564434;0.9856798;0.9857099;0.9857494;0.9857784;0.9858137;0.98583895;0.98587734;0.985913;0.98595136;0.98598367;0.98602086;0.98604995;0.98608017;0.9861091;0.986139;0.9861705;0.9861998;0.9862318;0.9862649;0.986299;0.9863301;0.9863579;0.9863853;0.98641604;0.98639005;0.9863349;0.98635817;0.98639107;0.98642224;0.9864529;0.9864807;0.9865092;0.9865356;0.98656654;0.98659766;0.9866207;0.9865634;0.98659927;0.9866244;0.9866566;0.9866778;0.9867083;0.9867382;0.98676544;0.9867889;0.98681736;0.9868428;0.9868729;0.98690355;0.98693544;0.98696184;0.98698604;0.9870137;0.9870356;0.98706263;0.98708963;0.98711365;0.9871404;0.9871667;0.98719186;0.98722106;0.9872467;0.9872732;0.9872959;0.9873219;0.9873468;0.98737025;0.9873963;0.9874225;0.98744637;0.98747146;0.9874961;0.9875232;0.987545;0.98756874;0.98758847;0.98760945;0.98763514;0.9876607;0.98768747;0.98770934;0.98773146;0.9877551;0.9877005;0.9877244;0.98774636;0.9877691;0.98779154;0.9878179;0.9878407;0.9878628;0.9878877;0.987909;0.9879309;0.98795456;0.9879799;0.9879994;0.9880263;0.98805225;0.98807424;0.9880982;0.98812324;0.9881423;0.98816246;0.98818374;0.98820496;0.9882226;0.98823965;0.98826236;0.9882838;0.9883038;0.98832655;0.9883464;0.9883724;0.9883909;0.98841226;0.98843235;0.9884532;0.98847204;0.98849005;0.98851234;0.98853433;0.9885575;0.98857903;0.9885983;0.988621;0.9886415;0.98866;0.98867977;0.98869896;0.98871833;0.98873585;0.9887561;0.9887756;0.98879266;0.98881483;0.98883516;0.9888579;0.9888786;0.98889685;0.98891455;0.98893625;0.9888618;0.9888353;0.98883003;0.98871106;0.9887309;0.9887479;0.98876786;0.9887901;0.9888102;0.98882616;0.9888459;0.9888673;0.9888894;0.9889059;0.9889241;0.9889437;0.98896253;0.9888713;0.9888879;0.9889047;0.98891956;0.9889383;0.98895496;0.9889757;0.98899543;0.9890151;0.9890311;0.9890497;0.9890686;0.9890004;0.9890228;0.9890429;0.98905987;0.9890753;0.9890955;0.98911417;0.98913187;0.989149;0.989164;0.9891831;0.98919916;0.989218;0.98923695;0.98925376;0.9892694;0.98928404;0.9893007;0.9893198;0.9893348;0.9893511;0.989366;0.9893835;0.9893972;0.98941576;0.9894309;0.9894467;0.98946375;0.9894785;0.9894957;0.9895091;0.9895244;0.9895399;0.98955387;0.989571;0.98958504;0.98960125;0.9896191;0.98963666;0.9896559;0.9896699;0.9896062;0.9896239;0.9896413;0.98965657;0.98965156;0.9896655;0.98967916;0.98969346;0.98971057;0.9897225;0.9897383;0.9897559;0.9897708;0.9897867;0.98980165;0.98981684;0.98983276;0.9898474;0.9898626;0.9898786;0.98989534;0.9899123;0.9899283;0.98994386;0.9899588;0.9899741;0.98998874;0.99000293;0.99001694;0.99003243;0.9900483;0.99006236;0.9900777;0.99009186;0.99010617;0.99011946;0.99013406;0.9901504;0.9901664;0.9901807;0.9901942;0.99020857;0.99022293;0.9902374;0.99025166;0.99026626;0.9902786;0.99029315;0.99030465;0.9903202;0.99033344;0.9903458;0.99030364;0.9903189;0.99033284;0.9903464;0.99035865;0.9903739;0.9903886;0.9904025;0.99041516;0.99043006;0.99044406;0.99045676;0.9904703;0.9904838;0.9904982;0.99051005;0.9905208;0.99053293;0.99054766;0.99056166;0.99057335;0.9905866;0.99059874;0.9906122;0.990625;0.99061906;0.99063176;0.9906441;0.9906583;0.9906723;0.99068487;0.99069655;0.99069107;0.9907044;0.99071705;0.9907287;0.9907392;0.9907511;0.9907631;0.99077463;0.9907854;0.9907993;0.99081385;0.99082685;0.990838;0.9908509;0.990863;0.99087423;0.99088675;0.9908994;0.9909104;0.99092406;0.9909358;0.99094605;0.9909582;0.9909697;0.99098176;0.9909929;0.991006;0.9910199;0.99103045;0.9910414;0.9910538;0.9910655;0.9910775;0.9910893;0.9911012;0.991114;0.9911256;0.9911359;0.9911485;0.9911605;0.99117213;0.9911849;0.9911976;0.991208;0.9912177;0.9912297;0.9912405;0.9912531;0.9912627;0.99127513;0.99128765;0.99129784;0.9913089;0.99132055;0.99132997;0.991343;0.9913544;0.9913651;0.991376;0.9913687;0.9913777;0.9913893;0.99140024;0.9914111;0.9914204;0.9914309;0.99142647;0.9914376;0.99144757;0.99145794;0.9914703;0.9914816;0.9914947;0.99150723;0.99151593;0.99152684;0.9915384;0.9915512;0.9915627;0.9915746;0.9915836;0.99159414;0.99160445;0.9916134;0.99162304;0.991633;0.9916419;0.9916524;0.99166137;0.9916715;0.99168193;0.99169254;0.99170136;0.991712;0.99172276;0.99173206;0.99174297;0.99175423;0.9917623;0.9917715;0.99178296;0.99179214;0.99180233;0.99181205;0.9918218;0.99183065;0.9918388;0.9918492;0.9918604;0.991868;0.9918774;0.9918883;0.9918981;0.99190795;0.9919167;0.9919275;0.9919375;0.99194723;0.9919563;0.9919657;0.9919751;0.9919858;0.99199516;0.99200386;0.9920123;0.9920226;0.99203324;0.99204296;0.99205136;0.99206066;0.9920712;0.9920803;0.9920895;0.99209875;0.9921066;0.99211574;0.9921248;0.99213463;0.99214417;0.9921528;0.9921613;0.99216974;0.9921788;0.9921882;0.992197;0.99220574;0.9922151;0.9922244;0.9922324;0.9922387;0.99224806;0.9922567;0.9922645;0.99227333;0.992283;0.99229395;0.99230254;0.99231136;0.99232024;0.9923286;0.9923225;0.99233186;0.99233913;0.99234897;0.99235576;0.9923639;0.99237263;0.9923812;0.99238974;0.9923974;0.9924056;0.99241376;0.9924226;0.99243104;0.99243927;0.99244803;0.9924576;0.99246645;0.99247503;0.9924836;0.99249214;0.9925;0.99250835;0.9925164;0.9925268;0.9925344;0.9925413;0.9925504;0.99255866;0.99256694;0.992573;0.99258065;0.99258864;0.9925962;0.9926038;0.99261343;0.9926211;0.99262875;0.9926362;0.99264455;0.9926521;0.9926592;0.99266666;0.9926602;0.9925688;0.9925778;0.9925848;0.99259174;0.99259907;0.9926061;0.9926125;0.9926203;0.9926277;0.9926361;0.9926453;0.99263805;0.9926451;0.99265313;0.99266136;0.9926696;0.99267787;0.9926853;0.99269277;0.9926993;0.99270797;0.9927148;0.9927231;0.9927318;0.99274015;0.9927471;0.99275506;0.9927629;0.9927713;0.9927786;0.9927853;0.9927925;0.9927994;0.9928069;0.99281496;0.992822;0.9928292;0.9928364;0.992844;0.9928516;0.9928583;0.9928664;0.9928586;0.9928649;0.9928731;0.9928803;0.99288887;0.9928948;0.99290264;0.99290895;0.9929165;0.99292403;0.9929307;0.99293756;0.9929443;0.992953;0.9929599;0.992967;0.9929737;0.99298036;0.9929863;0.9929932;0.9929988;0.9930042;0.9930115;0.9930178;0.9930245;0.9930314;0.9930392;0.99304664;
0.42307693;0.4;0.40088105;0.41034484;0.47790056;0.51877934;0.54016066;0.57758623;0.5832061;0.61057025;0.6280255;0.63995355;0.6612378;0.672709;0.6886617;0.695993;0.7074165;0.7184615;0.7267442;0.7358621;0.74819195;0.76092386;0.7692308;0.7793615;0.7877126;0.7955626;0.8016402;0.8079404;0.81518626;0.8211645;0.827155;0.83297366;0.83773583;0.8434466;0.8479371;0.85217726;0.855597;0.8592215;0.8631058;0.86682725;0.8701778;0.87385917;0.87686926;0.8795893;0.8824066;0.8851291;0.887761;0.8901816;0.89241034;0.8943489;0.8962467;0.8983452;0.90048856;0.9021244;0.90373135;0.90570176;0.90726095;0.90881246;0.9101463;0.9119053;0.9135968;0.9148702;0.9160703;0.9174488;0.9187828;0.9199421;0.9211331;0.92224234;0.9232752;0.9243254;0.92553395;0.92649573;0.9275417;0.928703;0.9296875;0.93058294;0.9313951;0.9324018;0.9334022;0.9342172;0.9349975;0.9354198;0.9355683;0.93567157;0.93614304;0.93516326;0.93501014;0.9354739;0.935474;0.93425816;0.93463373;0.93342173;0.9318182;0.931114;0.9287644;0.9283603;0.9256371;0.9232042;0.9201583;0.9186188;0.91651005;0.91480297;0.9113424;0.91046727;0.90513784;0.90216416;0.90053284;0.89945894;0.8967452;0.89611673;0.8958078;0.8908848;0.8886216;0.88866395;0.8875398;0.8872761;0.88582724;0.8829763;0.88037896;0.87989587;0.8768937;0.87434494;0.87230515;0.86880213;0.8663544;0.86444706;0.8624906;0.8587859;0.8562071;0.8517625;0.8479484;0.843198;0.83661133;0.8299126;0.8230552;0.816755;0.8123013;0.80700195;0.80154765;0.79593426;0.7903989;0.7850907;0.77955604;0.7741722;0.7693682;0.76341075;0.7588797;0.75405455;0.7494276;0.74404436;0.73873794;0.73409885;0.72906274;0.72499335;0.7202077;0.71661264;0.71212256;0.7075659;0.7034299;0.6989238;0.69359213;0.6903155;0.68666613;0.6824285;0.678524;0.67427486;0.6701335;0.6658259;0.66184086;0.6582737;0.6544829;0.65032184;0.64621335;0.6425094;0.6396467;0.63611627;0.6322825;0.62868774;0.62475187;0.6212892;0.61791134;0.6148471;0.61153877;0.6080529;0.6053994;0.6020596;0.599107;0.5956626;0.5926865;0.58948505;0.5864441;0.5829357;0.5799617;0.5768553;0.57422477;0.57173795;0.5689164;0.5663576;0.56374407;0.56057805;0.5578273;0.55499053;0.55236876;0.5494026;0.5467602;0.54443264;0.54219663;0.5391963;0.53658056;0.5341643;0.53128654;0.52895176;0.5261974;0.5235719;0.5211716;0.51862884;0.5168603;0.5145857;0.51213866;0.5096196;0.5069995;0.5041887;0.50211644;0.5000917;0.49781048;0.49573013;0.49366707;0.49156207;0.48921165;0.48702845;0.48512328;0.48303333;0.48101786;0.47840318;0.4764538;0.47432777;0.47230238;0.47055104;0.46829072;0.46610507;0.46404487;0.462368;0.46075508;0.4586904;0.45684797;0.45509616;0.453433;0.45163247;0.4495992;0.44760865;0.4459754;0.44430578;0.44245732;0.44079018;0.43894726;0.4372597;0.43565464;0.43376237;0.43220562;0.43036577;0.42894557;0.42711103;0.425491;0.42390516;0.4220264;0.42031515;0.41857493;0.41682786;0.4154533;0.41389942;0.41256487;0.4111976;0.4096958;0.4082864;0.4069675;0.40553656;0.40403593;0.40250677;0.40083212;0.39977545;0.39849147;0.39690772;0.39550832;0.3937398;0.39226863;0.3910137;0.38974822;0.38823307;0.3868575;0.3854917;0.3841535;0.38278878;0.38145146;0.38015875;0.3789274;0.377704;0.37638462;0.37519473;0.373944;0.3728713;0.3714843;0.37020797;0.3690401;0.3676484;0.366513;0.36504257;0.36385852;0.36268213;0.3614495;0.36019352;0.35902494;0.35780138;0.3567259;0.3554562;0.3541036;0.35300457;0.35164034;0.3504965;0.34952408;0.3484829;0.34746265;0.34625793;0.34527975;0.34439397;0.3433975;0.34246403;0.34143597;0.34049895;0.339553;0.33869633;0.33766288;0.3362901;0.3352575;0.33412215;0.33311638;0.332184;0.33097568;0.32997543;0.3290473;0.3280718;0.3271282;0.326177;0.3252701;0.32430506;0.32340863;0.32244095;0.32150427;0.32067347;0.31977198;0.3189004;0.31794712;0.31709772;0.316204;0.31553397;0.31470948;0.31380513;0.31303748;0.31205943;0.31112292;0.31027427;0.30945364;0.30874205;0.3079063;0.30712116;0.30629417;0.3055058;0.30476686;0.30394122;0.30318734;0.3024484;0.3014687;0.30060562;0.29997802;0.2992874;0.29856732;0.29780737;0.2970297;0.29628825;0.29556116;0.29471034;0.2939171;0.2932016;0.29229122;0.29151094;0.29086906;0.29014772;0.28952205;0.2886954;0.28809625;0.28742895;0.28666434;0.28579405;0.28509763;0.28428617;0.2834989;0.28278434;0.28203452;0.28135628;0.28070056;0.28006703;0.27939823;0.27875158;0.27793804;0.27712923;0.27633443;0.27563694;0.27502602;0.27441782;0.2737757;0.27309102;0.27248228;0.2718221;0.27124596;0.27067223;0.26992288;0.26939017;0.26861265;0.26797107;0.2672802;0.2665929;0.2661078;0.26548672;0.26497993;0.26431292;0.2637596;0.26302266;0.26245794;0.26170313;0.26106915;0.2604465;0.25974438;0.2591116;0.2584901;0.25795275;0.2573125;0.25682837;0.25624982;0.25566587;0.25502896;0.25447428;0.2538433;0.25329375;0.25275436;0.2521086;0.2515202;0.25089607;0.2503439;0.24971797;0.2492316;0.24865669;0.24816015;0.24765791;0.2470911;0.24663839;0.24637333;0.2458196;0.24530502;0.24467577;0.24406427;0.24354978;0.2429151;0.24246992;0.24194786;0.24148488;0.24097411;0.24045141;0.23988186;0.23949666;0.23899426;0.23852864;0.23809247;0.23752026;0.23697819;0.23655449;0.23598965;0.23546128;0.23497565;0.23451214;0.23393698;0.2334709;0.23302653;0.23253112;0.23203123;0.23152696;0.23110297;0.23049904;0.22996916;0.22953801;0.22901893;0.22858496;0.22810823;0.22758296;0.22711039;0.22657718;0.22609007;0.22560506;0.2251901;0.22485061;0.22437704;0.22389323;0.22342367;0.22301063;0.22250855;0.22205079;0.22163682;0.22118859;0.22078377;0.22039226;0.21997264;0.2196134;0.21909137;0.21868835;0.2183391;0.21786939;0.21748237;0.21700484;0.21663806;0.2162155;0.21582298;0.2154715;0.21508731;0.21469888;0.21430065;0.21390389;0.21344192;0.21301514;0.21263415;0.21228197;0.21185434;0.21143387;0.21105307;0.21060334;0.21023092;0.20983833;0.2094579;0.20904157;0.20861626;0.2082614;0.20778136;0.20738213;0.20702623;0.20666112;0.2062662;0.2058986;0.20546024;0.20506474;0.20470142;0.20426814;0.20393805;0.20355344;0.20332979;0.20307708;0.20272607;0.20234135;0.20198293;0.20164558;0.20128962;0.20088576;0.20052758;0.20021948;0.19983448;0.19947034;0.1992918;0.19892031;0.19857419;0.19826275;0.19791415;0.19752878;0.19715911;0.19679552;0.19649903;0.19618939;0.19584337;0.1955032;0.19520134;0.19485879;0.19452204;0.1941727;0.19382916;0.1935142;0.19319572;0.19289638;0.19249871;0.19219704;0.19185598;0.19153847;0.19117305;0.19078688;0.19050379;0.19022155;0.18989184;0.18958516;0.18925767;0.1889704;0.18865801;0.18831645;0.18804926;0.18774419;0.18740591;0.18707313;0.18677123;0.18649146;0.18616612;0.18588816;0.1855314;0.1852261;0.18492596;0.18459776;0.18436581;0.18402311;0.18378028;0.183493;0.18317802;0.18282752;0.1825716;0.18229617;0.18198933;0.1817036;0.18139473;0.1810949;0.18076424;0.18042687;0.18009862;0.17977946;0.17948885;0.17921874;0.17892605;0.17865762;0.17839774;0.17815407;0.17790335;0.17758808;0.17731215;0.1770371;0.1767629;0.17647816;0.17617169;0.17587757;0.17553191;0.17525487;0.17500107;0.17471084;0.17446971;0.17418493;0.17390476;0.17365484;0.1733837;0.17308787;0.17282574;0.17255718;0.17223527;0.17196852;0.17167032;0.17142321;0.17115897;0.17087778;0.17061168;0.17034288;0.17006789;0.16977273;0.16949956;0.16923426;0.16901843;0.16879275;0.16854002;0.16831216;0.16808149;0.16782746;0.16758102;0.16731827;0.16704275;0.16677153;0.16650118;0.16623844;0.16597652;0.1657522;0.16551182;0.16529873;0.16505302;0.16484442;0.16460007;0.16434985;0.16412008;0.16384518;0.16359727;0.16337933;0.16315873;0.16289674;0.1626388;0.162356;0.16211577;0.16191132;0.1616406;0.16139297;0.16116504;0.16093147;0.16067344;0.16048515;0.16025978;0.1600257;0.15980475;0.15953171;0.15927505;0.15907155;0.15888086;0.15864159;0.15840916;0.15816827;0.15793419;0.1577129;0.15743792;0.15725112;0.15697774;0.15672922;0.15649045;0.15629399;0.15608913;0.15587002;0.15562205;0.15547776;0.15527211;0.15501434;0.15479532;0.15457983;0.15435913;0.15416221;0.15396002;0.1537526;0.15354574;0.15331368;0.15313083;0.1529114;0.1527295;0.15252821;0.1522964;0.15207654;0.15186855;0.15165552;0.15143195;0.15120344;0.15097286;0.15078448;0.15058552;0.1503871;0.15021664;0.15000822;0.14986321;0.14969668;0.1495686;0.14936198;0.1491776;0.14897744;0.14878322;0.14855191;0.14836147;0.14818221;0.14800072;0.1477984;0.1476205;0.14746684;0.14728446;0.14711833;0.14693053;0.14674427;0.14655066;0.14637056;0.14618832;0.14600135;0.14581227;0.14561851;0.14546388;0.1452916;0.14507104;0.14488436;0.14469816;0.14451498;0.14433986;0.14417274;0.14399594;0.14380446;0.14362353;0.14345056;0.14326802;0.14311576;0.14291425;0.1427257;0.14253272;0.14233287;0.14216551;0.1419863;0.14181241;0.14162189;0.1414343;0.14124964;0.14107029;0.14091314;0.14073706;0.14055182;0.14038143;0.14026709;0.14015603;0.14000817;0.13985111;0.13965882;0.13945054;0.13929473;0.13909692;0.13889967;0.1387404;0.13855584;0.13835081;0.13816032;0.13799118;0.13780168;0.13760808;0.13744028;0.1372958;0.13711962;0.13698265;0.13683914;0.13668;0.13654618;0.13638322;0.13621388;0.13605621;0.13589443;0.1357263;0.13558093;0.13541804;0.13523997;0.13509786;0.13493612;0.13479243;0.13461916;0.13447836;0.13432032;0.13414733;0.13397698;0.1338744;0.13371564;0.13356158;0.13340573;0.13324161;0.1330951;0.1329489;0.13282233;0.13265322;0.13251227;0.13235885;0.13221641;0.132067;0.1319252;0.13179003;0.13163197;0.1314638;0.13132538;0.13116425;0.13100979;0.13085984;0.13073307;0.13057134;0.13043478;0.13028821;0.1301502;0.12998168;0.12983817;0.12967864;0.12953173;0.12938717;0.12924294;0.1290707;0.12895545;0.12879606;0.12864108;0.12852861;0.1283923;0.12824428;0.12809062;0.12792939;0.12780227;0.12765561;0.12750535;0.12736134;0.12722158;0.12708214;0.12693126;0.12683348;0.12667343;0.12659143;0.1264495;0.12633856;0.12623398;0.12606585;0.12590395;0.1257559;0.12562929;0.12550676;0.12536918;0.12523;0.12509304;0.12498292;0.124848396;0.124700926;0.124567;0.124412686;0.12428125;0.1241501;0.12402108;0.12388116;0.123747125;0.12360967;0.12347253;0.12333753;0.12321389;0.123066574;0.12293063;0.12279132;0.12265964;0.12253735;0.12240621;0.12225175;0.12210311;0.12198554;0.121835746;0.121700704;0.12156597;0.12142257;0.12129023;0.121145695;0.1210193;0.120877184;0.12074603;0.12061162;0.12046518;0.12033668;0.120227754;0.12009625;0.11998077;0.11987074;0.11973827;0.11960089;0.119467296;0.11933053;0.11922687;0.119099274;0.118971944;0.11885689;0.118719816;0.11860354;0.118473865;0.118347876;0.11824252;0.1181204;0.11798501;0.117871866;0.11774547;0.117605895;0.11747671;0.117331095;0.11719251;0.11709419;0.11697942;0.11684331;0.116738245;0.116610974;0.11648563;0.11636384;0.11626036;0.11614396;0.11600654;0.115889005;0.11576684;0.11565791;0.11555244;0.11544068;0.115342066;0.11520815;0.11509384;0.11496852;0.11483387;0.11473469;0.114630885;0.11451613;0.11446511;0.11434598;0.11421285;0.11410372;0.113982186;0.113851465;0.11373047;0.11360503;0.113490805;0.11337993;0.11325059;0.11313864;0.11300365;0.11290919;0.11278865;0.11271226;0.11259219;
0.31666666;0.44927537;0.41791046;0.50352114;0.5472779;0.55932206;0.5904366;0.5813953;0.58702534;0.6040172;0.6036036;0.6351981;0.65554357;0.67336684;0.6840634;0.6974138;0.70965123;0.71614385;0.7201439;0.72858125;0.7392157;0.74420065;0.7537358;0.764;0.7718818;0.781561;0.78763306;0.79378945;0.80075014;0.8075181;0.81489545;0.8208263;0.8260336;0.83141613;0.835844;0.8398644;0.8444363;0.8478339;0.8525841;0.85612726;0.8595041;0.86290324;0.8658036;0.8691905;0.87248725;0.8754031;0.87773305;0.88041645;0.8829846;0.885352;0.8864836;0.8888027;0.89119434;0.89319426;0.89522415;0.8969813;0.8986088;0.9001625;0.90173674;0.9034142;0.9051401;0.9064811;0.9078242;0.9092061;0.91037935;0.91166806;0.91320145;0.9146317;0.91590065;0.91692424;0.91803277;0.91918814;0.92017823;0.9213607;0.9224247;0.9235963;0.9245614;0.925657;0.9267711;0.9276703;0.9287017;0.9296696;0.9305668;0.9312989;0.932048;0.932844;0.93367267;0.9344012;0.93512374;0.93595475;0.9365969;0.9373452;0.9381028;0.93885964;0.93937683;0.9399609;0.9406569;0.9412408;0.941829;0.9424826;0.943069;0.9437099;0.9442355;0.94470876;0.9452299;0.9457755;0.94627017;0.946769;0.9471809;0.947644;0.94811773;0.94858307;0.94902194;0.9494534;0.94985425;0.95030624;0.9506824;0.95060885;0.9510213;0.9509299;0.95131713;0.9516022;0.95203155;0.9524378;0.9528627;0.9532051;0.95361644;0.9540061;0.95433694;0.9546584;0.95499843;0.9553926;0.9557531;0.9560682;0.95641357;0.9566851;0.957004;0.95734733;0.95762384;0.95796543;0.95827776;0.9585855;0.95891565;0.95917606;0.95942944;0.9597315;0.96;0.96023244;0.96047646;0.96074915;0.96105975;0.9613893;0.96164286;0.9618766;0.962114;0.9623485;0.9625513;0.9628278;0.9630629;0.9633074;0.9635577;0.96375674;0.96394765;0.9641923;0.9643989;0.9645946;0.96481645;0.96502155;0.9652298;0.96541107;0.9656066;0.9657759;0.9659541;0.9661227;0.9662947;0.96645993;0.96667427;0.9668734;0.96708006;0.96726704;0.9674736;0.9676203;0.96778226;0.9679707;0.96814543;0.9682999;0.96848243;0.96865386;0.9688345;0.96899116;0.96916145;0.96930623;0.969471;0.969615;0.9696593;0.96981543;0.96995354;0.9700904;0.970226;0.97038233;0.970539;0.970696;0.97082806;0.97097814;0.9711438;0.9712531;0.97141004;0.9715413;0.97168595;0.97182375;0.9719888;0.9721219;0.972273;0.9723965;0.9725189;0.9726385;0.97275877;0.97288305;0.9730144;0.97314286;0.9732669;0.97337687;0.9735115;0.9736385;0.973758;0.9738764;0.97399527;0.9740963;0.9742178;0.9743261;0.97443795;0.97455764;0.9746719;0.9747851;0.97488296;0.97499007;0.9751018;0.97520286;0.9753156;0.9754217;0.9755365;0.97565025;0.9757629;0.9758507;0.97594184;0.9760349;0.97613627;0.97622395;0.97631097;0.97639865;0.97649574;0.97658205;0.97668505;0.97678345;0.9768665;0.9769597;0.97705466;0.9771417;0.97723037;0.97732073;0.97741044;0.9775051;0.97759676;0.9776854;0.97778225;0.977865;0.97794044;0.9780242;0.9781116;0.97803885;0.97812235;0.9775154;0.9773953;0.97748584;0.9775691;0.97765934;0.97772837;0.9778067;0.9778876;0.977971;0.97804344;0.9781247;0.9781982;0.97827524;0.9783619;0.97843575;0.9785001;0.9785811;0.9786525;0.9787263;0.9787978;0.9788726;0.97894883;0.97900444;0.97908634;0.9791469;0.9792052;0.9792772;0.979344;0.9794261;0.97950745;0.9795683;0.9796288;0.9796934;0.97946197;0.9795419;0.9796105;0.9796787;0.97973764;0.9798015;0.97988135;0.97994345;0.98000854;0.9800622;0.98011726;0.9801846;0.9802515;0.9803171;0.98038805;0.98044294;0.9804984;0.9805624;0.98058295;0.980651;0.98070675;0.9807787;0.9808462;0.9808961;0.9809605;0.98100907;0.9810666;0.98112524;0.98117673;0.981237;0.9812894;0.9813467;0.98140067;0.9814588;0.9813121;0.9813723;0.98142195;0.9814742;0.9815334;0.9815822;0.98163146;0.98168397;0.9817433;0.98179585;0.9818481;0.9819049;0.98195314;0.98200727;0.98206514;0.98212063;0.9821744;0.9822119;0.98225254;0.98229957;0.9823444;0.98238575;0.9824269;0.982473;0.98252213;0.98257226;0.98261696;0.9826634;0.9827102;0.9827511;0.98279804;0.98283917;0.9828893;0.98293555;0.98297966;0.98303145;0.98307747;0.98312086;0.9831718;0.98320997;0.9832491;0.9832981;0.98333687;0.9833824;0.9834214;0.9834705;0.9835199;0.983569;0.98361;0.9836518;0.9836928;0.98373204;0.9837771;0.98382366;0.9838616;0.9839038;0.98394746;0.98398;0.9840243;0.9840635;0.9841025;0.9841429;0.9841805;0.9842216;0.98426193;0.9843015;0.98433936;0.9843781;0.9844084;0.9844437;0.9844778;0.9845123;0.9845598;0.9846054;0.9846458;0.9846795;0.9847092;0.9847461;0.98478526;0.98481935;0.9848577;0.98489773;0.98493516;0.98497385;0.9850138;0.98504966;0.98508024;0.98512286;0.9851629;0.98519534;0.98523134;0.98526716;0.98530143;0.9853305;0.985364;0.985397;0.9854302;0.9854619;0.98549616;0.98552936;0.9855633;0.9855975;0.9856307;0.9856642;0.9856949;0.98573107;0.9857649;0.9858028;0.9858398;0.9858735;0.9859059;0.98593724;0.98596925;0.9860016;0.9860317;0.98605883;0.98609155;0.9861278;0.98615813;0.98613256;0.9861688;0.9861945;0.986083;0.98611593;0.98614633;0.985858;0.9858622;0.9858998;0.9859344;0.98570573;0.9856806;0.98566204;0.98569167;0.9857211;0.9857529;0.9857797;0.985812;0.9858406;0.98586595;0.98589194;0.9859182;0.985946;0.9859733;0.9860055;0.9860318;0.9860594;0.98609203;0.98607224;0.9861012;0.98613274;0.9861588;0.98618364;0.9862136;0.9862428;0.98627174;0.98630136;0.9863312;0.9863591;0.98638874;0.98641384;0.9864443;0.9864743;0.98650193;0.98652697;0.9865498;0.9865747;0.98659986;0.986627;0.98665404;0.9866803;0.9867068;0.9867283;0.98675287;0.9867791;0.9868076;0.98683184;0.9868618;0.98688185;0.98690856;0.9869338;0.9869536;0.9869807;0.9870077;0.9870352;0.987059;0.98708266;0.9871099;0.98713535;0.9871607;0.9871834;0.98720694;0.98723555;0.98725986;0.9872825;0.98730475;0.9873317;0.9873553;0.987382;0.9874086;0.9874332;0.9874568;0.98747534;0.98749936;0.98752457;0.98754656;0.98757094;0.9875943;0.9876137;0.9876384;0.98766;0.9876804;0.9877048;0.9877286;0.98775375;0.9877788;0.98780227;0.9878239;0.9878469;0.9878681;0.98788714;0.98790765;0.98792577;0.98794323;0.98796666;0.987988;0.98800725;0.98802704;0.98805153;0.9880743;0.98809385;0.9881153;0.98813725;0.9881585;0.9881786;0.9881995;0.9882211;0.98821867;0.988241;0.9882624;0.98828137;0.9882799;0.98825634;0.9882749;0.98829824;0.9883156;0.98833686;0.9883549;0.98837155;0.9883934;0.9884113;0.98838496;0.98840463;0.98842394;0.9883977;0.98841697;0.9884388;0.9884546;0.98847544;0.9884942;0.9885134;0.9885336;0.98854935;0.98856586;0.9885866;0.988608;0.9886248;0.9886439;0.98866385;0.98868173;0.98870206;0.9887203;0.9887346;0.9887491;0.98876673;0.98878384;0.98880017;0.98881954;0.98883647;0.9888524;0.9888697;0.98888624;0.9889049;0.9889206;0.98893654;0.9889524;0.9889708;0.9889911;0.9890084;0.98902524;0.98904204;0.98905784;0.9890759;0.98909366;0.9891107;0.98912907;0.98914623;0.98916173;0.9891792;0.9891944;0.9892093;0.98922575;0.98924106;0.98925626;0.9892753;0.9892906;0.98930526;0.98932254;0.98933995;0.989354;0.989372;0.98938906;0.98930275;0.9892987;0.9892757;0.98923105;0.98924667;0.98926306;0.98927927;0.9892975;0.98931557;0.9893331;0.9893471;0.9893645;0.9893829;0.9894;0.98941725;0.98943126;0.9894433;0.98946106;0.9894766;0.98949134;0.989507;0.98952055;0.9895349;0.9895503;0.9895662;0.9895796;0.989593;0.98961;0.98962355;0.9896362;0.98964924;0.9896618;0.9896782;0.98969275;0.98970765;0.98972327;0.9897389;0.9897517;0.9897644;0.9897817;0.98979473;0.98980695;0.98982173;0.9898378;0.98985034;0.9898638;0.98987514;0.9898893;0.9899011;0.9899164;0.9899312;0.9899468;0.9899615;0.9899766;0.98999125;0.9900066;0.9900216;0.99003536;0.99004686;0.9900609;0.9900708;0.9900836;0.9900977;0.99011254;0.99012554;0.9901418;0.9901534;0.99016625;0.99017835;0.99019206;0.9902055;0.99022007;0.9902333;0.9902478;0.9902617;0.99027497;0.9902864;0.9903;0.9903141;0.99032706;0.99034053;0.99035627;0.99036914;0.99038196;0.99039406;0.99040455;0.990418;0.9904288;0.9904425;0.9904586;0.9904702;0.99048376;0.9904959;0.99050945;0.990524;0.99053586;0.9905486;0.99055976;0.99057263;0.99058574;0.9905962;0.9906092;0.9906226;0.99063563;0.9906479;0.9906431;0.99058473;0.99059737;0.990592;0.9906064;0.99054694;0.990543;0.9905536;0.9905659;0.9905768;0.99058914;0.9906018;0.99061507;0.99057525;0.9905693;0.99057996;0.99059355;0.99060607;0.99061763;0.99063045;0.9906447;0.9906579;0.9906698;0.99068344;0.99062645;0.9906385;0.99064845;0.99065775;0.99067;0.9905625;0.99057454;0.9905861;0.99059874;0.99060863;0.99062043;0.9906311;0.9905758;0.99053705;0.9902952;0.99008936;0.990068;0.9900472;0.9900418;0.98997235;0.9899496;0.9899613;0.98987365;0.9898867;0.9898985;0.9899106;0.9899244;0.9899349;0.98994726;0.9899594;0.98997384;0.98998564;0.9899967;0.9900073;0.9900183;0.9900304;0.9900421;0.9900561;0.99006784;0.99008137;0.9899974;0.9900106;0.9900209;0.9900311;0.9900426;0.99005735;0.99006754;0.9900786;0.9900921;0.99010605;0.9901187;0.9901303;0.9901408;0.9901538;0.99016553;0.990178;0.99018997;0.99020094;0.9902149;0.9902244;0.99023473;0.99024516;0.99025834;0.9902686;0.9902034;0.99021643;0.9902268;0.9902387;0.99025124;0.9902634;0.99027276;0.9902839;0.9902957;0.99030745;0.99031854;0.9903316;0.9903438;0.990357;0.9903541;0.9903639;0.99037355;0.99038625;0.99039763;0.9904064;0.99041575;0.9904284;0.99042445;0.9904356;0.9904477;0.9904574;0.99046564;0.9904765;0.99048907;0.99049956;0.99051094;0.99050504;0.9904686;0.9904778;0.99048823;0.99049824;0.99050885;0.99052024;0.9905296;0.9905424;0.9905529;0.99056363;0.9905753;0.9905864;0.99059737;0.990606;0.99061507;0.9905357;0.99053204;0.9905424;0.99055386;0.99055034;0.9905597;0.9905683;0.99057955;0.99059;0.99059933;0.9906111;0.99062186;0.9906324;0.99064314;0.9906527;0.99066335;0.9906748;0.9906836;0.9906931;0.9907039;0.99071306;0.9907237;0.9907338;0.99074453;0.9907535;0.9907639;0.9907754;0.9907847;0.9907948;0.9908043;0.99081516;0.99082553;0.99083394;0.9908458;0.99085546;0.9908651;0.99087584;0.99088585;0.99089545;0.99090606;0.99091524;0.99092424;0.9909329;0.99094325;0.9909538;0.9909626;0.9909723;0.9909819;0.99099267;0.99100167;0.99100983;0.9910192;0.991029;0.99103886;0.9910474;0.99105614;0.9910646;0.9910743;0.9910837;0.9910917;0.991101;0.99110967;0.9911207;0.99113053;0.99114114;0.9911507;0.99116;0.9911701;0.9911794;0.9911869;0.99119574;0.99120533;0.99121255;0.9912236;0.991232;0.99124;0.99124813;0.9912569;0.9912685;0.99127704;0.9912866;0.991295;0.9913042;0.9913125;0.99132097;0.9913305;0.9913386;0.9913487;0.9913572;0.99136454;0.99137354;0.9913819;0.9913907;0.99139845;0.9914062;0.9914141;0.99142176;0.9914307;0.99144024;0.9914481;0.9914567;0.99146354;0.99147284;0.9914817;0.99149036;0.9914992;0.9914938;0.9915029;0.9915111;0.9915193;0.99152863;
0.3493976;0.3167702;0.2991453;0.3156146;0.36197916;0.3887689;0.43097016;0.47775948;0.51608187;0.5567145;0.5906921;0.61978024;0.6467611;0.66982025;0.6900533;0.7095436;0.7265625;0.7407407;0.7542135;0.7657296;0.7763578;0.7881356;0.797219;0.80577135;0.81333333;0.82097185;0.82758623;0.83317447;0.83893234;0.84499556;0.8502994;0.85495234;0.8592682;0.86333466;0.8667682;0.8703704;0.8739647;0.877408;0.8809928;0.8838367;0.8863636;0.8888536;0.89137185;0.89390725;0.8963577;0.89843297;0.9003133;0.90234375;0.90426695;0.90606546;0.9080399;0.9100026;0.9116385;0.9134734;0.9149453;0.91650766;0.9179367;0.9195587;0.9210645;0.9225149;0.9239461;0.92527753;0.92650145;0.92765605;0.9286588;0.929733;0.9306106;0.9317073;0.93271816;0.9337121;0.9347502;0.9356854;0.93666303;0.9375;0.93847775;0.93924665;0.9399863;0.94081837;0.94156927;0.94229186;0.94300604;0.94375706;0.94431186;0.9450118;0.94560146;0.9461124;0.9467113;0.9473605;0.9479322;0.9484915;0.94891256;0.9494512;0.94994277;0.95043194;0.9508565;0.9513619;0.95175743;0.9522184;0.95249695;0.95295537;0.95342976;0.9538825;0.9544274;0.9549422;0.95535487;0.95572096;0.9561305;0.95655406;0.9570011;0.95741326;0.9577973;0.9581246;0.9585205;0.95888484;0.95920026;0.9595109;0.95986736;0.96023566;0.96053964;0.9608957;0.96118975;0.9615553;0.9611914;0.96137244;0.9612129;0.959949;0.9590631;0.958874;0.95843726;0.9577189;0.95733577;0.95724154;0.95761174;0.9577718;0.957607;0.9579278;0.9582317;0.9585191;0.95882636;0.958624;0.9585507;0.9586356;0.9584309;0.9583488;0.9575254;0.9569084;0.9556507;0.95375144;0.9526723;0.9523299;0.9520846;0.95144343;0.95061404;0.9489547;0.9478833;0.9464086;0.9466165;0.94633895;0.9462384;0.9452745;0.94485754;0.9443891;0.94454986;0.9448366;0.9452278;0.9456003;0.9458763;0.94618404;0.9464755;0.9468144;0.9471116;0.94734365;0.94768393;0.94762087;0.94787496;0.94817424;0.9484583;0.94870436;0.94898653;0.9492656;0.94955665;0.9497774;0.9500406;0.9503411;0.9506128;0.95087796;0.9511121;0.95137894;0.9516325;0.95190054;0.95221287;0.9524211;0.9526805;0.95295346;0.9531909;0.9534131;0.9536206;0.9538608;0.9540924;0.9543339;0.9545516;0.9548064;0.95506436;0.9552958;0.95548105;0.955685;0.95584685;0.9560447;0.9562492;0.95645183;0.95664704;0.9568405;0.957054;0.95723313;0.95743746;0.9576557;0.9578639;0.9580701;0.95821524;0.95842785;0.9583359;0.95808274;0.95826274;0.95843124;0.9586281;0.9587912;0.95895547;0.9591232;0.9592824;0.95929754;0.9594713;0.9591635;0.9593269;0.9595102;0.95967555;0.9598304;0.9599931;0.9601727;0.96033496;0.9604959;0.96066;0.9608446;0.96097535;0.9611591;0.96133053;0.9614983;0.9616164;0.9617692;0.961927;0.9620671;0.9622367;0.9623947;0.96252537;0.962685;0.96283334;0.96297663;0.9631227;0.9632677;0.9634;0.96356547;0.963722;0.96389204;0.9640476;0.964189;0.9643257;0.9644722;0.96460134;0.96472424;0.96486217;0.9649745;0.96512437;0.9652644;0.9653878;0.9655138;0.96563727;0.9657698;0.965903;0.9660253;0.96615;0.966277;0.96639824;0.9664978;0.9666095;0.96673155;0.9668464;0.9669449;0.96707064;0.9671847;0.96730256;0.9674014;0.9675132;0.9676063;0.96772116;0.9678381;0.967891;0.96802115;0.9681315;0.9682468;0.9683456;0.9684381;0.9685258;0.9686327;0.9687361;0.9688471;0.968949;0.96906674;0.9691618;0.96925366;0.9693744;0.96947694;0.9695735;0.96967995;0.96978307;0.969879;0.969973;0.97007036;0.97015435;0.9702328;0.9703058;0.97038597;0.9704782;0.9705537;0.9706436;0.9707354;0.9708242;0.97092086;0.9710037;0.971098;0.9711894;0.9712825;0.97137266;0.9714611;0.9715536;0.9716432;0.97172433;0.97182536;0.9719144;0.9719928;0.9720786;0.97216713;0.9722574;0.97234154;0.97225934;0.9723322;0.97240245;0.97248745;0.9725644;0.97263885;0.9727192;0.9728085;0.97289205;0.9729771;0.97305036;0.97311604;0.9731926;0.9732717;0.9733474;0.97342366;0.9734945;0.9735541;0.9736233;0.9736901;0.9737605;0.9738373;0.97391945;0.9739819;0.9740537;0.9741079;0.97417516;0.97422886;0.9743039;0.9743701;0.97442865;0.9744915;0.97456956;0.9745994;0.97465587;0.9747166;0.97477883;0.97484434;0.97491217;0.97499025;0.97505647;0.975124;0.97518516;0.9752486;0.97530735;0.9753693;0.9754403;0.975505;0.975571;0.9756299;0.97569865;0.9757611;0.97582245;0.9758802;0.97594666;0.976003;0.9760688;0.97612774;0.97619367;0.9762521;0.9763141;0.97636956;0.9764239;0.9764882;0.9765412;0.97660565;0.9766736;0.9767342;0.97678846;0.97684777;0.9769007;0.9769474;0.97700363;0.9770559;0.97711384;0.9771574;0.9772185;0.9772793;0.97734267;0.9773977;0.97744817;0.9775027;0.9775556;0.97761315;0.97766054;0.977726;0.9777785;0.97782725;0.97788346;0.9779311;0.97798127;0.9780319;0.978085;0.9781372;0.9781918;0.9782368;0.97828025;0.9783315;0.97838384;0.9784313;0.9784838;0.978525;0.97856665;0.9786185;0.9786701;0.97871315;0.9787681;0.978819;0.9788697;0.9789182;0.9789665;0.9790058;0.97905374;0.9790983;0.97914946;0.9791955;0.9792516;0.9792875;0.9793341;0.9793847;0.97942793;0.9794793;0.979531;0.97958183;0.97962946;0.97966814;0.97970897;0.9797497;0.9797925;0.9798409;0.9798782;0.97992164;0.9799739;0.9800124;0.98005193;0.98009574;0.9801393;0.98018384;0.980226;0.9802674;0.980313;0.9803491;0.9803927;0.9804301;0.9804723;0.98051107;0.980547;0.9805865;0.9806227;0.98066247;0.9807041;0.98074144;0.9807875;0.98082244;0.9808593;0.9809043;0.9809439;0.9809839;0.9810252;0.9810603;0.98109674;0.98113763;0.98117375;0.9812158;0.9812606;0.9812968;0.9813259;0.9813653;0.9813972;0.9814304;0.98146546;0.9814965;0.9815265;0.9815554;0.9815914;0.9816249;0.9816626;0.9816948;0.98173267;0.98177505;0.9818093;0.9818448;0.98187643;0.98191124;0.9819403;0.98198086;0.98201203;0.982044;0.9820809;0.9821162;0.98215276;0.982187;0.98221874;0.9822558;0.98229;0.9823232;0.9823594;0.98238665;0.9824204;0.9824535;0.98248786;0.98252636;0.982557;0.98259306;0.9826247;0.98266476;0.982624;0.9825998;0.9825807;0.9826125;0.98264843;0.9826842;0.982719;0.98275113;0.982779;0.9828068;0.9828419;0.9828732;0.9829044;0.98293173;0.9829631;0.9829943;0.9830279;0.98305446;0.9830854;0.98311776;0.983154;0.9831822;0.9832075;0.9832383;0.9832662;0.9832955;0.983324;0.98335546;0.9833826;0.9834108;0.9834404;0.9834672;0.98349285;0.98351914;0.98354495;0.98357224;0.983599;0.98362726;0.98365873;0.9836901;0.9837202;0.98374873;0.98377126;0.9837974;0.9838242;0.983848;0.98387605;0.98390186;0.98392653;0.98377454;0.98375916;0.98371816;0.98374254;0.9837698;0.9837937;0.9838229;0.9838477;0.9838767;0.9839049;0.9839302;0.9839589;0.98398715;0.9840146;0.9840465;0.9840762;0.98410165;0.9841239;0.9841481;0.98417675;0.98419803;0.98422205;0.98422533;0.9840789;0.9840845;0.9840938;0.9841205;0.9841007;0.98386854;0.9837856;0.98374575;0.9836451;0.98360795;0.9836125;0.9836431;0.9836045;0.9836329;0.9835715;0.98359823;0.9836038;0.9836269;0.98365855;0.98368496;0.98371327;0.98373884;0.98376393;0.98378795;0.9838146;0.98384386;0.9838723;0.9838967;0.98392165;0.98394585;0.9839654;0.9839878;0.98401153;0.9840328;0.98406;0.98408675;0.9840871;0.9841163;0.98413926;0.9841654;0.9841863;0.98421156;0.98423684;0.9842604;0.9842849;0.98430955;0.9843307;0.98435336;0.98437595;0.9843966;0.98441845;0.9844427;0.9844666;0.98449135;0.98451906;0.9845427;0.98456144;0.98458344;0.98460597;0.98462725;0.9846481;0.9846711;0.9846952;0.9847177;0.98473746;0.9847572;0.98477983;0.98470247;0.98472804;0.9847527;0.98477405;0.98479676;0.9848177;0.9848406;0.9848628;0.9848888;0.98491234;0.9849349;0.9849578;0.98498374;0.98500556;0.9850262;0.9850282;0.98505133;0.98507404;0.9850984;0.9851168;0.98513734;0.98515815;0.9851792;0.9851976;0.9852163;0.9852366;0.9852579;0.9852795;0.98529965;0.98532;0.9853397;0.98534155;0.9853628;0.9853075;0.9852906;0.98519784;0.98508626;0.98492306;0.9848695;0.9847789;0.98472255;0.9847102;0.984662;0.98460746;0.9845576;0.98455995;0.98454285;0.98454577;0.98456717;0.984553;0.98457456;0.98459303;0.9846101;0.98462874;0.9846474;0.98467064;0.9846922;0.98471016;0.984731;0.9847527;0.98476994;0.9847909;0.9848108;0.98479515;0.9848128;0.98483175;0.9848515;0.9848778;0.984895;0.9849156;0.98493296;0.9849503;0.9849716;0.98499274;0.9850163;0.985041;0.9850565;0.98507804;0.98509604;0.98511434;0.9851333;0.9851535;0.9851719;0.9851912;0.98520696;0.98522365;0.98524237;0.98525894;0.98527735;0.98529464;0.9853116;0.9853283;0.98534477;0.98536444;0.98538303;0.98539984;0.9854206;0.9854378;0.9854562;0.9854771;0.9854939;0.98551166;0.98553264;0.985553;0.9855525;0.98556864;0.98558694;0.98555183;0.9855361;0.9855544;0.9855253;0.98547727;0.9854605;0.9853952;0.9853128;0.9853303;0.98534966;0.9853032;0.98520446;0.985206;0.9851736;0.9851767;0.98514414;0.9851441;0.98499614;0.9849952;0.98492855;0.9848932;0.98488265;0.98480135;0.9846859;0.9846391;0.98449385;0.98450905;0.98452806;0.98454726;0.9845657;0.984582;0.9846014;0.9846144;0.9846311;0.98464835;0.9846685;0.98468685;0.9847032;0.9847185;0.98473924;0.98476064;0.98477703;0.9847942;0.9848137;0.9848298;0.9848509;0.98487127;0.98488724;0.984906;0.98492336;0.9849433;0.98496073;0.98497814;0.9849941;0.9850108;0.9850283;0.9850461;0.9850631;0.98508054;0.9850953;0.98511106;0.98512673;0.98514706;0.98516357;0.9851824;0.9852012;0.985219;0.9852347;0.9852519;0.98526937;0.9852868;0.9853083;0.9853254;0.9853438;0.9852365;0.98519254;0.98508406;0.98503894;0.9849192;0.98484427;0.98486316;0.98488337;0.98490095;0.9849199;0.98493725;0.98495585;0.98496985;0.984988;0.9850067;0.98502314;0.9850427;0.98506194;0.9850787;0.98509675;0.9851121;0.9851307;0.98514956;0.9851688;0.98518777;0.98520267;0.9852206;0.9852223;0.98523754;0.9852552;0.9852697;0.98528445;0.98530155;0.9853191;0.98533416;0.9853477;0.9853646;0.98538196;0.9854017;0.98541635;0.9854334;0.9854495;0.9854645;0.9854816;0.98549616;0.98551106;0.9855262;0.98554146;0.9855584;0.9855745;0.98559135;0.9856061;0.98562366;0.9856396;0.98565257;0.9856661;0.9856834;0.9856967;0.9857083;0.98572606;0.9857393;0.9857533;0.98576707;0.9857831;0.98579866;0.985814;0.98582846;0.98584414;0.9858571;0.9858693;0.98588544;0.9859024;0.9859167;0.9859298;0.9859462;0.9859618;0.9859758;0.98598915;0.98600286;0.98596245;0.9859789;0.98595136;0.98596585;0.9859817;0.98599654;0.9859411;0.9859565;0.9859723;0.98598945;0.9860046;0.9860185;0.9860302;0.98604566;0.98606086;0.98607504;0.98608905;0.9861047;0.9861171;0.98613214;0.9861433;0.98615676;0.9861744;0.9861891;0.9862037;0.98621887;0.98623276;0.98624945;0.9862633;0.98627764;0.9862935;0.9863089;0.98632336;0.98633736;0.9863518;0.98636574;0.98637915;0.9863938;0.9864068;0.9864223;0.9864384;0.9864518;0.98646873;0.9864795;0.9864947;0.98650897;0.9865243;0.9865388;0.98655134;0.986564;0.9865792;0.9865927;0.9866076;
0.49367088;0.46753246;0.43209878;0.43925235;0.48205128;0.5097192;0.5680147;0.5846906;0.6148148;0.6409575;0.6542169;0.66220737;0.6746114;0.6921606;0.7037037;0.7158609;0.7204214;0.7376426;0.7507225;0.76013744;0.7714473;0.781602;0.7926322;0.8018172;0.8086623;0.8148541;0.8216658;0.8291728;0.8346755;0.84042066;0.84571177;0.8506383;0.855198;0.8603263;0.8641115;0.8681443;0.87166363;0.87482166;0.87858874;0.88177836;0.8848047;0.8874639;0.8897267;0.891083;0.89351434;0.8960542;0.8980358;0.9001414;0.9023243;0.90415424;0.9057158;0.90790504;0.90939426;0.9112619;0.91262376;0.9138768;0.914109;0.91546005;0.91676223;0.9180587;0.919405;0.9204819;0.9215135;0.92278236;0.9239631;0.9252625;0.92645866;0.927487;0.9284588;0.92945975;0.93040645;0.93141884;0.93246514;0.93335783;0.9342868;0.93524796;0.93597883;0.93682563;0.9371134;0.9379029;0.9382117;0.93850225;0.9393544;0.94000965;0.9407077;0.94143575;0.9421012;0.942628;0.9432927;0.9439928;0.9446099;0.9451246;0.94570136;0.94626606;0.94689506;0.9474502;0.9480302;0.9485335;0.9489712;0.9494703;0.94992596;0.95046604;0.9509235;0.95138526;0.95181346;0.95235044;0.9527259;0.9531545;0.953558;0.9539832;0.95437825;0.95483243;0.95521307;0.9555927;0.9560647;0.95640963;0.95682454;0.95717245;0.9575148;0.9578183;0.9581505;0.9584404;0.9588268;0.9592418;0.9595344;0.9598792;0.96022666;0.96055144;0.96082973;0.9611651;0.96145076;0.9616216;0.96192324;0.9622355;0.9625012;0.96277076;0.9630327;0.9629083;0.9631944;0.96344775;0.96365565;0.96389925;0.96413624;0.96440375;0.96461755;0.9648386;0.96510553;0.96531737;0.9655393;0.9657864;0.966036;0.966273;0.9665276;0.96673137;0.9669559;0.96714026;0.96735364;0.96712565;0.96730405;0.9675121;0.9676984;0.96789604;0.9681179;0.9682947;0.9684618;0.9686605;0.9688517;0.96905553;0.96925426;0.96944314;0.9696321;0.9698021;0.96997255;0.9701155;0.9702455;0.97041786;0.97055656;0.9707209;0.97087675;0.97102;0.9711792;0.97135806;0.9715115;0.9716716;0.97182375;0.97198653;0.9721434;0.97229457;0.972446;0.9725723;0.97271883;0.9728504;0.97299963;0.97312844;0.9733008;0.9734397;0.97358257;0.97371674;0.97384596;0.97395974;0.9740778;0.9741948;0.9743211;0.97445136;0.97459877;0.9747378;0.974877;0.9750163;0.9751444;0.97526157;0.9753761;0.97549117;0.9755927;0.9757118;0.97581;0.9759241;0.97603554;0.97615045;0.97626424;0.9763755;0.97648;0.97658354;0.976679;0.97679067;0.9768915;0.9770067;0.9771166;0.9772132;0.9772997;0.9774055;0.9775156;0.9776141;0.9777079;0.9777752;0.97787917;0.9779683;0.97807294;0.97816545;0.9782633;0.97836894;0.97846985;0.9785686;0.978657;0.9787399;0.97883976;0.9789213;0.9790149;0.97883135;0.9789096;0.9789907;0.9787578;0.9788309;0.9789147;0.97900903;0.97908705;0.9791711;0.97920066;0.97913283;0.97915363;0.9792328;0.9793157;0.97940856;0.97949326;0.9795626;0.97965014;0.9797225;0.97979647;0.9798566;0.97994065;0.98001105;0.98008686;0.98015815;0.9802299;0.9802982;0.98037094;0.98042774;0.98049664;0.98057824;0.9806367;0.98070973;0.9807655;0.98083115;0.9808844;0.9809574;0.98103344;0.98108107;0.9811526;0.9812067;0.98126495;0.9813316;0.98139775;0.9814617;0.9813863;0.9814653;0.9815223;0.9815799;0.9815559;0.981618;0.9815848;0.9812839;0.9810777;0.9811515;0.981165;0.9811413;0.9810709;0.98082626;0.9803904;0.98005724;0.9796894;0.9795695;0.97930104;0.97927797;0.97912246;0.97918016;0.97920525;0.97917116;0.9790686;0.9788423;0.9787044;0.97872794;0.978585;0.97865266;0.9787073;0.9786985;0.9786746;0.9787269;0.97879755;0.97858;0.97860587;0.97846544;0.97852635;0.97840285;0.9784281;0.978417;0.9784781;0.9783415;0.97828186;0.9783001;0.97835654;0.9784135;0.97848225;0.9785386;0.97859967;0.9786672;0.9787276;0.9787818;0.9788432;0.9789191;0.9789764;0.97903347;0.9790942;0.97914255;0.9792003;0.97925055;0.9792998;0.9793503;0.9794054;0.9794741;0.9795254;0.97958106;0.9796356;0.97969675;0.97975224;0.97980815;0.97986454;0.9799176;0.9799726;0.9800266;0.98007953;0.9801373;0.9801904;0.98024684;0.9803015;0.9803644;0.98041415;0.98047;0.98051435;0.9805626;0.9806142;0.98066336;0.98072124;0.980787;0.98084277;0.98089755;0.98095137;0.9810009;0.9810508;0.98109716;0.9811419;0.9811944;0.9812459;0.9812984;0.98134416;0.9813936;0.98143315;0.98148274;0.9815289;0.98157483;0.98161614;0.9816616;0.98171186;0.98175997;0.98181206;0.981859;0.9819033;0.9819456;0.98198825;0.9820355;0.98208195;0.9821175;0.9821564;0.9822127;0.9822495;0.9822919;0.98232836;0.9823658;0.9824065;0.98245615;0.9825089;0.98256135;0.98260283;0.9826458;0.98268414;0.9827328;0.98277456;0.9828123;0.98285097;0.98289114;0.9829316;0.9829687;0.9830029;0.9830386;0.98307526;0.9831143;0.98315483;0.98318833;0.98323107;0.9832622;0.983303;0.98333746;0.9833774;0.98341966;0.98345214;0.98349;0.98352265;0.98356074;0.98360556;0.98363435;0.9836679;0.98369944;0.98373616;0.9837723;0.98380435;0.98384064;0.9838806;0.98390937;0.9839423;0.98397845;0.984013;0.98404413;0.9840765;0.98410976;0.98414373;0.9841771;0.9842007;0.9842375;0.98427963;0.9843161;0.98435104;0.9843822;0.98442227;0.9844567;0.98449236;0.9845265;0.9845632;0.9845983;0.9846285;0.984659;0.9846881;0.9847184;0.98474854;0.9847751;0.9848072;0.9848413;0.9848705;0.9849064;0.98493624;0.98497266;0.9850047;0.98503953;0.98506886;0.9851059;0.9851398;0.98516876;0.98514444;0.9851215;0.98514706;0.98517126;0.98520225;0.98523635;0.98527306;0.98530287;0.9853341;0.9853601;0.98538834;0.9854157;0.9854426;0.9854721;0.9854988;0.98552686;0.98555297;0.98558086;0.9856094;0.9856352;0.9856594;0.98569363;0.98571765;0.9857453;0.9857695;0.9856923;0.98571914;0.9856928;0.9856462;0.9856677;0.9856409;0.9856679;0.985615;0.98557013;0.9856005;0.9855236;0.9855487;0.9855789;0.985557;0.9855838;0.9856104;0.98563844;0.98567104;0.9856934;0.98571897;0.9857455;0.9857719;0.9858014;0.9858305;0.9858566;0.9858794;0.98591167;0.98593676;0.9858128;0.98582;0.98580146;0.9858259;0.985854;0.98578733;0.98547715;0.9853074;0.985288;0.98529017;0.98512524;0.9850071;0.9849172;0.98487294;0.98465717;0.9844455;0.98372835;0.9834438;0.9828521;0.982503;0.98179567;0.98156637;0.98107076;0.9806768;0.98049736;0.9802511;0.97988224;0.9796854;0.9795368;0.9793341;0.9791106;0.97891223;0.97878885;0.9784744;0.9782558;0.9776654;0.9775169;0.97746235;0.97725177;0.97708374;0.9766137;0.9764944;0.976125;0.97597694;0.9756103;0.9754018;0.9753039;0.9751841;0.97509134;0.9749751;0.97489935;0.9746507;0.97444797;0.9740435;0.9736434;0.97335035;0.9729639;0.97273684;0.9726419;0.972216;0.97194785;0.9715548;0.971357;0.9708336;0.97061163;0.9701509;0.9697557;0.96944636;0.9691132;0.9689433;0.9686405;0.96835774;0.9681826;0.9680737;0.9680164;0.96804464;0.96801823;0.96802753;0.9679065;0.96795356;0.96781284;0.96787095;0.96792406;0.9679259;0.96798015;0.967986;0.96788514;0.9677103;0.96765345;0.96746933;0.9672434;0.9671812;0.9670402;0.96685946;0.9668359;0.96688616;0.96689284;0.96681696;0.9668475;0.9668172;0.9668198;0.9668724;0.9669227;0.966869;0.96683407;0.9668815;0.96693426;0.9669923;0.9670448;0.967097;0.9671376;0.9671882;0.96724874;0.9672977;0.96734977;0.9674104;0.9674628;0.9675038;0.9675612;0.9676092;0.9676623;0.9677061;0.9677504;0.9678024;0.96785676;0.96790135;0.96795154;0.9680035;0.96805215;0.96809745;0.96814007;0.96819586;0.9681798;0.96812415;0.96816903;0.9682144;0.96815515;0.9681615;0.96813756;0.968184;0.96822965;0.96827203;0.96832365;0.9683745;0.96842206;0.96846336;0.9684467;0.9684866;0.96852523;0.9685244;0.9684939;0.9684502;0.96843976;0.96849394;0.9684997;0.9684959;0.9685449;0.9685871;0.96863216;0.96866995;0.9687178;0.96875477;0.96880054;0.9688468;0.9688941;0.96892893;0.96897066;0.96901816;0.9690638;0.9691017;0.9691395;0.96917784;0.9692253;0.9692651;0.96930426;0.9693473;0.9693914;0.96939915;0.9692388;0.9692073;0.9692462;0.9692844;0.96932596;0.96917784;0.96918017;0.9690043;0.9689688;0.9689553;0.96884763;0.9688555;0.96871275;0.96862704;0.9686569;0.9686051;0.96853983;0.9685366;0.96852267;0.96850765;0.96854305;0.96832645;0.96813244;0.9679955;0.9677885;0.9675629;0.9671364;0.9671221;0.9669138;0.9664432;0.96618515;0.9659938;0.9654132;0.9652264;0.9646451;0.9644776;0.9639132;0.9633599;0.9625162;0.9620719;0.96146303;0.96098673;0.9601614;0.95935816;0.9586767;0.9579991;0.9572801;0.9565088;0.9556049;0.9546042;0.9534685;0.95257246;0.9515338;0.950303;0.94923776;0.9482263;0.94703066;0.9460851;0.94505626;0.9439971;0.94264805;0.9415133;0.94031674;0.9392681;0.93799686;0.9367931;0.9357044;0.93463415;0.9333913;0.9322787;0.93093127;0.9297456;0.92845273;0.92730474;0.92614394;0.9249079;0.92362845;0.9223836;0.9212196;0.92019767;0.91919345;0.91812986;0.9169458;0.9158414;0.9148008;0.91357964;0.9124225;0.91142;0.9101473;0.90899885;0.90806407;0.9070711;0.9057955;0.90473276;0.9035383;0.9025403;0.9014852;0.9005214;0.8994414;0.89831984;0.897201;0.8962463;0.8951034;0.89408016;0.8931613;0.8919826;0.890894;0.8899093;0.8888438;0.8877738;0.8866669;0.8855789;0.884721;0.8839941;0.88305074;0.8818398;0.88071096;0.8797503;0.8786825;0.87804216;0.87712705;0.87632984;0.875744;0.8751594;0.87439114;0.8736347;0.87301487;0.8723806;0.871645;0.8710091;0.87015635;0.86918974;0.86837417;0.86738276;0.8664905;0.86576146;0.86479783;0.863925;0.86306757;0.8620679;0.8611471;0.8602107;0.8593945;0.85847086;0.8577272;0.85708517;0.8563624;0.8554641;0.85438925;0.8534005;0.85234606;0.85154384;0.8505294;0.8497829;0.8488027;0.8478899;0.84668016;0.8456423;0.8446458;0.84379345;0.842827;0.8418757;0.8409136;0.8398259;0.83886856;0.8379515;0.83711267;0.8360601;0.8351492;0.8341394;0.8331572;0.8322903;0.8314878;0.8305368;0.82957554;0.8286165;0.82768446;0.8268784;0.8259503;0.825049;0.824285;0.82325214;0.82223415;0.82141423;0.8203642;0.81948715;0.81874824;0.81781405;0.81700295;0.8161452;0.815241;0.8145792;0.8137625;0.81280375;0.8119428;0.81091684;0.80997664;0.8090031;0.80820936;0.80738175;0.806379;0.8054258;0.80453354;0.8036783;0.80278987;0.80189174;0.80101883;0.8002523;0.7995219;0.7986542;0.7978691;0.7971777;0.79624605;0.795351;0.79435515;0.7935556;0.79263246;0.79191595;0.7911327;0.7903736;0.7895482;0.7887133;0.7879026;0.78703743;0.78625256;0.7853687;0.78454256;0.7837738;0.7831288;0.7823295;0.78149027;0.78071654;0.77990025;0.77907467;0.7780973;0.77731466;0.7764509;0.77565444;0.774827;0.77404475;0.77336156;0.77269036;0.771934;0.77121145;0.7704257;0.76960933;0.76866627;0.7678964;0.76707476;0.7662655;0.7654792;0.76474744;0.7640171;0.76324594;0.7625079;0.7618134;0.7609208;0.76015586;0.7594343;0.7586202;0.7578599;0.7569558;0.75620914;0.7554847;0.7548132;0.7541017;0.7534121;0.7526109;0.7518831;0.7510851;0.75038064;0.7496571;0.74893504;0.74831945;0.7476881;
0.5625;0.60144925;0.54028434;0.5591398;0.5669516;0.61312217;0.62969923;0.6633166;0.69656205;0.71486485;0.73665047;0.7393258;0.7549121;0.77011496;0.7862867;0.80099505;0.8110236;0.8210839;0.82919914;0.83760107;0.84507936;0.85274595;0.85960877;0.8654906;0.87151134;0.8767677;0.8808012;0.8854998;0.88949275;0.8929355;0.89621437;0.8993399;0.9018109;0.9044636;0.90722436;0.90999633;0.91232485;0.91510093;0.9171758;0.91909814;0.9212395;0.9231496;0.92471457;0.9261725;0.9276823;0.9280951;0.92952543;0.9308036;0.93225896;0.9333513;0.93442625;0.9358178;0.93711966;0.9380774;0.9392752;0.9403846;0.94139886;0.9424193;0.94346935;0.9444569;0.9453624;0.9462622;0.94724524;0.94821465;0.94888705;0.94972634;0.95032054;0.95096874;0.9516475;0.95238096;0.9530303;0.95367086;0.9543278;0.95478576;0.95542777;0.95612174;0.95672655;0.95724136;0.9577513;0.9582562;0.95872855;0.95921725;0.95963544;0.96001935;0.96035033;0.9608059;0.9612391;0.9617335;0.962135;0.9625789;0.96306735;0.9634522;0.9638712;0.96428573;0.96473587;0.9651456;0.965522;0.96586704;0.9661639;0.96652323;0.96683097;0.967198;0.9674765;0.9678045;0.96810144;0.96842504;0.96823204;0.9685049;0.96869224;0.9687156;0.9687462;0.969061;0.9690587;0.9693324;0.96920377;0.969338;0.96926445;0.9689639;0.9691959;0.9694999;0.9697172;0.96952635;0.9680175;0.96761924;0.96652675;0.9652852;0.96441054;0.964192;0.9634108;0.9626719;0.96206295;0.96126866;0.96077836;0.9603802;0.9607026;0.95995265;0.96023893;0.96052504;0.9607843;0.9610626;0.9613628;0.9616583;0.9619315;0.9622185;0.96248037;0.9626674;0.96295625;0.96320736;0.9634486;0.96369636;0.9639312;0.9641851;0.96439195;0.96461487;0.96483195;0.96505237;0.96526116;0.9655026;0.96569455;0.96593004;0.96615386;0.9663386;0.9665461;0.9667592;0.9669052;0.9671297;0.9673145;0.9675257;0.9677035;0.9678693;0.96807843;0.9682403;0.968408;0.96841455;0.96857953;0.96874046;0.9688521;0.9690192;0.96920305;0.9693961;0.969562;0.9697417;0.96990824;0.97006863;0.97024244;0.9703928;0.9705354;0.9707059;0.97084963;0.9710022;0.971143;0.9712845;0.97143257;0.971583;0.97173584;0.9718947;0.9720499;0.97218454;0.97233284;0.9724518;0.9725863;0.9727212;0.9728674;0.97301567;0.9731306;0.9732516;0.97337145;0.97347826;0.9736131;0.97374153;0.97388536;0.9740112;0.9741292;0.97426564;0.9743766;0.9744898;0.97460043;0.97471946;0.97485894;0.97498167;0.97509116;0.9752071;0.97533244;0.97542554;0.975518;0.9756257;0.97571665;0.97579694;0.9759121;0.9760136;0.9761295;0.97621393;0.97624826;0.9763562;0.97633237;0.97642154;0.9765234;0.9766085;0.976714;0.97680295;0.97690415;0.97699803;0.9770848;0.9771697;0.9772577;0.9771269;0.97720814;0.9773012;0.9774057;0.9775166;0.97761315;0.9776946;0.97779673;0.977885;0.9779819;0.9780769;0.97815496;0.9782166;0.9782982;0.9783893;0.9784774;0.97855157;0.9786329;0.97871363;0.97879803;0.9788818;0.97896063;0.9790463;0.97911656;0.9791854;0.9792568;0.97932166;0.979384;0.97946215;0.9795428;0.97962177;0.97969615;0.97976416;0.97983754;0.97991234;0.9799933;0.9800584;0.98012865;0.98019564;0.9802725;0.98034036;0.98041147;0.9804812;0.98054314;0.98061186;0.9806703;0.9807408;0.9808099;0.98088735;0.9809615;0.98102474;0.9810953;0.98115253;0.9812145;0.98127943;0.98134226;0.98140717;0.98146254;0.98152494;0.981578;0.9816348;0.9816969;0.98175377;0.9818245;0.9818782;0.9819449;0.98200494;0.9820622;0.98186886;0.98193157;0.9819816;0.98204505;0.98210055;0.9821534;0.9822179;0.9822723;0.9823286;0.98237795;0.98243207;0.9824874;0.9825466;0.9826062;0.9826661;0.9827192;0.9827748;0.9828314;0.98287797;0.98293185;0.98298746;0.9830386;0.98309827;0.9831454;0.98296404;0.9830072;0.9830622;0.9831109;0.98315734;0.9832015;0.98325133;0.98329437;0.98334694;0.9833946;0.98344207;0.98349047;0.9835342;0.9835846;0.9836303;0.98367023;0.9837105;0.9837586;0.9838156;0.98386186;0.9839109;0.9839596;0.9840039;0.98405147;0.9840887;0.9841328;0.9841721;0.9842233;0.98426265;0.9843064;0.98434305;0.9843869;0.98443395;0.9844734;0.98451656;0.98456;0.9845944;0.984633;0.9846851;0.9847293;0.98476833;0.98480284;0.9848399;0.98488;0.9849172;0.9849516;0.9849953;0.9850288;0.98506945;0.9851078;0.98514545;0.9851829;0.98521966;0.9852582;0.9852941;0.9853283;0.98535585;0.98539275;0.9854265;0.98546106;0.9854984;0.98553365;0.98556817;0.98560596;0.9856411;0.98567945;0.98571193;0.9857513;0.98578954;0.98582053;0.98585325;0.9858854;0.9859183;0.9859469;0.98598087;0.98601377;0.98604697;0.9860782;0.98610884;0.9861407;0.98601174;0.98604006;0.98607457;0.9861071;0.9861373;0.9861669;0.98619634;0.98622614;0.9862532;0.9862841;0.98631734;0.98635304;0.986383;0.9864201;0.9864498;0.98647934;0.98650455;0.98653805;0.9865751;0.9866132;0.98664534;0.9866761;0.9867059;0.9867396;0.98676705;0.98679525;0.9868261;0.98685247;0.9868811;0.9869088;0.9869411;0.98697126;0.98700637;0.98703665;0.98706406;0.9870678;0.98709005;0.9871214;0.9871496;0.9871738;0.98721004;0.98723704;0.9872703;0.98729444;0.9873244;0.9873502;0.987373;0.987399;0.9874245;0.98744625;0.9874781;0.9875018;0.98752904;0.9875533;0.9875828;0.9876114;0.9876361;0.9876631;0.9876875;0.9877136;0.9877382;0.9877627;0.98778844;0.98781544;0.98784643;0.9878709;0.9878938;0.9879197;0.9879445;0.98796916;0.98799205;0.98801225;0.98803926;0.9880642;0.98808706;0.98810923;0.9881329;0.98816067;0.98818225;0.9882079;0.98823243;0.9882537;0.98827875;0.988303;0.9883259;0.9883503;0.98837703;0.9884022;0.98842806;0.9884474;0.9884725;0.9884954;0.9885221;0.98854446;0.98856646;0.988589;0.9886114;0.9886328;0.9886556;0.9886748;0.98869604;0.98871744;0.9887399;0.9887597;0.98878694;0.98881084;0.98882985;0.9888539;0.9888755;0.9888948;0.98891944;0.9889431;0.988963;0.98898286;0.9890057;0.9890249;0.98904365;0.98906213;0.9890791;0.98910236;0.98912066;0.9891418;0.98916346;0.98918205;0.98919845;0.98921746;0.9892377;0.98926085;0.9892818;0.989301;0.9893244;0.98934555;0.9893664;0.9893895;0.98921144;0.98923004;0.98924756;0.98926866;0.98928475;0.9893073;0.9893248;0.98934406;0.98936784;0.9893834;0.98940116;0.98932564;0.98934394;0.9893597;0.9893766;0.98939806;0.98941886;0.98943615;0.98945355;0.98947495;0.9894967;0.9895144;0.98953384;0.9895505;0.98956853;0.9895882;0.9896037;0.98961866;0.9896314;0.989648;0.98966616;0.9896814;0.98969924;0.9897194;0.9897364;0.98975146;0.98977095;0.9897887;0.98980683;0.9898268;0.98984575;0.9898623;0.98987657;0.9898926;0.9899065;0.9899227;0.9899388;0.9899542;0.989969;0.9899836;0.9900009;0.9900196;0.99003875;0.99005586;0.9900726;0.9900898;0.9901069;0.9901231;0.9901379;0.9901533;0.99017;0.99018466;0.9901995;0.9902173;0.99023443;0.9902521;0.9902678;0.9902807;0.9902961;0.9903106;0.9903259;0.99033993;0.99035305;0.99036723;0.9903848;0.9904003;0.99041474;0.99043256;0.9904473;0.99046195;0.9904776;0.990493;0.9905067;0.9905222;0.9905371;0.9905523;0.990566;0.99057955;0.9905958;0.9906098;0.9906244;0.990637;0.9906511;0.99066573;0.9906793;0.9906935;0.9907047;0.9907184;0.9907325;0.99074745;0.9907616;0.9907759;0.9907892;0.99080133;0.9908151;0.99082816;0.99084055;0.9908544;0.9908688;0.9908629;0.99083763;0.99078894;0.9908039;0.9908164;0.99083126;0.9908453;0.99086046;0.99087375;0.99086577;0.990862;0.9908752;0.99088925;0.990902;0.9909147;0.99092865;0.9909418;0.9909552;0.9909688;0.990979;0.99099404;0.99100685;0.99102014;0.9910343;0.99105126;0.99106497;0.9910765;0.99108964;0.9911046;0.9911162;0.9911285;0.99114233;0.99115217;0.991164;0.9911767;0.99119;0.99120146;0.99119556;0.99120826;0.99122113;0.99123293;0.99124825;0.99126035;0.9912719;0.9912841;0.991298;0.99128973;0.9912246;0.9911989;0.9912119;0.99122405;0.99123585;0.9912458;0.99125725;0.9912704;0.9912813;0.9912931;0.99130696;0.99131787;0.9913301;0.99134094;0.99135256;0.99136615;0.99137914;0.99139184;0.99140394;0.9914145;0.991425;0.9914372;0.99144936;0.991462;0.99147266;0.9914824;0.99149567;0.99150693;0.99151826;0.9915316;0.99154305;0.991554;0.9915668;0.9915777;0.99158853;0.99159956;0.99161035;0.9916199;0.9916308;0.9916409;0.9916518;0.9916455;0.9916563;0.9916309;0.9916419;0.99165356;0.9916653;0.99156797;0.9915785;0.99159;0.99158335;0.9915772;0.9915886;0.99154735;0.99155617;0.9913708;0.99131066;0.99132276;0.99131536;0.9913086;0.9912845;0.99129397;0.991201;0.99117583;0.991011;0.9909359;0.99094856;0.9909604;0.99096936;0.9909816;0.9909932;0.9910041;0.991016;0.99097604;0.99098945;0.9910003;0.9910124;0.99102443;0.9910348;0.9910469;0.9910592;0.9910711;0.9910833;0.9910932;0.99110264;0.99111414;0.9911286;0.9911383;0.9911503;0.9911609;0.99117005;0.9911799;0.9911894;0.9912;0.99121195;0.99122363;0.99123514;0.99124646;0.9912567;0.99126655;0.99127704;0.99128735;0.99129814;0.99130857;0.9913185;0.9913296;0.9913384;0.99134886;0.99134177;0.99117047;0.99118143;0.99119145;0.99120146;0.9912123;0.99122274;0.9912341;0.991244;0.99125624;0.9912681;0.99127823;0.9912879;0.9912993;0.9913096;0.9913179;0.99132735;0.99133635;0.9913469;0.99130803;0.9913194;0.9913303;0.99134207;0.9913504;0.9913595;0.9913692;0.9913812;0.9913934;0.991402;0.99141127;0.99142116;0.9914302;0.9914409;0.9914515;0.99146074;0.9914704;0.9914817;0.991492;0.9915032;0.9915134;0.99152315;0.9915193;0.9915282;0.9915374;0.9915474;0.9915572;0.9915667;0.99157745;0.99158746;0.99159664;0.9916056;0.9916163;0.9916261;0.99163556;0.991646;0.9916563;0.9916667;0.99167657;0.99168557;0.9916951;0.99170595;0.9917149;0.9917247;0.9917327;0.9917418;0.9917509;0.9917596;0.99176806;0.99177694;0.991787;0.9917959;0.99180454;0.99181336;0.9918233;0.99183387;0.99184203;0.9918503;0.99185896;0.99186707;0.99187654;0.99188364;0.9918922;0.991901;0.991909;0.9919185;0.99192554;0.9919356;0.9919447;0.99195457;0.99196357;0.9919722;0.9919796;0.9919884;0.99199677;0.99200606;0.9920158;0.9920242;0.99203426;0.9920425;0.9920506;0.9920595;0.992067;0.9920751;0.99208415;0.9920928;0.9921016;0.99210984;0.992118;0.99212646;0.99213314;0.9921416;0.99214953;0.992158;0.9921682;0.99217737;0.99218476;0.9921925;0.9922006;0.99220955;0.99221677;0.99222577;0.9922333;0.99224025;0.99224883;0.99225676;0.9922651;0.99227434;0.99228185;0.9922873;0.99229515;0.9923033;0.9923121;0.9923191;0.9923271;0.99233615;0.99234575;0.9923543;0.99236405;0.9923715;0.99237907;0.9923851;0.99239284;0.9924019;0.99240863;0.992417;0.9924248;0.992432;0.99243903;0.99244714;0.9924544;0.9924614;0.99246955;0.99247617;0.9924843;0.99249256;0.9925009;0.99250853;0.99251646;0.9925239;0.992532;0.99253875;0.9925456;0.99255407;0.99256045;0.9925666;0.99257636;0.9925845;0.992593;0.992602;0.9926095;0.9926176;0.9926254;0.99263304;0.9926413;0.99264795;0.9926567;0.9926663;0.99266016;0.9926674;0.99267364;0.9926811;0.99268824;0.9926948;0.99270135;0.9927092;
0.64;0.6510067;0.5982906;0.5782748;0.57537687;0.5930736;0.6240741;0.6331169;0.64285713;0.6438896;0.6513872;0.65033406;0.6522634;0.65234;0.66488415;0.6686143;0.67527384;0.674025;0.68549514;0.68894774;0.6938256;0.70413125;0.7107872;0.7164514;0.7242865;0.7290057;0.73676324;0.7378876;0.7431925;0.7476082;0.75329816;0.75947213;0.76707816;0.7731463;0.77903354;0.78145194;0.7878229;0.79237133;0.79697925;0.8;0.8041513;0.8064833;0.80921894;0.8120701;0.81278676;0.81047904;0.8090349;0.80982476;0.8126055;0.8119493;0.8132579;0.81470746;0.81691235;0.81788164;0.8192711;0.81998044;0.82338846;0.8265066;0.8298314;0.83287984;0.83600354;0.83866024;0.84099245;0.84294534;0.84417486;0.8463601;0.8488844;0.8508807;0.8529992;0.85550815;0.85714287;0.859035;0.8609556;0.86254615;0.86447155;0.8664156;0.8680482;0.87000525;0.8717949;0.87349296;0.875;0.87669647;0.8784864;0.87999356;0.88148266;0.8830088;0.88426286;0.8854375;0.88674366;0.8880036;0.88920283;0.89047337;0.8916364;0.8927903;0.89401054;0.8951295;0.8962251;0.89724135;0.8982935;0.89962274;0.90052074;0.90142894;0.9023847;0.9033848;0.9042416;0.90538484;0.90627754;0.9072345;0.90816075;0.9089353;0.90986085;0.91059643;0.9114676;0.91218764;0.91294694;0.91368324;0.91439736;0.91501254;0.9157049;0.9164611;0.91710246;0.91775227;0.91845447;0.9189865;0.9197371;0.9203634;0.92102194;0.9215707;0.9220956;0.92272586;0.9233697;0.923933;0.92451876;0.9250729;0.925567;0.9260839;0.9266443;0.92718923;0.92764884;0.9281651;0.9287013;0.92914885;0.9296904;0.9302173;0.9306977;0.9311206;0.93158233;0.93200696;0.93238336;0.9329131;0.9333214;0.93374246;0.93408245;0.9345285;0.93496287;0.93536353;0.93578696;0.9362376;0.9366065;0.9369979;0.93744224;0.9378234;0.93823576;0.9386579;0.93903434;0.9393816;0.9397688;0.94018465;0.9405332;0.94089645;0.94119966;0.9415044;0.94182414;0.94219875;0.9425686;0.9428944;0.94322944;0.94365025;0.9439765;0.94431156;0.9446673;0.9450103;0.945297;0.9456204;0.9458733;0.9461277;0.94636816;0.94665617;0.94696;0.9472118;0.9475389;0.9475493;0.94782364;0.9481096;0.94831276;0.94855416;0.94880384;0.94906145;0.9492891;0.9495759;0.94985604;0.95011985;0.9503579;0.9506165;0.9508949;0.9511543;0.9513889;0.9516275;0.95185757;0.95211;0.95230514;0.95253485;0.9527743;0.9529936;0.95321673;0.9534175;0.95363665;0.9538053;0.9540322;0.954226;0.9543932;0.95458126;0.9547978;0.9549961;0.9551846;0.9553715;0.9555622;0.95576423;0.95595413;0.9561193;0.95633674;0.95652175;0.9566852;0.9569045;0.95710933;0.95726347;0.95747703;0.957674;0.95785505;0.958011;0.95817745;0.9583635;0.9585363;0.9586895;0.9588507;0.95902175;0.95918703;0.959362;0.95952225;0.9596531;0.9598241;0.9599936;0.96016383;0.9603116;0.9604457;0.9606142;0.9607997;0.9609489;0.96108484;0.9612319;0.9613838;0.9615661;0.9617408;0.9618907;0.962051;0.9621908;0.9623486;0.9624937;0.9626378;0.96275485;0.9628712;0.96301234;0.9631452;0.9632969;0.9634116;0.9635381;0.96365136;0.96371377;0.96382755;0.9639648;0.9640942;0.96422607;0.96434176;0.96446;0.96461093;0.96474075;0.9648564;0.9649729;0.96509844;0.96523756;0.9653835;0.9655045;0.9656436;0.96577686;0.96590286;0.96601105;0.96612924;0.96623445;0.9663481;0.96648043;0.9665984;0.96670216;0.96681565;0.9669181;0.9670373;0.9671499;0.96725035;0.96735585;0.96746486;0.96755916;0.9676724;0.9677669;0.9678608;0.967972;0.9680688;0.96817315;0.9682929;0.96839577;0.9684927;0.9685092;0.96850854;0.96836495;0.9683093;0.967862;0.9667959;0.96676946;0.96674323;0.9664704;0.9662944;0.966048;0.966009;0.9659757;0.9657424;0.9656766;0.9657452;0.96576244;0.9656367;0.9654789;0.9651527;0.96525174;0.96517396;0.96524674;0.9653055;0.9654002;0.96551454;0.9656082;0.96571714;0.9658057;0.965903;0.9659971;0.9660777;0.96617085;0.96625066;0.96635056;0.96643966;0.96653587;0.96661395;0.9667192;0.9668039;0.96688074;0.96696955;0.9670603;0.9671737;0.96725005;0.96733326;0.96741724;0.9675139;0.96758634;0.9676702;0.9677431;0.96784365;0.9679262;0.9680061;0.9681038;0.9681942;0.96829313;0.9683655;0.9684566;0.9685316;0.9686151;0.968686;0.9687676;0.968851;0.9689295;0.96901417;0.969093;0.9691746;0.9692548;0.9693292;0.9693874;0.9694706;0.96953356;0.96960145;0.969668;0.9697352;0.9698073;0.9698832;0.9699536;0.9700277;0.9700964;0.9701728;0.9702499;0.97031456;0.9703929;0.9704639;0.9705286;0.9705941;0.970669;0.9707473;0.9708262;0.97090757;0.97097605;0.9710301;0.97109526;0.97116476;0.9712349;0.971301;0.9713751;0.97144604;0.97151756;0.971596;0.9716559;0.9717237;0.9717992;0.97186804;0.9719428;0.97199684;0.9720753;0.97214544;0.97220135;0.9722587;0.97232103;0.97237796;0.9724354;0.9724694;0.97227895;0.9721305;0.97209215;0.9718782;0.9717343;0.9714906;0.9715498;0.9716157;0.9713999;0.9714615;0.971522;0.9715856;0.97163695;0.97170097;0.9717638;0.9718323;0.97189033;0.97195065;0.97200906;0.97207135;0.97212845;0.9721919;0.97226155;0.97231704;0.9723723;0.97243786;0.9724991;0.9725592;0.9726239;0.9726858;0.97273725;0.97279954;0.97285056;0.9729084;0.97295743;0.97302336;0.9730843;0.9731419;0.9731863;0.97323966;0.9732944;0.9733526;0.9734196;0.97347575;0.9735362;0.9735845;0.9736385;0.9736982;0.9737517;0.9738095;0.9738582;0.9739075;0.97395444;0.9740084;0.9740614;0.97412276;0.97417104;0.9742347;0.97427976;0.9743373;0.97439456;0.97444254;0.9744959;0.9745469;0.97460324;0.9746553;0.97470635;0.9747593;0.97481465;0.974833;0.9748807;0.9749328;0.97498274;0.9750292;0.97507274;0.9751307;0.9751844;0.9752255;0.9752769;0.97531575;0.9753545;0.97540146;0.9754528;0.9755089;0.9755553;0.97559583;0.9756394;0.9756834;0.9757342;0.97578466;0.9758276;0.97587216;0.9759116;0.9759614;0.97600794;0.9760494;0.9760962;0.97614104;0.9761844;0.9762271;0.976278;0.97631973;0.976359;0.97639865;0.97644174;0.97648996;0.9765351;0.97657067;0.97661895;0.97665834;0.9766999;0.9767499;0.9766966;0.9767408;0.9767887;0.9768319;0.9768789;0.97691894;0.97695327;0.97699416;0.9770366;0.97707444;0.97710997;0.977152;0.97718775;0.97723114;0.97727275;0.9773174;0.97735053;0.9773944;0.97743213;0.97746974;0.97750247;0.977542;0.97758186;0.9776116;0.9776449;0.9776729;0.9777097;0.9777495;0.9777872;0.9778288;0.9778729;0.9779091;0.9779482;0.9779877;0.978024;0.9780546;0.9780983;0.9781307;0.9781701;0.97820175;0.97823536;0.97827286;0.9783112;0.9783474;0.9783821;0.9784201;0.9784628;0.978499;0.97853464;0.9785721;0.97861034;0.97864366;0.9786764;0.97871095;0.9787473;0.97878116;0.97882104;0.97885984;0.9788858;0.9789267;0.9789619;0.9789927;0.9790258;0.9790574;0.97909117;0.9791239;0.97915614;0.9791919;0.9792261;0.97926164;0.97929347;0.9793269;0.979359;0.9793963;0.9794361;0.9794736;0.97950786;0.97954243;0.9795751;0.979609;0.979641;0.9796747;0.9797026;0.9797296;0.979763;0.9797954;0.9798281;0.9798399;0.97986734;0.9798981;0.97993517;0.9799632;0.97999537;0.980019;0.98005015;0.9800358;0.9800701;0.9801019;0.98013026;0.98016095;0.9801916;0.98023;0.9802641;0.98029363;0.98032427;0.9803548;0.9803861;0.9804067;0.98043865;0.98047364;0.9805005;0.9805269;0.98055166;0.9805823;0.9806097;0.9806437;0.9806705;0.9807004;0.98072666;0.9807571;0.98078287;0.9808116;0.98084104;0.9808708;0.9809024;0.98093265;0.9809549;0.98098385;0.9809297;0.9809537;0.9809834;0.9809941;0.9809677;0.98100173;0.9809896;0.9809554;0.9809787;0.9810035;0.9810305;0.9810596;0.9810879;0.98111284;0.98113835;0.9811631;0.9810944;0.98112655;0.9811552;0.9811838;0.98121345;0.9812397;0.9812662;0.98129416;0.9813216;0.98134536;0.98137736;0.98140204;0.98143137;0.98145914;0.9814914;0.9815176;0.98154014;0.98156655;0.9815883;0.9816139;0.9816411;0.9816703;0.981696;0.98172647;0.98175263;0.9817798;0.9818096;0.9818366;0.98186255;0.9818836;0.98190695;0.98193437;0.9819603;0.98198485;0.982009;0.9820317;0.9820567;0.98208195;0.9821075;0.98213;0.9821547;0.98217744;0.982203;0.98222655;0.9822504;0.98227346;0.98229975;0.9823253;0.98232836;0.9823525;0.9823782;0.9824045;0.9824256;0.9824453;0.98246723;0.98248917;0.9825081;0.98253435;0.9825595;0.98258364;0.982604;0.98262805;0.98261553;0.9826386;0.9826603;0.98268384;0.98271066;0.982731;0.9827534;0.98277885;0.98280144;0.98282945;0.9828498;0.9828713;0.9828975;0.98291653;0.98294204;0.98296213;0.98298275;0.98300064;0.9830203;0.9830461;0.9830624;0.9830822;0.9830993;0.98311985;0.983141;0.98316467;0.9831886;0.98321104;0.98323745;0.9832617;0.9832868;0.9833061;0.98332787;0.9833485;0.9833705;0.9833915;0.9834143;0.9834341;0.9834058;0.98342615;0.9834529;0.9834743;0.9834908;0.9835121;0.98353386;0.9835553;0.98357725;0.98359525;0.9836165;0.98363936;0.9836608;0.983683;0.98370486;0.9837234;0.9837405;0.9837595;0.9837817;0.9838006;0.98382294;0.98381096;0.9838306;0.98385227;0.9838739;0.9838915;0.983908;0.98392284;0.983944;0.98396224;0.9839802;0.98399985;0.9840208;0.9840423;0.9840629;0.98408294;0.9841006;0.9841187;0.98413783;0.98415947;0.984179;0.9841993;0.9842146;0.98423123;0.98424906;0.9842668;0.9842894;0.98430383;0.9843227;0.9843439;0.98436123;0.98438;0.984398;0.98441744;0.9844354;0.9844542;0.9844726;0.98448884;0.98450756;0.9845228;0.9845402;0.98455864;0.9845762;0.98459524;0.98461366;0.9846324;0.9846541;0.9846739;0.9846927;0.98471117;0.98472553;0.98474157;0.9847604;0.984778;0.98479366;0.9848114;0.98482704;0.9848426;0.98486376;0.9848807;0.9848994;0.9849167;0.98493373;0.98495024;0.98496693;0.98498267;0.9849972;0.98501337;0.98503315;0.9850513;0.9850689;0.9850856;0.98510176;0.98511904;0.98513514;0.985151;0.9851693;0.9851869;0.98521024;0.9852273;0.98524183;0.98526144;0.98527944;0.9852963;0.98531187;0.9853282;0.98534584;0.98536104;0.9853766;0.9853893;0.9854066;0.9854234;0.9854371;0.9854532;0.98546726;0.985482;0.9854982;0.98551476;0.9855296;0.9855446;0.98556197;0.98557866;0.9855944;0.98560715;0.9856222;0.98563725;0.9856531;0.9856694;0.98568726;0.98570275;0.9857189;0.9857352;0.9857508;0.985765;0.9857824;0.9857988;0.9858143;0.9858318;0.98584455;0.9858591;0.98587143;0.9858851;0.985886;0.98590165;0.98588663;0.9859019;0.9858301;0.98577327;0.9857311;0.985574;0.9854021;0.98531854;0.98531955;0.9851791;0.9851925;0.98520875;0.98520863;0.9852261;0.9852431;0.9852158;0.9852015;0.9851866;0.98520184;0.9851483;0.9851607;0.98513365;0.9851365;0.9851499;0.9851641;0.98517954;0.98519665;0.9852128;0.9852286;0.98524654;0.98526245;0.98527807;0.98529434;0.9853089;0.98532546;0.9852728;0.9852457;0.9852584;0.9852605;0.9852363;0.9852388;0.98520225;0.9850666;0.985067;0.9850376;0.9850541;0.9850159;0.98503137;0.9850454;0.98506135;0.9850769;0.9850934;0.9851087;0.98512554;0.98513997;0.9851535;0.98516726;0.98518056;0.98519325;0.9852075;0.98522013;0.98523337;0.9852501;0.9852647;0.98527664;
0.5625;0.42138365;0.5081301;0.53797466;0.5535714;0.5711207;0.5609756;0.6065041;0.6260997;0.6398417;0.6418093;0.6238938;0.6115108;0.6267806;0.6366843;0.65681446;0.67236024;0.6835443;0.6820768;0.6797033;0.68471956;0.69810164;0.7050907;0.7146055;0.7239527;0.7341576;0.7409249;0.7492823;0.74838114;0.7545657;0.7540061;0.7595308;0.7659054;0.76703644;0.7720787;0.7774436;0.78302234;0.7870534;0.79137933;0.797048;0.80325204;0.80842304;0.8133292;0.8173309;0.8212703;0.82428116;0.8280273;0.83194447;0.83573174;0.8390101;0.8422836;0.8450704;0.8476454;0.85043263;0.8532622;0.8560894;0.8588757;0.86075366;0.8632363;0.86453474;0.8667249;0.8680988;0.86686456;0.8689209;0.87117946;0.87139106;0.87236583;0.87327826;0.8734741;0.87180465;0.8735416;0.8753478;0.8767199;0.87845904;0.88012844;0.8817734;0.88367665;0.8850299;0.8866014;0.8877568;0.8890723;0.89033943;0.89152545;0.8929084;0.8940731;0.8949416;0.89609593;0.8972644;0.8983459;0.89970326;0.9007488;0.9018583;0.903138;0.90416783;0.9050962;0.9059282;0.9069511;0.9080522;0.9090175;0.9099867;0.9108532;0.9117032;0.91260505;0.91338885;0.91414785;0.91487217;0.91559494;0.916471;0.91730887;0.9180308;0.9187988;0.91960996;0.92021716;0.92084306;0.9215868;0.9218822;0.92247975;0.9230246;0.92369074;0.92426103;0.9249641;0.92558086;0.9261395;0.92668176;0.92727077;0.92788106;0.9284359;0.9289823;0.92961544;0.9302445;0.9308061;0.9313587;0.9319366;0.93241763;0.93290514;0.9333987;0.9338851;0.9344088;0.9348806;0.93529636;0.9356276;0.93610615;0.93655986;0.93706554;0.9375;0.9379399;0.9383456;0.9387902;0.93917406;0.9396122;0.93993807;0.94031817;0.94070387;0.94118154;0.94153607;0.9416196;0.94201666;0.9423402;0.94267946;0.9430052;0.9434541;0.94378966;0.9441624;0.94456637;0.9448889;0.94518566;0.9455402;0.9458214;0.94611675;0.94642156;0.9467021;0.9470168;0.94729114;0.9475909;0.94788724;0.94820386;0.9485011;0.9487911;0.9489979;0.949271;0.9495226;0.9497754;0.9500293;0.9502662;0.95045763;0.9507154;0.950967;0.9512474;0.95150393;0.95184296;0.95207983;0.95230436;0.9525268;0.9527439;0.9529882;0.95329726;0.9535739;0.95381594;0.9540617;0.9542133;0.95441806;0.954633;0.95487577;0.95508647;0.9552776;0.9554875;0.9556896;0.9559042;0.9561054;0.9563132;0.9564719;0.956643;0.95685357;0.95705676;0.957242;0.95741504;0.95762867;0.95780385;0.9579698;0.9581549;0.958346;0.9585178;0.95870316;0.9588794;0.9590566;0.9592153;0.9593993;0.9596341;0.95981437;0.959986;0.9601095;0.96030825;0.9604982;0.9603375;0.9604872;0.960638;0.9608032;0.96096486;0.96117103;0.96134263;0.9614977;0.96169835;0.96184427;0.96200794;0.96214527;0.9623002;0.96246403;0.9626163;0.9627654;0.9628993;0.9630481;0.96320355;0.9633208;0.96346235;0.9635779;0.9632782;0.9632014;0.96334344;0.96348053;0.9636392;0.9637797;0.9639154;0.96407217;0.9642057;0.9643256;0.9644734;0.9646378;0.96477073;0.96491843;0.9650301;0.965167;0.9652925;0.96542734;0.96554595;0.96566206;0.9657891;0.9658953;0.9659926;0.96610904;0.9662068;0.96598315;0.96611464;0.9662307;0.96633637;0.9664651;0.96658194;0.96669793;0.96682245;0.96694446;0.96708846;0.96718735;0.9673007;0.9673863;0.9674953;0.96761686;0.9677141;0.9678238;0.9679299;0.9680382;0.96814144;0.96825397;0.96835726;0.96845984;0.968573;0.9686479;0.9687555;0.9688446;0.9689332;0.96903485;0.9691291;0.9692494;0.9693384;0.9694321;0.96953964;0.9696426;0.96974343;0.96984625;0.9699458;0.97003335;0.9701317;0.9702244;0.97031647;0.97037995;0.97047466;0.9705675;0.9706453;0.9707371;0.9706208;0.97034645;0.9704323;0.9704291;0.97048926;0.9705704;0.9706535;0.97074425;0.97084385;0.97093695;0.97101337;0.9711054;0.9711786;0.97124803;0.97133744;0.97142744;0.97150576;0.97159356;0.9716974;0.97177964;0.97185713;0.9718999;0.9719317;0.97200274;0.9720788;0.97214484;0.97223383;0.97230965;0.97238094;0.97242343;0.9725012;0.9725714;0.97264326;0.9727188;0.9727909;0.97287166;0.97293496;0.9730019;0.9730765;0.97315264;0.97322345;0.9732978;0.97336394;0.97343075;0.9734991;0.97356814;0.9736301;0.9737088;0.9737645;0.9738274;0.9738985;0.9739598;0.9740458;0.9741239;0.97418785;0.9742479;0.9743085;0.9743779;0.97444326;0.9745092;0.9745677;0.9746233;0.9746831;0.97474957;0.9748183;0.9748935;0.9749503;0.97501284;0.9750674;0.9751259;0.9751918;0.9752497;0.9753124;0.97537726;0.975431;0.97550595;0.97556734;0.9756309;0.9756917;0.9757618;0.9758083;0.9758547;0.97591114;0.9757701;0.97583765;0.9756767;0.97573465;0.9757828;0.97583;0.975888;0.9759387;0.9759915;0.9760502;0.97610253;0.97615844;0.9762232;0.9762755;0.9763321;0.97638696;0.9764557;0.9765122;0.9765647;0.97661555;0.97665954;0.9767034;0.9767551;0.9768116;0.9768642;0.9769123;0.97696596;0.97701436;0.9770618;0.9771049;0.97715616;0.9772073;0.97725815;0.97731364;0.9773619;0.9774039;0.97745454;0.97750634;0.9775579;0.97760725;0.97765297;0.97770655;0.9777625;0.9778182;0.97786766;0.97793204;0.977981;0.978035;0.97807765;0.978117;0.9781697;0.97822016;0.97824246;0.97811705;0.97816545;0.9780692;0.9780834;0.9781328;0.97817755;0.97823083;0.97827893;0.97832996;0.978377;0.9784214;0.9784674;0.97851753;0.9785643;0.9786152;0.97867185;0.9787156;0.97875327;0.97879493;0.9788423;0.9788825;0.9789295;0.9789646;0.9790101;0.9790531;0.97910285;0.9791414;0.9791947;0.9792347;0.9792767;0.9792907;0.9793297;0.9793691;0.97940886;0.97945356;0.9794908;0.9795323;0.97957313;0.9796165;0.9796625;0.9796968;0.97974455;0.9797802;0.9798216;0.97986346;0.9799014;0.97993755;0.9799768;0.9800179;0.98005736;0.98009086;0.9801243;0.9801571;0.9801996;0.98023057;0.98026913;0.9803076;0.9803439;0.9803074;0.9803451;0.9803588;0.9803962;0.98043495;0.98047006;0.9805055;0.98054135;0.98057806;0.9806201;0.98055196;0.9805894;0.98062575;0.98066145;0.9807024;0.98074216;0.980775;0.98081404;0.9808495;0.98088443;0.9809149;0.9809524;0.98098737;0.98101896;0.98105556;0.98108596;0.98111534;0.9811488;0.98117983;0.981214;0.981248;0.9812801;0.9813166;0.9813453;0.9813852;0.9814127;0.98144245;0.9814824;0.9815159;0.98154837;0.9815874;0.9816254;0.9816588;0.98169607;0.9817262;0.9817589;0.98178965;0.98182726;0.98183715;0.98186845;0.981898;0.9819317;0.9819572;0.9819801;0.98201346;0.9820543;0.98208696;0.9821154;0.98214746;0.9821806;0.98220706;0.982238;0.9822679;0.9822937;0.9823247;0.9823565;0.9823832;0.98241514;0.9824445;0.98247135;0.98250335;0.9825372;0.98256975;0.9825998;0.9826349;0.9826643;0.9826937;0.9827221;0.9827489;0.9827737;0.9828058;0.98283774;0.9828695;0.9828993;0.9829267;0.9829586;0.98298657;0.98301405;0.9830419;0.9830692;0.98309755;0.98312134;0.98315287;0.9831791;0.9832045;0.98323315;0.98326313;0.9832923;0.9833181;0.9833442;0.9833716;0.9834022;0.98343235;0.9834609;0.98349047;0.9834311;0.9834588;0.9834837;0.98350555;0.9835316;0.98355794;0.98358107;0.9836055;0.9836306;0.98366004;0.9836846;0.98371184;0.98373556;0.9837619;0.9837937;0.9838226;0.98384565;0.983873;0.98389757;0.98392445;0.9839512;0.9839749;0.98400414;0.98402965;0.9840551;0.9840778;0.9840972;0.9841191;0.98414004;0.98416024;0.984183;0.98420274;0.9842267;0.98425084;0.98427206;0.9842935;0.98431367;0.984341;0.9843668;0.9843908;0.9844148;0.984439;0.9844616;0.9844857;0.98451185;0.98453295;0.9845584;0.9845794;0.98460126;0.9846249;0.98464906;0.984675;0.9846987;0.9847224;0.98474777;0.98476857;0.9847932;0.98481923;0.98483926;0.98486364;0.98486394;0.98486507;0.9848876;0.9849091;0.9848582;0.98466986;0.9846907;0.98471063;0.9847346;0.9847576;0.9847812;0.9848064;0.98482835;0.98484933;0.9848706;0.9848955;0.98491925;0.98493886;0.9849584;0.98498076;0.98499936;0.98502356;0.98504686;0.9850664;0.98508847;0.9851093;0.98512954;0.9851503;0.9851696;0.9851899;0.98521024;0.9852291;0.9852451;0.98526937;0.98529166;0.98531383;0.9853335;0.9853556;0.9853746;0.985396;0.9854198;0.9854384;0.985461;0.98548055;0.9854995;0.9855158;0.985536;0.9855543;0.9855725;0.98559046;0.9856089;0.9856294;0.9856461;0.9856693;0.9856881;0.9857109;0.9857293;0.9857479;0.9857682;0.98578876;0.98580694;0.98582834;0.98584974;0.9858667;0.985886;0.9859037;0.9859248;0.98590773;0.9859265;0.9859453;0.98596454;0.98598;0.98599935;0.9860162;0.9860397;0.9860562;0.9860783;0.98609227;0.9861082;0.9861238;0.98614305;0.98616266;0.986183;0.9862004;0.9862211;0.9862417;0.98625755;0.9862764;0.9862938;0.9863113;0.98632884;0.9863471;0.9863647;0.9863826;0.9863985;0.98641515;0.9864305;0.9864466;0.98646265;0.98647976;0.98649806;0.98643;0.98644614;0.986463;0.9864819;0.9864984;0.9865167;0.986535;0.9865528;0.9865689;0.9865857;0.9866006;0.98661816;0.98663414;0.98665124;0.9866709;0.9866879;0.9867028;0.986717;0.9867323;0.98674935;0.98676324;0.9867312;0.9867486;0.98676264;0.98677754;0.98679245;0.9868084;0.9868228;0.986841;0.9868568;0.9868711;0.98688835;0.98690474;0.98691934;0.98693776;0.9869525;0.9869674;0.9869797;0.98699564;0.9870119;0.9870305;0.987048;0.98706603;0.9870828;0.98709637;0.9871114;0.98712593;0.9871404;0.987156;0.9871719;0.9871875;0.987206;0.9872212;0.9872359;0.98724854;0.98725975;0.98727214;0.987291;0.9873041;0.98732024;0.9873183;0.9873325;0.9873486;0.98736477;0.98738235;0.98739725;0.98741275;0.9874247;0.9874381;0.98745465;0.9874692;0.98748237;0.9874971;0.9875117;0.98752713;0.9875419;0.98755836;0.98757213;0.9875872;0.98760223;0.9876159;0.9876318;0.987645;0.9876593;0.98767185;0.98768497;0.98769766;0.98771167;0.98772544;0.98774034;0.9877524;0.9876311;0.98764336;0.9876587;0.9876724;0.98768497;0.98770034;0.9877153;0.98772764;0.9877392;0.98775387;0.9877657;0.98778;0.9877946;0.9878091;0.9878244;0.98784065;0.98785293;0.9878671;0.9878795;0.9878924;0.9879073;0.98792154;0.9879338;0.9879462;0.9879617;0.9879755;0.9879889;0.98800206;0.98801523;0.9880277;0.98803973;0.9880542;0.9880659;0.9880777;0.9880907;0.98810506;0.9881208;0.9881342;0.9881487;0.9881615;0.98817277;0.98818403;0.9881956;0.98820716;0.9882197;0.9882341;0.9882469;0.9882599;0.9882715;0.98828256;0.9882968;0.98830986;0.98832387;0.98833513;0.98834795;0.9883609;0.98837227;0.9883835;0.98839515;0.988405;0.98841774;0.98843;0.9884438;0.98845613;0.9884685;0.9884815;0.9884951;0.98850524;0.98851585;0.98852617;0.9885374;0.98854727;0.98855734;0.98856866;0.9885813;0.98859274;0.98855907;0.9885699;0.98858184;0.98859304;0.9886033;0.9886137;0.9886228;0.98863363;0.98864466;0.98865545;0.98866814;0.9886803;0.988692;0.988703;0.9887021;0.98871297;0.98872393;0.9887354;0.988748;0.98875797;0.9887695;0.9887807;0.9887929;0.9888034;0.9888156;0.98882663;0.9888374;0.9888468;0.9888592;0.98886955;0.98888314;0.988893;0.9889063;0.98891693;0.9889301;0.98894036;0.98894984;0.9889599;0.9889693;0.9889389;0.988952;0.9889616;0.98894674;0.9889581;0.98896825;0.9889799;
0.4935065;0.4679487;0.47033897;0.4490446;0.46134022;0.49358973;0.52865064;0.51644737;0.53731346;0.5491252;0.5555556;0.5683616;0.57276505;0.5773295;0.59910715;0.61018366;0.6365759;0.65059346;0.6652632;0.6817276;0.6933333;0.7055961;0.7207155;0.7312604;0.742279;0.752809;0.7619282;0.76897377;0.7771639;0.78488886;0.79200685;0.7984173;0.8049174;0.8096736;0.81561905;0.8202748;0.82520765;0.82999647;0.8344167;0.83893514;0.8435176;0.8473186;0.8502938;0.8542169;0.85743743;0.8605991;0.86350816;0.8664459;0.86879915;0.87144756;0.8741877;0.8764676;0.87869674;0.88099337;0.88312;0.88503563;0.8871532;0.8889908;0.89072025;0.8929204;0.8945764;0.89642626;0.8981267;0.89966834;0.9013453;0.9026353;0.90413946;0.9054872;0.90701246;0.90817684;0.90943116;0.91061866;0.9116143;0.9128085;0.913879;0.9150132;0.9162195;0.9173215;0.91835356;0.9194139;0.9202767;0.9211855;0.922249;0.9232477;0.9242922;0.9247528;0.9256375;0.9264017;0.9265959;0.9272297;0.92754686;0.92842686;0.9292048;0.93004525;0.93086594;0.9315258;0.9321825;0.9329541;0.9336728;0.9343327;0.93494546;0.93562233;0.9361949;0.936725;0.9373338;0.9378609;0.9384711;0.9390244;0.9395531;0.9400581;0.9405691;0.9411275;0.94162047;0.9420917;0.9426951;0.94325995;0.94371164;0.9441813;0.9445751;0.94495106;0.9454185;0.94586617;0.9463357;0.94681996;0.94721127;0.9476301;0.948086;0.94845897;0.9488425;0.9492308;0.9495824;0.9499596;0.9502962;0.9506726;0.9509658;0.9513466;0.95172143;0.9520813;0.9524724;0.9528077;0.9531472;0.9534949;0.9537901;0.95413697;0.9544325;0.95474076;0.95504904;0.955337;0.9556372;0.9559334;0.9562605;0.9565675;0.95684016;0.95711315;0.95737904;0.95764524;0.95793676;0.9582384;0.95852184;0.95877403;0.9589994;0.95925593;0.95953566;0.95976263;0.9599838;0.9602186;0.96045697;0.9606831;0.9608943;0.96112466;0.9613523;0.9615952;0.96185267;0.9621096;0.96230584;0.96254826;0.96277636;0.96297956;0.9632271;0.96343625;0.9636777;0.9639055;0.9641252;0.96433204;0.9645466;0.9647436;0.96491355;0.96513104;0.96529967;0.96547395;0.9656369;0.9658031;0.9659607;0.96612376;0.96631277;0.96648157;0.9666397;0.96682304;0.9669405;0.9670943;0.9672749;0.96744066;0.96761316;0.9677839;0.96794456;0.9680789;0.9681877;0.9683342;0.96849144;0.96859765;0.96874607;0.96892816;0.9690677;0.96922505;0.9693638;0.9694957;0.96962833;0.9696304;0.9697632;0.96992207;0.9700685;0.97021353;0.9703483;0.9704714;0.97060037;0.9707093;0.9708431;0.9709875;0.97110534;0.9712371;0.9713777;0.9714842;0.9715491;0.9715729;0.97171247;0.9718555;0.97197044;0.9720923;0.97220373;0.9723189;0.97214115;0.97222835;0.9723422;0.9724536;0.97257453;0.9726693;0.9727723;0.97289044;0.9729917;0.9730794;0.9731906;0.9733038;0.9734244;0.97353005;0.9736362;0.9737416;0.9738447;0.97394305;0.9740446;0.97414804;0.97423756;0.97433555;0.97443414;0.974537;0.97465056;0.9747379;0.97482586;0.97489953;0.97499627;0.97508496;0.9751693;0.97526395;0.97535795;0.9754464;0.97552717;0.9756086;0.9756883;0.9757837;0.9758691;0.97596884;0.97604394;0.97613883;0.9762397;0.97633636;0.97640586;0.9764946;0.97658277;0.976653;0.9767399;0.97681665;0.9768939;0.97697383;0.97705734;0.9771382;0.9772031;0.97728294;0.9773541;0.9774198;0.9774901;0.97756696;0.9776512;0.97772986;0.9778148;0.9778894;0.97795784;0.9780296;0.9780962;0.97816235;0.97823936;0.97830653;0.9783853;0.9784452;0.9785175;0.9785847;0.9786561;0.978727;0.978785;0.9788497;0.9789149;0.97897184;0.9790372;0.9790883;0.9791521;0.9792291;0.97929114;0.979352;0.97941834;0.97947264;0.97953486;0.9795968;0.9796665;0.97972673;0.97979397;0.9798503;0.97991264;0.9799699;0.98003393;0.98008734;0.9801413;0.9802042;0.9802575;0.98031586;0.98037845;0.9804286;0.9804882;0.9805392;0.9805952;0.98064786;0.98070693;0.9807634;0.98081297;0.98086596;0.98092437;0.98097885;0.98103094;0.9810827;0.9811377;0.981184;0.98123634;0.9812939;0.981347;0.9813991;0.9814523;0.9815011;0.9815389;0.98158526;0.9816407;0.98168594;0.9817375;0.98178875;0.9818351;0.98188716;0.98192924;0.9819749;0.9820236;0.98207134;0.9821176;0.982173;0.98222256;0.9822761;0.9823293;0.9823761;0.98242444;0.98247075;0.982444;0.98248637;0.98253816;0.9825771;0.98263127;0.98267454;0.9827293;0.9827662;0.98281115;0.98285466;0.9828956;0.98294044;0.98298955;0.98302877;0.9830723;0.9831067;0.98314476;0.9831799;0.98322105;0.98326415;0.98330814;0.9833492;0.9833862;0.98343116;0.9834738;0.9835113;0.983546;0.9835896;0.9836282;0.9836693;0.9837195;0.98375857;0.9837969;0.98383147;0.98387355;0.98391134;0.9839484;0.98399246;0.9840342;0.98407227;0.98411256;0.9841542;0.98419565;0.98423684;0.98427534;0.98430693;0.9843476;0.9843774;0.9843496;0.98435825;0.98433685;0.9843031;0.98419166;0.98416793;0.98420817;0.9839766;0.98383796;0.9837474;0.98374814;0.983637;0.98343134;0.9832336;0.9832407;0.983278;0.9833136;0.9829983;0.98303485;0.98304635;0.98308563;0.98312175;0.9830662;0.983075;0.98308384;0.9829742;0.9829817;0.98295736;0.9829883;0.983027;0.9830601;0.98309505;0.98313564;0.98317313;0.98320764;0.98325104;0.98328424;0.9833272;0.98330986;0.9833483;0.98333055;0.98336416;0.98339903;0.9834282;0.98346;0.9834995;0.9835279;0.9835621;0.98359436;0.98362553;0.98365575;0.98369205;0.9837247;0.98375183;0.9837935;0.98382527;0.98377055;0.98379874;0.9838281;0.98386574;0.9838971;0.98393303;0.9839671;0.9839968;0.984031;0.98405915;0.9840864;0.98411894;0.9841485;0.98417914;0.98420465;0.9842322;0.9842667;0.98429775;0.98432827;0.9843603;0.98438805;0.98442024;0.9844495;0.9844806;0.9845096;0.9843374;0.98436815;0.9844036;0.9844357;0.98446804;0.9844927;0.9845257;0.9845529;0.98458326;0.98460793;0.9846357;0.98466295;0.9846932;0.98472184;0.98475456;0.98479056;0.9848169;0.98485;0.9848773;0.9849067;0.98493415;0.9849596;0.9849902;0.98502624;0.985058;0.98508894;0.9851227;0.9851515;0.9851799;0.98520744;0.9852335;0.98526007;0.98528695;0.9853145;0.9853394;0.9853649;0.9853939;0.9854171;0.9854406;0.98546827;0.9854902;0.98551697;0.9855443;0.985566;0.9855932;0.98561615;0.9856421;0.985671;0.985695;0.9857197;0.9857466;0.9857741;0.98579913;0.9858284;0.9858549;0.98587865;0.98590136;0.98592174;0.9859498;0.98597425;0.9859973;0.9860209;0.9860454;0.9860705;0.9860955;0.98612034;0.98614293;0.98616827;0.9861891;0.9862136;0.98623466;0.9862578;0.9862787;0.98630357;0.98632365;0.98635113;0.9863714;0.98639774;0.9864213;0.9864465;0.9864671;0.986488;0.9865088;0.9865304;0.9865553;0.9865833;0.9866017;0.98662627;0.98664784;0.986669;0.9866922;0.9867091;0.9867301;0.9867493;0.98676986;0.9867898;0.9868114;0.98683524;0.98685414;0.9868552;0.98685604;0.9868768;0.9869023;0.9869246;0.98694426;0.9869678;0.98698735;0.9870108;0.9870313;0.9870542;0.98707384;0.9870925;0.98711497;0.9871363;0.9871521;0.9871724;0.9871933;0.98721457;0.9872364;0.9872554;0.9872757;0.98729515;0.98731476;0.9873378;0.9873555;0.9873776;0.9873967;0.9874171;0.9874358;0.9874543;0.98747265;0.98749304;0.9875108;0.9875308;0.98755;0.98756707;0.9875864;0.9876067;0.98762435;0.98764527;0.98766714;0.9876869;0.9877051;0.9877252;0.9877431;0.9877673;0.98778576;0.9878039;0.98782;0.9878396;0.9878578;0.98787576;0.98789537;0.98791486;0.98793507;0.98795086;0.987969;0.98798686;0.9880018;0.98801935;0.9879791;0.98799753;0.988015;0.98803383;0.9880486;0.98806703;0.98808223;0.98809755;0.98811334;0.98812973;0.9881496;0.9881648;0.9881831;0.98820025;0.9882185;0.98823667;0.9882514;0.98826474;0.9882798;0.9882976;0.9883135;0.9883276;0.98834676;0.988363;0.98837787;0.9883978;0.988413;0.9884294;0.9884426;0.988459;0.98847383;0.98849076;0.98851204;0.9885276;0.98854417;0.9885618;0.9885774;0.9885939;0.988609;0.9886211;0.98863804;0.9886539;0.98857874;0.9885565;0.98857385;0.98858863;0.9886032;0.9886177;0.9886372;0.9886533;0.9886689;0.98868763;0.98870295;0.9887176;0.9887345;0.9887481;0.98876303;0.98877734;0.988792;0.98880523;0.98882127;0.98884004;0.9888578;0.9888773;0.9888925;0.98890704;0.988921;0.98893493;0.98895115;0.9889636;0.9889786;0.9889929;0.9890067;0.98902524;0.9890393;0.9890552;0.9890725;0.98908913;0.9891034;0.9891205;0.9891341;0.9890427;0.98905694;0.98907095;0.9890853;0.9890981;0.98911124;0.98912567;0.9891388;0.98915166;0.9891656;0.9891773;0.9891897;0.98920107;0.9892168;0.9892319;0.9892449;0.98925805;0.98927265;0.98928875;0.9893018;0.98931754;0.989332;0.9893468;0.9893628;0.98937804;0.9893934;0.98940605;0.9894197;0.9894339;0.9894462;0.98946035;0.9894728;0.98948276;0.98949623;0.98951197;0.9895245;0.9895382;0.989551;0.9895633;0.9895778;0.9895908;0.9896028;0.98961616;0.98962724;0.9896417;0.98965496;0.989669;0.9896798;0.98969173;0.9897032;0.98971593;0.989729;0.98974234;0.98975533;0.9897686;0.9897812;0.98979425;0.9898074;0.98973924;0.9897525;0.98976547;0.9897795;0.9897908;0.9898017;0.98981297;0.98982483;0.989838;0.98973703;0.9897485;0.9897609;0.9897734;0.9897877;0.98980117;0.9898126;0.9898252;0.9898372;0.98984826;0.98985994;0.9898737;0.989885;0.98989785;0.9899091;0.9899211;0.98993343;0.98994553;0.9899586;0.9899697;0.98998266;0.9899935;0.9900047;0.9900175;0.99003094;0.99004155;0.99005294;0.9900649;0.9900775;0.99008834;0.990099;0.99010795;0.9901192;0.9901312;0.9901436;0.99015474;0.9901662;0.99017894;0.9901912;0.9902036;0.99021393;0.9902251;0.99023527;0.9902477;0.9902597;0.99027103;0.99028236;0.9902929;0.99030447;0.99031705;0.9903278;0.9903387;0.9903491;0.9903598;0.99036974;0.9903802;0.9903919;0.99040264;0.99041337;0.9904228;0.9904343;0.9904432;0.9904531;0.9904632;0.99047303;0.9904839;0.9904947;0.9905061;0.9905149;0.99052453;0.99053454;0.990545;0.9905545;0.99056435;0.9905739;0.9905866;0.99059707;0.9906071;0.99061745;0.9906284;0.9906382;0.9906184;0.99052745;0.9905379;0.99054945;0.99055994;0.99057007;0.9905793;0.9905891;0.99059933;0.99060994;0.99061924;0.99063015;0.99064076;0.9906531;0.9906634;0.9906741;0.9906853;0.990695;0.99070466;0.99071294;0.9907239;0.9907338;0.9907422;0.9907519;0.9907621;0.9907731;0.9907838;0.99079406;0.9908045;0.99081236;0.99082476;0.9908334;0.99084187;0.9908511;0.9908618;0.9908145;0.9908222;0.99083126;0.9908411;0.99085057;0.9908613;0.9908577;0.9908697;0.9908786;0.9908875;0.9908971;0.9909078;0.9909164;0.99092615;0.990936;0.9909459;0.9909558;0.9909659;0.99097556;0.99098396;0.9909934;0.99100184;0.9910121;0.9910204;0.9910318;0.9910409;0.9910495;0.99105763;0.99106604;0.99107474;0.9910827;0.99109143;0.99110055;0.99110997;0.9911191;0.9911287;0.9911368;0.9911454;0.9911555;0.99116415;0.9911726;0.9911809;0.99118984;0.9911978;0.9912067;0.9912158;0.99122465;0.9912328;0.991241;0.99125135;0.9912605;0.99126935;0.9912776;0.99128544;0.99129397;0.9913024;0.99131227;0.99132144;0.9913299;0.9913387;0.99134713;0.99135566;0.9913631;
0.5277778;0.4370861;0.5;0.5127388;0.5;0.49356222;0.48269582;0.46929133;0.49573863;0.49044585;0.5063584;0.5365854;0.5609037;0.5903724;0.6061381;0.62710506;0.647191;0.66338724;0.6780914;0.69334185;0.7064951;0.72037363;0.73044455;0.74274975;0.75385404;0.7629886;0.7720133;0.78037596;0.7872057;0.7943323;0.8013272;0.8069327;0.8120832;0.81738466;0.823182;0.82713825;0.82997525;0.83430934;0.83902276;0.8423468;0.84612924;0.8496875;0.85353225;0.8569304;0.8601744;0.86342984;0.86627746;0.86861515;0.87125266;0.87362057;0.8760309;0.87816614;0.8808816;0.8827687;0.88506573;0.8874327;0.8892726;0.8913976;0.8930636;0.8948404;0.8963362;0.89826566;0.89958245;0.90098804;0.90251315;0.90397286;0.9053894;0.9068912;0.9083809;0.90955245;0.9105948;0.9118402;0.9130828;0.9145193;0.91579133;0.91702604;0.918044;0.91924113;0.92021894;0.9211346;0.92219347;0.9230892;0.92394054;0.9247732;0.9257143;0.92666566;0.927582;0.9284652;0.92930627;0.93021905;0.93096024;0.9318697;0.93264246;0.93333334;0.93393767;0.9345756;0.93524504;0.93590087;0.93660206;0.93719804;0.9378794;0.93846744;0.93900585;0.9396638;0.9402633;0.9408655;0.94146997;0.942097;0.94263566;0.9430971;0.9435843;0.94404376;0.94452137;0.9449594;0.9454277;0.9458821;0.94629896;0.946739;0.9471661;0.94766617;0.9480954;0.9485781;0.94897634;0.94938976;0.94988537;0.95023793;0.9505856;0.9509384;0.95129114;0.95167774;0.9520534;0.9524045;0.9527644;0.95312345;0.9534005;0.95377666;0.9540636;0.95442057;0.9547975;0.955139;0.9554258;0.95574975;0.956045;0.9563124;0.95661974;0.9569421;0.9572368;0.9574863;0.9577811;0.9580645;0.95832974;0.9586058;0.9588748;0.9591334;0.95943666;0.9596713;0.95993334;0.96020186;0.9604896;0.96071225;0.9609483;0.9611846;0.9614398;0.96164274;0.96185565;0.9620603;0.96224195;0.9624189;0.9626263;0.9628141;0.96299714;0.9631897;0.9634081;0.963613;0.9638128;0.96402127;0.9642459;0.9644257;0.9645855;0.9647851;0.96500546;0.96519285;0.9653733;0.96555924;0.9657432;0.9659252;0.9661005;0.96627873;0.9664551;0.96664584;0.9668001;0.9669643;0.96713585;0.96732557;0.967489;0.96765953;0.9678282;0.9680186;0.9681941;0.9683573;0.9684962;0.96863997;0.9688128;0.96896976;0.9691291;0.9693024;0.96944284;0.9696031;0.9697218;0.9698735;0.9700106;0.9699677;0.97013265;0.9702721;0.970412;0.9705632;0.9707022;0.9708293;0.9709728;0.9710924;0.9712196;0.97136605;0.9714858;0.9715342;0.9716689;0.9718138;0.9719394;0.97205096;0.9721728;0.9722778;0.972371;0.9724948;0.97262824;0.9727452;0.9728626;0.972973;0.97310936;0.9732266;0.9733531;0.973477;0.97358817;0.97369134;0.9737937;0.9739051;0.97400576;0.9740988;0.9742145;0.9743264;0.974432;0.97454333;0.97463655;0.97473824;0.9748535;0.9749574;0.9750655;0.9751753;0.97526395;0.9753519;0.9754343;0.9755372;0.97562695;0.97571844;0.97576904;0.9758725;0.97591496;0.97603226;0.9761134;0.9758076;0.97590655;0.97598255;0.97608;0.976179;0.9762738;0.9763475;0.97643197;0.97651243;0.9765891;0.9766302;0.9767125;0.97679424;0.9768646;0.9769335;0.9770126;0.977088;0.97716284;0.9772508;0.97732985;0.9774001;0.9774822;0.97756267;0.9776274;0.97771084;0.97778374;0.97784925;0.9779192;0.977982;0.97807443;0.97793436;0.9780157;0.9779653;0.9780316;0.9779766;0.9780558;0.9780414;0.9781179;0.978191;0.9782553;0.9783164;0.97839195;0.97845775;0.9785286;0.97858554;0.97865915;0.9787261;0.97879255;0.9788753;0.9789478;0.97902244;0.9790785;0.97913164;0.9791965;0.9790674;0.9791193;0.97919536;0.9792541;0.9793267;0.9793831;0.9794425;0.9794999;0.9795634;0.979625;0.9796862;0.97974306;0.9797924;0.9798447;0.97990143;0.9799548;0.9800218;0.9800783;0.9801368;0.98007554;0.98005533;0.9801172;0.9801795;0.9802376;0.9802909;0.98034984;0.98039955;0.98045933;0.98051506;0.98058;0.9806387;0.98068476;0.9807335;0.98078346;0.9808395;0.98089594;0.98094296;0.9809876;0.98103553;0.9810895;0.98114854;0.9812011;0.98125273;0.98130137;0.9813511;0.9814012;0.98145235;0.9815013;0.9815519;0.9816042;0.9816491;0.98170084;0.98174655;0.9817927;0.98184234;0.9818905;0.98194027;0.98199356;0.98203963;0.9820892;0.9821447;0.9821931;0.9822406;0.98228425;0.9823259;0.98236734;0.98241514;0.98245436;0.9824964;0.98254114;0.98258275;0.9826282;0.98267114;0.98272306;0.98276436;0.98279977;0.98284125;0.9828843;0.98292875;0.98296744;0.9830115;0.9830508;0.98309445;0.98313624;0.9831701;0.98302346;0.98307055;0.98307973;0.98312265;0.9831723;0.9832174;0.9832644;0.9833106;0.98335075;0.98338914;0.98342264;0.9834591;0.98349905;0.98353577;0.9835774;0.9836086;0.98365396;0.9836965;0.9837353;0.9837077;0.9836222;0.9836624;0.98370445;0.9837433;0.9837835;0.98381555;0.98385483;0.9838895;0.98392266;0.9839672;0.9839995;0.9840312;0.98407185;0.98411137;0.9841497;0.98419064;0.98422116;0.98425615;0.98429054;0.9843299;0.984364;0.98439336;0.9844249;0.9844567;0.9844019;0.9844368;0.98447204;0.98450893;0.9845429;0.98457813;0.9846096;0.9846454;0.9846797;0.98471475;0.98474956;0.9847826;0.9848145;0.9848502;0.9848823;0.9849147;0.9849448;0.9849761;0.98501235;0.9850425;0.9850738;0.985105;0.9851393;0.98516816;0.9851985;0.9850598;0.9848456;0.9848718;0.98490626;0.98493195;0.9849604;0.9849854;0.9850136;0.98504376;0.98507625;0.9851065;0.9851359;0.9851672;0.98519635;0.98522854;0.98525983;0.98529094;0.98532784;0.9853583;0.98538786;0.98541886;0.98544514;0.9854805;0.98550916;0.9854128;0.98544264;0.98547083;0.98549855;0.9855231;0.985557;0.9855833;0.98561096;0.9856363;0.9856652;0.98568773;0.98571354;0.98574036;0.9857685;0.9857969;0.9858201;0.98584616;0.9858735;0.9859008;0.98592764;0.98595756;0.9859827;0.9860061;0.9860314;0.98605776;0.98608845;0.98611844;0.98614335;0.9861741;0.9862002;0.98622656;0.9862535;0.9862736;0.98629767;0.9863257;0.9863449;0.9863683;0.9863871;0.98641074;0.9864326;0.98645914;0.9864865;0.986517;0.9865425;0.98656434;0.9865877;0.9866146;0.9866375;0.9866644;0.986682;0.9867107;0.98673135;0.98675954;0.9867813;0.98680705;0.98682964;0.98685676;0.98688406;0.98690635;0.98692644;0.98694485;0.98696905;0.98699075;0.98701453;0.98703605;0.9870581;0.9870816;0.98710203;0.98712206;0.9871436;0.9871629;0.98718274;0.9872034;0.98722404;0.9872478;0.9872733;0.9872951;0.9873169;0.9873392;0.98735994;0.98738176;0.9874024;0.9874247;0.98745054;0.9874749;0.9874972;0.9875202;0.9875401;0.98756415;0.98758304;0.9876025;0.9876235;0.9876458;0.9876686;0.98768884;0.9877057;0.9877272;0.98775077;0.98776805;0.9877904;0.9878105;0.98783267;0.98785317;0.98787016;0.98789084;0.987909;0.9879285;0.98794895;0.9879696;0.98798805;0.9879867;0.9879593;0.9879762;0.9879964;0.9878444;0.9876501;0.9876475;0.9876667;0.98768675;0.9877043;0.98759836;0.98762053;0.9876412;0.98766243;0.98766005;0.9876783;0.9876957;0.9877143;0.9877347;0.9877512;0.98777246;0.9877927;0.98781073;0.98783207;0.98785233;0.987871;0.9878873;0.98790437;0.98792213;0.9879416;0.9879625;0.9879796;0.9880001;0.9880173;0.98803526;0.9880514;0.9880719;0.9880882;0.9879042;0.9879234;0.98794323;0.9879589;0.987975;0.9879935;0.9880109;0.98803145;0.9880488;0.9880682;0.98808473;0.9881031;0.98812073;0.98814017;0.98815626;0.9881751;0.9881946;0.988172;0.988187;0.988202;0.988219;0.9882392;0.98825455;0.98826796;0.98828596;0.98830295;0.9883217;0.9883398;0.98835754;0.9883764;0.988395;0.9884137;0.9884328;0.98844963;0.98846704;0.98848176;0.9884964;0.98851174;0.9885303;0.9885466;0.9885638;0.98858;0.98859483;0.988611;0.98862636;0.9886442;0.988661;0.9886776;0.98869413;0.9887115;0.9887266;0.9887445;0.9887609;0.9887803;0.98879826;0.98881674;0.9888308;0.9888465;0.98886126;0.98887813;0.98889637;0.9889102;0.98892564;0.98894;0.9889554;0.9889744;0.98899007;0.98900956;0.98902655;0.9890459;0.9890624;0.98907506;0.98909086;0.9891054;0.9891185;0.9891318;0.98914605;0.9891621;0.98917955;0.98919487;0.9892097;0.98922205;0.9892347;0.9892498;0.9892653;0.9892787;0.9892954;0.98930883;0.98932284;0.9893375;0.9893532;0.9893676;0.98938143;0.989395;0.9894101;0.989424;0.98943675;0.9894496;0.98946327;0.9894759;0.9894897;0.9895028;0.9895157;0.9895294;0.989545;0.9895585;0.98957133;0.9895841;0.98959917;0.98961294;0.98962504;0.98963803;0.98965186;0.98966336;0.98967534;0.9896907;0.9897046;0.98972094;0.98973423;0.98974746;0.9897619;0.9897746;0.9897875;0.98980254;0.98981494;0.9898262;0.9898382;0.98985136;0.98986465;0.9898786;0.98989147;0.9899031;0.98991525;0.98992735;0.9899396;0.9899526;0.9899645;0.98997647;0.9899901;0.99000317;0.99001455;0.9900266;0.9900391;0.99005175;0.99006504;0.9900779;0.99008965;0.9901007;0.9901121;0.9901233;0.9901333;0.9901452;0.9901582;0.9901712;0.9901828;0.9901948;0.9902083;0.99022245;0.9902327;0.9902447;0.9902576;0.9902683;0.9902824;0.990294;0.99030435;0.9903143;0.99032795;0.9903413;0.9903538;0.9903652;0.9903744;0.99038506;0.99039733;0.9904072;0.9904191;0.9904289;0.9904404;0.990453;0.9904643;0.99047667;0.99048895;0.9905031;0.9905135;0.9905254;0.9905371;0.99054736;0.9905566;0.9905663;0.9905784;0.99059254;0.9906035;0.9906146;0.99062467;0.990637;0.99064773;0.99065816;0.99066764;0.9906777;0.9906862;0.9906985;0.99069196;0.9906095;0.99055886;0.9905691;0.99058026;0.9905438;0.9905089;0.99042773;0.9904397;0.9904499;0.99046004;0.9904715;0.9904828;0.9904939;0.990507;0.9905175;0.9905266;0.99053663;0.9905477;0.99055856;0.99056846;0.9905808;0.9905916;0.99060273;0.9905373;0.990547;0.99055773;0.9905676;0.9905783;0.9905895;0.9905544;0.990505;0.99051696;0.990527;0.9905385;0.9905354;0.9905307;0.9905401;0.99054956;0.99055874;0.9905397;0.99054974;0.9905602;0.99057096;0.9905824;0.990595;0.99060386;0.99061453;0.9906252;0.99063545;0.99064815;0.99066025;0.9906696;0.99068147;0.99069;0.9907007;0.9907109;0.99072164;0.9907329;0.9907433;0.9907538;0.99076474;0.990774;0.99078107;0.9907903;0.9908003;0.9908099;0.99082106;0.99083084;0.99084234;0.99085236;0.99086267;0.99087274;0.9908821;0.9908912;0.99090195;0.9909104;0.99092054;0.9909317;0.99094296;0.99095297;0.9909656;0.9909747;0.99098474;0.99099547;0.99100554;0.9910152;0.9910235;0.99103206;0.9910408;0.9910517;0.99106;0.99106956;0.9910798;0.99108934;0.9910972;0.9911076;0.9911159;0.99112606;0.9911366;0.9911471;0.9911566;0.9911525;0.9911614;0.99117;0.99117893;0.9911865;0.9911943;0.9912014;0.99120796;0.99121654;0.9912253;0.9912365;0.99124616;0.99125427;0.9912623;0.99127066;0.99122494;0.9911637;0.9911307;0.9911404;0.9911508;0.9911595;0.9911695;0.9911797;0.99119;0.9911971;0.9912057;0.99121547;0.99122345;0.9912326;0.99124134;0.99125;0.9912591;0.99126613;0.9912754;0.991286;0.9912946;0.99130297;0.9913109;0.99131984;0.9913289;0.99133897;0.9913479;0.99135596;0.9913646;0.9913731;0.9913818;0.99139017;0.99139726;0.99140495;0.99141335;0.9914225;
0.40983605;0.41044775;0.47549018;0.47826087;0.49709302;0.55608594;0.59795916;0.6241259;0.6651584;0.69054055;0.7097561;0.7364341;0.7578521;0.7675926;0.78001755;0.7903358;0.79645336;0.79590344;0.805383;0.81604695;0.82375;0.8280597;0.83381087;0.8414434;0.84756416;0.85295606;0.8590799;0.8635724;0.8680524;0.8727669;0.8772594;0.8815896;0.886071;0.88972807;0.8924494;0.8954155;0.89786637;0.90088254;0.9032472;0.9057456;0.90826267;0.9104844;0.91254866;0.91444474;0.916092;0.91793144;0.9196035;0.9212726;0.92291445;0.9245283;0.92618805;0.92750746;0.9288672;0.9302437;0.9315197;0.9327344;0.93365145;0.934836;0.93596494;0.9371638;0.93820107;0.93902695;0.9399301;0.9409624;0.9417979;0.9426777;0.943564;0.94440216;0.9452876;0.94605577;0.94687045;0.9476233;0.9484099;0.94909346;0.94981956;0.9504833;0.9511624;0.9518231;0.9524275;0.95298666;0.953518;0.95408803;0.9547357;0.95524216;0.9557777;0.95622844;0.95676637;0.9572787;0.95777905;0.95827377;0.9587629;0.9592008;0.95967406;0.9601256;0.9605085;0.9609626;0.9613859;0.9616141;0.9597307;0.9584509;0.95814836;0.9546653;0.9535896;0.95252186;0.9518028;0.95036405;0.9484896;0.94639444;0.94485205;0.94435984;0.9433721;0.94169164;0.936758;0.93190813;0.9289238;0.9245367;0.92013204;0.91498417;0.9115226;0.9073915;0.90348727;0.89900595;0.8947368;0.8889351;0.88442105;0.88063824;0.8774475;0.87188256;0.86697936;0.86206555;0.8555588;0.85019964;0.8443542;0.8390904;0.8328256;0.8272538;0.8228217;0.81822425;0.8121296;0.80732423;0.8023947;0.7963181;0.7906014;0.7852991;0.7793752;0.7743784;0.76855093;0.76506966;0.7592496;0.753259;0.74780756;0.7426856;0.7383154;0.73381776;0.7299767;0.725097;0.7203411;0.7158804;0.71161324;0.7080885;0.7037274;0.6990307;0.69446856;0.6907079;0.68669057;0.68402267;0.6797471;0.67637146;0.6727079;0.6690375;0.6667419;0.66352695;0.6618336;0.65861404;0.6563074;0.6542145;0.6505989;0.64859205;0.6461837;0.6430714;0.64080155;0.63771904;0.63466406;0.63170034;0.62991524;0.6283896;0.62710583;0.6253076;0.62358063;0.6217823;0.6211836;0.6205053;0.6201597;0.62039304;0.6210575;0.6192597;0.6198788;0.6183409;0.6176319;0.6161001;0.615674;0.61523324;0.61417025;0.61358637;0.61262894;0.61211026;0.6117822;0.6123028;0.61117244;0.6112807;0.61042905;0.6101059;0.6087716;0.60846084;0.6089345;0.6092794;0.6088705;0.60977334;0.6111079;0.6124176;0.6134185;0.61451703;0.6159295;0.6166246;0.6177008;0.6192671;0.6208206;0.6227383;0.6246425;0.62644416;0.6285175;0.6300575;0.6316253;0.63274145;0.63444436;0.63595396;0.63747907;0.6389322;0.63989276;0.6412091;0.6427356;0.6441926;0.64586186;0.6473861;0.64871365;0.65023166;0.65177274;0.6533003;0.6544594;0.65568143;0.6567721;0.65806484;0.6595896;0.66089547;0.66232723;0.663528;0.6648206;0.6660536;0.6672116;0.6683288;0.6696986;0.67105716;0.6722767;0.67358243;0.6749879;0.6760849;0.6772985;0.6784107;0.67957646;0.6809006;0.68218374;0.6833373;0.6844676;0.6856488;0.6868065;0.6879703;0.688823;0.6899146;0.69104123;0.69213146;0.6931439;0.6943168;0.6952597;0.69621056;0.697251;0.6984063;0.69953936;0.70075727;0.7017933;0.70276964;0.7038311;0.70474225;0.70587975;0.70708525;0.7083062;0.70939136;0.71036863;0.71137655;0.71240205;0.71353036;0.71462554;0.7156402;0.71632403;0.7167691;0.7176367;0.7184035;0.71926093;0.7199551;0.7207798;0.72149855;0.7224169;0.7234427;0.7239967;0.7247519;0.72550696;0.7263615;0.7273352;0.7279252;0.7285818;0.7293112;0.73030657;0.7311875;0.7320202;0.7327525;0.73357546;0.73447704;0.7352999;0.73603505;0.7368893;0.7376361;0.7383989;0.7391271;0.73999155;0.74077064;0.741555;0.7422854;0.7430899;0.74381167;0.74454874;0.7453008;0.7461153;0.7468203;0.7475779;0.748331;0.749145;0.7499259;0.7506743;0.7514457;0.7522397;0.75300145;0.7537406;0.754377;0.7549123;0.7556223;0.7564075;0.7571439;0.7579106;0.75868976;0.75937814;0.7599516;0.76060736;0.7612848;0.76195854;0.76265347;0.7632779;0.7639734;0.76460737;0.765287;0.7659464;0.76652944;0.767214;0.76787865;0.76843625;0.7691018;0.7696771;0.77031213;0.7709125;0.7716181;0.7722348;0.7728405;0.7734278;0.7739439;0.7745406;0.77499914;0.7755455;0.77609664;0.77675587;0.7772643;0.7778802;0.77846354;0.77902216;0.77953476;0.78012383;0.7806955;0.78129256;0.78190047;0.78241384;0.7829597;0.78355837;0.7841055;0.7846085;0.78506815;0.78560084;0.7860088;0.7865232;0.787042;0.7876652;0.78811854;0.788623;0.78919744;0.7896443;0.79012847;0.7906104;0.79107714;0.79151607;0.7920942;0.79252243;0.7931204;0.7935192;0.7940234;0.79449385;0.794931;0.79536015;0.795806;0.79622525;0.796649;0.7971259;0.7976369;0.79812723;0.79868734;0.79924434;0.7997032;0.80017173;0.80058515;0.80104375;0.8015294;0.8019546;0.8023722;0.8028342;0.80331117;0.8037802;0.8041788;0.80467755;0.8050274;0.8055107;0.80588;0.8062979;0.8067362;0.80713385;0.8075299;0.8079025;0.80831724;0.8087735;0.8093139;0.8097708;0.81016684;0.81058776;0.8109645;0.8113345;0.81179225;0.8122113;0.8126232;0.8130385;0.81341076;0.8137507;0.8141968;0.81453896;0.81494075;0.8153004;0.81568885;0.81614083;0.8165008;0.81688917;0.81733036;0.8176315;0.81802493;0.818402;0.8188067;0.81912726;0.8195191;0.81989;0.8202882;0.82072264;0.8210886;0.8214295;0.82179266;0.8221121;0.82247245;0.82283133;0.82320267;0.8235817;0.8239315;0.82430285;0.82468176;0.8249773;0.82530355;0.8256286;0.82600623;0.8263778;0.8267567;0.8271118;0.82744336;0.8277473;0.8280764;0.82845664;0.8287614;0.82912993;0.8295228;0.82981086;0.8301108;0.83047783;0.8308306;0.8311565;0.83150643;0.8318004;0.8321226;0.8324602;0.8327675;0.8331355;0.8334896;0.8338422;0.8341648;0.83447397;0.834786;0.8350687;0.8353541;0.8357508;0.83611375;0.8364196;0.8367638;0.8370633;0.8373343;0.83754575;0.83792025;0.83825433;0.8386102;0.8388837;0.839164;0.83948916;0.83975214;0.84008247;0.84036994;0.84063756;0.8408968;0.84119624;0.8415021;0.8418104;0.84209174;0.8423573;0.84263664;0.84292597;0.8431705;0.8434797;0.84372973;0.84398264;0.844267;0.84452534;0.84480774;0.8450963;0.8453802;0.84563833;0.8459238;0.8462012;0.84646356;0.8467321;0.84697187;0.84723854;0.8474492;0.84768677;0.84791327;0.8481972;0.8484733;0.8487551;0.8490292;0.8492787;0.84957427;0.84979856;0.85006887;0.85034484;0.85057014;0.85082775;0.8510812;0.8513174;0.85154635;0.85179734;0.85204107;0.85227096;0.8525034;0.85275126;0.852979;0.8532475;0.853461;0.8537119;0.85400623;0.85430247;0.85455996;0.8548352;0.85506904;0.8553331;0.8555715;0.85584295;0.85608274;0.8562881;0.8565294;0.8567821;0.8570127;0.8572456;0.85749274;0.8577571;0.8579905;0.85821724;0.85844326;0.8586804;0.8588961;0.8590935;0.8593431;0.85955673;0.859796;0.8600373;0.8602894;0.8604858;0.86069024;0.8609113;0.8611117;0.8613428;0.86159873;0.8618084;0.8620175;0.86223155;0.8624674;0.8626884;0.8628949;0.86311734;0.8632129;0.86342037;0.8636648;0.86389554;0.8640845;0.8642171;0.8643615;0.8644635;0.86459607;0.8647925;0.8647964;0.8649462;0.86515313;0.86531544;0.8655239;0.8656997;0.86591494;0.8661109;0.86634856;0.8665433;0.8667453;0.866965;0.8671501;0.8673711;0.8675758;0.8677629;0.86795574;0.86816883;0.86834544;0.86855215;0.86874807;0.86893326;0.8691407;0.86932224;0.8695083;0.86967885;0.8698889;0.8700808;0.8702846;0.8704779;0.8706755;0.8708504;0.8710518;0.87122434;0.8714172;0.8716532;0.8718375;0.8720237;0.87221175;0.87241125;0.87257665;0.8727607;0.87296087;0.87312007;0.8732813;0.87347984;0.87364006;0.8738258;0.8740226;0.87422353;0.8743749;0.8745608;0.8747253;0.87489164;0.8750921;0.87528956;0.8754476;0.875612;0.87579423;0.875985;0.8761661;0.8763467;0.87653804;0.87670857;0.87686974;0.8770773;0.8772552;0.87741494;0.8776007;0.87776834;0.8779641;0.87814826;0.8783078;0.87845826;0.8786301;0.87879926;0.8789593;0.87914264;0.8793039;0.8794969;0.87965935;0.8798214;0.8800042;0.88016325;0.880307;0.8804842;0.8806524;0.8808432;0.8810146;0.8811751;0.8813393;0.88149273;0.8816049;0.88174516;0.8819077;0.88209033;0.8822621;0.8824263;0.8825809;0.88273907;0.8829009;0.8830784;0.88323325;0.8833797;0.88354576;0.88368744;0.8838427;0.8839599;0.8841243;0.8842803;0.88441235;0.8845382;0.8847088;0.884832;0.884994;0.8851652;0.88530296;0.88543075;0.88556594;0.88569504;0.88582575;0.8859792;0.8861093;0.8862581;0.88641804;0.88654333;0.88669485;0.88684404;0.8869947;0.88715065;0.88728184;0.88744634;0.88759357;0.8877534;0.8879054;0.88805515;0.888221;0.8883332;0.88847446;0.8886172;0.88875234;0.888878;0.889007;0.8891592;0.88928574;0.8894156;0.8895272;0.8896744;0.88982844;0.8899624;0.8900747;0.89019024;0.89032155;0.8904578;0.8906044;0.8907329;0.89087343;0.8909996;0.8911307;0.89128935;0.89142156;0.8915308;0.89164513;0.89179367;0.89195555;0.89208955;0.8922317;0.8923565;0.8925014;0.89265096;0.8927866;0.892927;0.89305687;0.89318645;0.8933174;0.89343965;0.89356166;0.893647;0.8937668;0.8939096;0.89403045;0.89414936;0.8941673;0.8942891;0.894409;0.8945417;0.8946692;0.89477026;0.89489394;0.89502215;0.89515173;0.89527446;0.89540017;0.8955063;0.8956539;0.8957963;0.8959096;0.89604807;0.89616716;0.8963066;0.8964393;0.89654803;0.89669114;0.896826;0.8969605;0.89707285;0.89719117;0.8972999;0.8974146;0.89753217;0.89765406;0.8977787;0.8979061;0.89801645;0.898125;0.8982485;0.89838696;0.89849466;0.8986203;0.8987411;0.8988466;0.8989594;0.8990914;0.8992081;0.89931715;0.8994378;0.8995522;0.8996501;0.8997685;0.8998748;0.8999853;0.90008235;0.90020263;0.90032554;0.90041757;0.90052396;0.9006519;0.90075487;0.9008707;0.9009876;0.9011202;0.9012294;0.90136266;0.9014742;0.901584;0.901678;0.90180016;0.9019022;0.902021;0.9021409;0.9022436;0.9023616;0.90248907;0.9026162;0.90272075;0.9028264;0.9029444;0.90305513;0.9031725;0.9032731;0.9033666;0.903475;0.9035613;0.9036679;0.9036523;0.9037409;0.90386736;0.90386623;0.9039652;0.9040625;0.9041678;0.9042688;0.9043857;0.9044942;0.90459317;0.90469193;0.9047892;0.9048942;0.90498173;0.90508765;0.9052065;0.9052987;0.9053921;0.9055089;0.90560573;0.90570503;0.9058028;0.90588737;0.90599644;0.90608585;0.9061738;0.90627706;0.90637624;0.9064611;0.90654963;0.9066201;0.9067262;0.9068053;0.90690076;0.90698725;0.90709126;0.9071912;0.90729475;0.9073843;0.90749866;0.90759903;0.9076954;0.90779537;0.9078926;0.90798837;0.9080852;0.90817565;0.90826714;0.90835965;0.9084606;0.9085663;0.9086656;0.9087769;0.9088659;0.908967;0.9090521;0.9091382;0.90923625;0.90932804;0.9094233;0.9095099;0.90959877;0.9096767;0.90974116;0.90983194;0.9099154;0.910007;0.9100794;0.91017544;0.9102855;0.9103633;0.91045284;0.91055983;0.9106419;0.91072387;0.91082084;0.91091645;0.9109979;0.9110908;0.911187;0.9112853;0.9113799;0.91146165;0.91155016;0.9116327;0.9117312;0.91181797;0.91190237;0.9120002;0.912091;0.9121783;0.91226876;
0.4861111;0.41333333;0.42672414;0.4557377;0.47519583;0.51868135;0.5546875;0.58714044;0.6255639;0.64411366;0.6678967;0.68631816;0.705036;0.7194313;0.73297966;0.7436319;0.7544539;0.759707;0.7625949;0.767624;0.77148193;0.7801673;0.7868571;0.7944079;0.80127186;0.8063201;0.81463414;0.81736666;0.8174312;0.8189081;0.8173988;0.81977475;0.82212317;0.82642996;0.8310292;0.83239806;0.8354015;0.8404669;0.84458995;0.8484543;0.8514003;0.8554487;0.8586207;0.8619951;0.8646865;0.8675088;0.87029046;0.87310076;0.8759967;0.87863296;0.88128453;0.8837329;0.8856491;0.88781095;0.88997316;0.8917946;0.8935316;0.8952138;0.8969614;0.8984463;0.8998449;0.90131;0.9030459;0.904802;0.9063018;0.9077551;0.9091275;0.9103708;0.9116497;0.912943;0.91403574;0.9151811;0.9164665;0.91762346;0.9186465;0.919673;0.9207157;0.9220421;0.9230638;0.92393136;0.92462564;0.92556685;0.92638934;0.92733395;0.92823195;0.9290858;0.92989784;0.93089247;0.9316226;0.9322668;0.933008;0.93381065;0.9345281;0.935258;0.93585384;0.9365724;0.9371183;0.9376977;0.9384176;0.93901455;0.9395355;0.94006354;0.9406213;0.94119936;0.94169134;0.9421509;0.942684;0.94285357;0.94323254;0.9436862;0.94414634;0.9446124;0.9450971;0.9455475;0.94605416;0.94653904;0.94694775;0.94745296;0.94786566;0.9483478;0.94879246;0.9491958;0.94961494;0.94999456;0.950449;0.9508056;0.9511935;0.95158565;0.9519362;0.95229167;0.95269084;0.953069;0.95337;0.9536906;0.9540161;0.95437795;0.95471174;0.95501864;0.9553171;0.9556459;0.9559615;0.9563519;0.9567353;0.9570155;0.95732784;0.9576122;0.9579083;0.9582269;0.95844674;0.95873874;0.9589936;0.9592599;0.9595192;0.9595117;0.9597837;0.96002084;0.96019983;0.96012664;0.9594767;0.9595644;0.9598323;0.9595429;0.95974433;0.9598085;0.96004266;0.960199;0.9604442;0.96070856;0.9609225;0.9608921;0.96115506;0.96115744;0.96128577;0.961042;0.9609556;0.96117777;0.96055347;0.9603863;0.96035707;0.96041244;0.96040714;0.96064866;0.96010065;0.9591897;0.9586141;0.9586735;0.9587382;0.95856196;0.9580881;0.95747876;0.9564846;0.95576787;0.9560045;0.9558947;0.95541;0.9553584;0.9549438;0.9548294;0.9546727;0.95470595;0.9548217;0.9546523;0.95410824;0.95412844;0.9538115;0.95363367;0.9531475;0.9522785;0.9521646;0.95183605;0.95139825;0.9515004;0.9512102;0.9509953;0.9506851;0.95066;0.9507201;0.95009357;0.95004654;0.9502193;0.9497172;0.9496451;0.94975334;0.94964814;0.94979155;0.94999397;0.95012885;0.9501342;0.9503533;0.95052963;0.95072496;0.95094186;0.9511368;0.95135856;0.9515839;0.9517739;0.9519485;0.95205677;0.95205283;0.9520463;0.95212555;0.9519847;0.9515389;0.95135677;0.9511437;0.9507381;0.9497717;0.9497534;0.9494161;0.9486441;0.94809484;0.9481262;0.9481915;0.94802207;0.94789886;0.94787735;0.94807875;0.9482813;0.9484931;0.94867367;0.948869;0.94904953;0.9492026;0.94940954;0.94960964;0.94979787;0.94999236;0.95021063;0.9503869;0.95055944;0.9507159;0.9509181;0.951065;0.95124257;0.95140195;0.95160335;0.95177466;0.9519495;0.9521393;0.9523115;0.95248014;0.9526224;0.9527525;0.9529316;0.9530577;0.95322555;0.9534055;0.95356214;0.9537395;0.9538982;0.9540515;0.95419526;0.95437634;0.95452225;0.95470077;0.954855;0.9550062;0.9551461;0.95530957;0.9554374;0.95557666;0.9557211;0.95585454;0.9559833;0.95610934;0.9562542;0.9563903;0.9565102;0.9566543;0.9567956;0.9569529;0.9571054;0.9572512;0.95737934;0.9575012;0.95764434;0.9577665;0.957897;0.95805544;0.9581841;0.9583263;0.9584551;0.95858836;0.95872426;0.95883685;0.95875686;0.9588961;0.95889103;0.9590205;0.95914066;0.9592736;0.959394;0.9595236;0.95964086;0.95977384;0.95989454;0.9600113;0.9601065;0.9602204;0.96033686;0.96043366;0.9603431;0.9604677;0.9604141;0.96026254;0.9601908;0.95985687;0.95992786;0.95989835;0.9595995;0.959167;0.9589742;0.9588358;0.95867866;0.95868087;0.9587629;0.95883185;0.95895267;0.95903856;0.9591488;0.95926934;0.95937383;0.9594961;0.9596221;0.95972323;0.95981944;0.95991963;0.9600401;0.96016425;0.96026415;0.9603928;0.96050173;0.96061146;0.96071064;0.96080786;0.9609131;0.961022;0.9610953;0.96121436;0.96132296;0.96142685;0.96152884;0.96163166;0.9617121;0.9618234;0.96193135;0.9620521;0.96215606;0.9622529;0.9623374;0.96242803;0.9625196;0.96262753;0.96271163;0.96280694;0.96290046;0.9629833;0.96307725;0.96316314;0.9632486;0.9633524;0.9634494;0.96354836;0.9636407;0.96372885;0.96382993;0.96391594;0.9640028;0.96407604;0.96416926;0.9642632;0.9643519;0.9644508;0.9645409;0.964634;0.964714;0.9648074;0.9648808;0.96496195;0.9650336;0.9651106;0.9651839;0.96528715;0.9653609;0.96544313;0.9655349;0.9656196;0.96570176;0.9657856;0.96585935;0.9659468;0.9660231;0.9661054;0.96620435;0.9662858;0.9663574;0.966435;0.9665278;0.96660674;0.9666718;0.9667531;0.9668289;0.96690327;0.9669824;0.9670703;0.96713114;0.9672021;0.96722406;0.9672846;0.967344;0.967412;0.9674816;0.9675481;0.96760744;0.9676637;0.9677352;0.9678131;0.96787816;0.9679449;0.96801424;0.96810395;0.96818006;0.9682446;0.968308;0.96838593;0.9684552;0.9685278;0.96859276;0.96867114;0.96873915;0.96880865;0.96887964;0.96894944;0.9690047;0.96908724;0.9691534;0.96921676;0.9692754;0.969333;0.9694034;0.9694074;0.9694773;0.96953917;0.9695999;0.9696052;0.9696673;0.9697325;0.96979576;0.9698571;0.96990895;0.9699806;0.9700552;0.9701188;0.97017634;0.97023284;0.9702997;0.970359;0.9703683;0.9702927;0.9702182;0.97025084;0.97014725;0.9701424;0.97019553;0.9702605;0.9703196;0.9701909;0.9702035;0.97015166;0.9702089;0.9702573;0.9703252;0.97036624;0.9704211;0.9704804;0.97053945;0.9706014;0.9706538;0.9707083;0.97076726;0.97082365;0.9708897;0.9709441;0.9709923;0.9710441;0.9711017;0.97115755;0.9712162;0.97117406;0.9712214;0.9712795;0.9713257;0.9713769;0.9714242;0.9713683;0.9713228;0.9713642;0.9714221;0.97147614;0.9715214;0.9715794;0.9716335;0.97168463;0.97173065;0.9717927;0.97184116;0.9719083;0.9719598;0.97200704;0.9720575;0.9721174;0.9721785;0.9722365;0.97228146;0.9723269;0.97238904;0.97244287;0.97249985;0.97254854;0.9726004;0.9726475;0.97269833;0.97274435;0.97279155;0.9728399;0.9728907;0.9729154;0.9729678;0.9730116;0.97306556;0.9731123;0.97316325;0.97321343;0.9732672;0.9733132;0.9733597;0.97340536;0.97345155;0.97349566;0.97354954;0.97359395;0.9736125;0.9736114;0.97356635;0.97347325;0.97324234;0.9732394;0.97294617;0.97298855;0.9730326;0.9730672;0.9731227;0.97316754;0.97321284;0.9732592;0.97330546;0.9733521;0.9733998;0.9734479;0.9734905;0.9735365;0.9735806;0.97362626;0.97367656;0.9737207;0.97376126;0.9738063;0.9738542;0.9738995;0.9739487;0.97398686;0.97403175;0.9740753;0.97411305;0.9741191;0.9741607;0.9741981;0.9742399;0.97428215;0.9743237;0.9743618;0.9744008;0.97444034;0.97447693;0.97451895;0.97455704;0.974601;0.9746377;0.9746814;0.9747238;0.97476614;0.9747991;0.9748433;0.9748414;0.97488487;0.97492284;0.9749665;0.9750048;0.97505033;0.97508776;0.9751209;0.97515714;0.9751953;0.97522867;0.97526926;0.9753045;0.97534895;0.97538346;0.97541636;0.9754532;0.9754951;0.9755348;0.97557336;0.9756017;0.97564656;0.9756893;0.97572434;0.9757613;0.9757927;0.975827;0.97586167;0.9758383;0.9758758;0.9758476;0.9758278;0.9758289;0.97585833;0.9758352;0.9758724;0.97590655;0.9759464;0.97580093;0.97581977;0.9758361;0.9758299;0.97582954;0.97582775;0.97586393;0.97589904;0.97587866;0.97591466;0.97594714;0.9759862;0.9760204;0.9760578;0.97603595;0.9760488;0.9760481;0.9760451;0.9760817;0.9761187;0.976149;0.9761826;0.9762142;0.9762438;0.97627383;0.976313;0.97634786;0.97638315;0.9764206;0.9764533;0.9764901;0.97651994;0.976552;0.9765929;0.9766248;0.97666144;0.9766927;0.976726;0.9767597;0.9767862;0.9768224;0.9768567;0.97689;0.97691625;0.9769481;0.9769824;0.97701585;0.97704566;0.9770793;0.9771073;0.97714156;0.97718006;0.9772163;0.97724855;0.97727656;0.9773053;0.97734195;0.9773587;0.9773964;0.9774307;0.97745776;0.977491;0.97750205;0.9775289;0.9775411;0.9775728;0.9776065;0.9776335;0.9776459;0.9776842;0.97771305;0.97773856;0.97777337;0.9778048;0.9778369;0.9778662;0.97790056;0.97792923;0.97795945;0.9779856;0.97801805;0.9779802;0.97801137;0.9780397;0.9780671;0.9780965;0.9781265;0.97815764;0.9781118;0.9781401;0.9781669;0.9782001;0.9782286;0.9782563;0.9782869;0.97831714;0.9783457;0.9783723;0.97839963;0.9784306;0.9784623;0.9784867;0.97851264;0.97853845;0.978565;0.9785933;0.97861373;0.9786385;0.9786648;0.97869617;0.9787263;0.978752;0.9787813;0.9788072;0.9788298;0.9788567;0.97888714;0.9789142;0.97893983;0.9789657;0.97898865;0.9790141;0.9790043;0.9788272;0.978852;0.97877604;0.9787562;0.97854644;0.97849137;0.97841954;0.9783286;0.9783494;0.97835547;0.9783623;0.9782886;0.97823286;0.9782445;0.97821987;0.9782257;0.9782489;0.97821236;0.9782406;0.9780689;0.97803307;0.97777665;0.97764146;0.9772937;0.97692484;0.97621244;0.975704;0.9752916;0.9748946;0.9745435;0.97413313;0.9737888;0.9733747;0.97302145;0.9726436;0.97193205;0.97137886;0.9708733;0.9700994;0.96938723;0.96882534;0.9682991;0.96772057;0.96729267;0.96652985;0.96573734;0.96507037;0.964264;0.96339256;0.9627804;0.9619171;0.9611186;0.96039665;0.9594885;0.9584705;0.9577335;0.95667493;0.95561755;0.9546685;0.9534759;0.95227116;0.95109946;0.9498858;0.9487797;0.94782513;0.94659007;0.94571406;0.9447213;0.94352376;0.94249135;0.94121134;0.9401107;0.93889564;0.9380338;0.93678045;0.9356901;0.9347472;0.93351704;0.9323766;0.9312965;0.93030506;0.9294876;0.9283427;0.92721486;0.9262462;0.9251377;0.9242443;0.9233243;0.9221381;0.9210112;0.91998535;0.91910183;0.91795444;0.91706085;0.9159324;0.91487616;0.91382235;0.9129092;0.91176337;0.91081303;0.9097411;0.9086032;0.90748185;0.9064313;0.9053697;0.9041749;0.9031862;0.9020916;0.90105355;0.9000313;0.8989846;0.8978869;0.8968051;0.89572597;0.8946494;0.8936019;0.8925172;0.8917516;0.8909346;0.8898433;0.8890167;0.8880216;0.88710696;0.886051;0.8849716;0.8841281;0.88327324;0.88218766;0.8812336;0.8802943;0.8791263;0.8783195;0.8773227;0.8763408;0.875501;0.87463737;0.8738514;0.8729026;0.8718423;0.87083495;0.8699554;0.8691027;0.86810166;0.8672276;0.86625576;0.8653979;0.86452925;0.863652;0.86266345;0.86170185;0.8607669;0.85978496;0.8588542;0.858072;0.85719365;0.85632926;0.8556002;0.85463;0.8537587;0.8529978;0.85233456;0.8514439;0.8504591;0.8495365;0.8486755;0.8476018;0.8466972;0.84580636;0.8449056;0.84407765;0.8433457;0.8424737;0.8416505;0.8408289;0.8399153;0.838992;0.83802414;0.83720964;0.83635026;0.83557373;0.83472925;0.8340711;0.83327574;0.83230954;0.83155197;0.83070415;0.8299266;0.82907075;0.82825077;0.8274778;0.826661;0.82571006;0.8247275;0.8239836;0.82317364;0.8222868;0.82148015;0.820731;0.8200389;0.81911427;0.81826943;0.81747067;0.8166292;0.81586677;0.8149845;0.81415915;
0.47619048;0.48854962;0.51152074;0.5255973;0.53387535;0.55187637;0.57272726;0.5830619;0.5872781;0.599473;0.6215569;0.6507592;0.6730575;0.68322396;0.6925734;0.7035541;0.7120061;0.713156;0.71350986;0.7098446;0.7097171;0.7031158;0.7066818;0.70396525;0.705483;0.70528966;0.7050781;0.71212834;0.7197802;0.72565585;0.72868216;0.72876364;0.7254501;0.7297619;0.7305182;0.73457247;0.73504895;0.72993994;0.7304647;0.72352546;0.71951616;0.7215674;0.723053;0.7245053;0.72471076;0.728617;0.72727275;0.7276016;0.7313148;0.73338693;0.7347906;0.7382863;0.74141;0.7421289;0.7428221;0.7444955;0.7475107;0.75075704;0.75559616;0.7570533;0.75802904;0.7619974;0.76600254;0.7693111;0.7725216;0.7765657;0.77791095;0.78088117;0.7830134;0.7851682;0.7872621;0.78931695;0.79090244;0.7933153;0.7951829;0.79664606;0.7970788;0.7985562;0.8;0.80231583;0.80388254;0.8054781;0.80659306;0.807526;0.8081478;0.8093604;0.8110066;0.81155664;0.8119155;0.81277996;0.8134516;0.81342304;0.81431055;0.8153625;0.81700736;0.81856424;0.81938267;0.82091194;0.82281584;0.82434803;0.8257667;0.8271146;0.82857895;0.829987;0.83109504;0.832287;0.83367217;0.8351372;0.83637273;0.83789134;0.83924407;0.84100014;0.84243447;0.84378725;0.8449704;0.84638834;0.84783363;0.84907836;0.85054195;0.85181;0.8530731;0.8542339;0.8552166;0.8564698;0.8576087;0.85851604;0.85956264;0.8606383;0.8618872;0.8629564;0.86403733;0.86517084;0.86603945;0.86713994;0.86799675;0.8689738;0.8699752;0.8709232;0.8717949;0.87267953;0.87355214;0.8743646;0.87515485;0.8760995;0.8771568;0.8778327;0.87847865;0.8792849;0.88009155;0.8807139;0.88150156;0.8823635;0.8831192;0.8838424;0.8845985;0.88534474;0.8860419;0.88676965;0.8875268;0.8881977;0.8889641;0.8896923;0.89042926;0.8910842;0.8917224;0.89237964;0.89298534;0.89330304;0.893965;0.8945344;0.8949004;0.8956322;0.8962234;0.8968564;0.89754546;0.898101;0.89879626;0.8990539;0.89919597;0.8997288;0.90009737;0.9003797;0.9007328;0.9006627;0.90031475;0.9002403;0.9002028;0.90020174;0.90016484;0.9006774;0.90041816;0.90069073;0.90058154;0.90048087;0.9010326;0.9014812;0.90164495;0.90211457;0.9026194;0.9030929;0.90378165;0.9043142;0.9048598;0.9053555;0.9058152;0.90625817;0.9066727;0.90711975;0.9075148;0.90790653;0.90836525;0.90880203;0.9092174;0.90968025;0.91011024;0.9105083;0.910947;0.91135955;0.91183877;0.9122485;0.9125959;0.9129406;0.9132878;0.913705;0.914077;0.91440666;0.914737;0.91497785;0.9153629;0.9156316;0.9159713;0.91633743;0.91674376;0.9170507;0.91735536;0.9177049;0.91796654;0.91819835;0.91853565;0.9188657;0.91916585;0.9193702;0.9194687;0.9195243;0.91871935;0.91826767;0.9181072;0.9178978;0.917748;0.91760826;0.91691333;0.9172115;0.9172852;0.917252;0.9175891;0.91786164;0.9178924;0.9168672;0.9167666;0.9170215;0.9172528;0.91732347;0.9172184;0.9172548;0.91733766;0.91709846;0.9166793;0.9163557;0.9155955;0.9155035;0.9156038;0.91548455;0.9157728;0.9159238;0.916053;0.916361;0.9164392;0.9164198;0.91667473;0.9168194;0.9167107;0.91696995;0.9172828;0.91759336;0.91783804;0.9180034;0.9183079;0.9183415;0.9186502;0.918934;0.91920453;0.9194107;0.91945875;0.9194806;0.9197641;0.9200528;0.9203395;0.9205846;0.9208889;0.9211732;0.92145544;0.9217007;0.9220104;0.922266;0.92252;0.9227621;0.92303306;0.9232686;0.92350274;0.9237288;0.92394036;0.9241573;0.92436975;0.9246134;0.9248458;0.9250832;0.9253382;0.925582;0.92578965;0.9260336;0.92629457;0.9265752;0.9267713;0.9269754;0.92716414;0.92739904;0.9275936;0.92783463;0.92794234;0.92811954;0.9283272;0.92852795;0.9287218;0.9289375;0.92914337;0.9293197;0.9295064;0.9297371;0.9299132;0.93011075;0.93032366;0.9305161;0.9307211;0.93092763;0.93112755;0.9313209;0.9315345;0.93170446;0.9319341;0.9321073;0.93230045;0.93250287;0.93271434;0.9329092;0.9330927;0.9332904;0.93347937;0.93365234;0.93384427;0.93404496;0.9341879;0.93438655;0.93457425;0.9347512;0.9349296;0.9351023;0.93528116;0.9353845;0.93555;0.9357263;0.9359086;0.9360769;0.9362687;0.93644786;0.93662834;0.9368123;0.9369527;0.937119;0.93728447;0.93745565;0.9376127;0.9377844;0.9379441;0.9381031;0.93823963;0.93838847;0.9385687;0.9387223;0.9388858;0.93905264;0.9391892;0.93933976;0.9394937;0.9396428;0.9397829;0.9399489;0.94008356;0.94023174;0.94027376;0.9401807;0.94011974;0.94013625;0.9401412;0.94024026;0.94015646;0.94020927;0.94019216;0.94018114;0.94014645;0.93995327;0.94011486;0.94023645;0.9402829;0.94044244;0.9405934;0.94072634;0.94085675;0.9409999;0.94112533;0.94127285;0.9414309;0.9415711;0.941707;0.94185346;0.94198805;0.9421166;0.9422409;0.94236463;0.94249874;0.9426448;0.9427991;0.94294006;0.9430697;0.9431952;0.94331497;0.9434342;0.9435685;0.94367456;0.94381297;0.9439456;0.94406897;0.94420207;0.94433117;0.9444647;0.9445758;0.9446931;0.9448149;0.9449478;0.9450767;0.94518864;0.9453132;0.9454339;0.94555414;0.94568026;0.9458106;0.94594836;0.9460838;0.9461932;0.9462959;0.9464202;0.94653296;0.94665617;0.9467726;0.94689626;0.9470177;0.9471372;0.94722414;0.94734263;0.94744253;0.9475495;0.94765913;0.94776225;0.9478665;0.9479614;0.94806635;0.94817084;0.94828075;0.9483931;0.948505;0.94861203;0.94870716;0.9488449;0.9489491;0.9490586;0.9491747;0.9492649;0.9493843;0.9494933;0.94959486;0.94971544;0.94980514;0.9499151;0.95003414;0.9501431;0.95024616;0.95033133;0.9504349;0.95053416;0.95062625;0.95071274;0.9508082;0.9508993;0.9509993;0.95109886;0.9511798;0.95127994;0.95137966;0.9514815;0.95155996;0.9516636;0.9517758;0.9518798;0.9519708;0.9520652;0.9521617;0.9522579;0.95235616;0.95243794;0.9525194;0.952608;0.95269257;0.95278174;0.952862;0.9529469;0.9530303;0.9531218;0.95320815;0.95329654;0.95336866;0.95346117;0.9535309;0.9536063;0.95368075;0.9537673;0.953864;0.95394987;0.9540469;0.9541298;0.95422155;0.9543084;0.95438695;0.9544618;0.9545353;0.9546153;0.954704;0.95478344;0.954867;0.95494807;0.95502776;0.95511264;0.95519066;0.9552738;0.9553458;0.9554317;0.9554902;0.9555518;0.95562506;0.95569694;0.9557697;0.95585614;0.9559379;0.9560078;0.9560806;0.95615107;0.9562276;0.9562913;0.9563632;0.95643175;0.95650417;0.95658255;0.95665044;0.9567283;0.9567977;0.9568659;0.9569389;0.9570057;0.9570621;0.9571365;0.95720065;0.95727754;0.9573422;0.95741165;0.957473;0.957546;0.95762944;0.95769507;0.9577663;0.9578402;0.95792156;0.9579843;0.95804596;0.9581294;0.9581992;0.9582726;0.95834184;0.9584232;0.9584826;0.95855683;0.9586252;0.95869243;0.9587538;0.9588188;0.9588789;0.9589379;0.95901144;0.9590792;0.95915043;0.95921504;0.95927763;0.9593509;0.9594112;0.95946693;0.95950663;0.9595755;0.9596387;0.95955664;0.9596268;0.9596896;0.95975316;0.9598226;0.9598831;0.9599503;0.9600122;0.96008164;0.9601439;0.9602026;0.96025676;0.9603185;0.96038604;0.9604414;0.96050936;0.9604039;0.96044433;0.960501;0.96055746;0.96061635;0.96068084;0.9607443;0.9608018;0.9608599;0.96092033;0.96098053;0.96103406;0.9610931;0.9611042;0.9611704;0.961233;0.96129304;0.9613529;0.9614109;0.9614768;0.9614066;0.96146744;0.96152174;0.9615711;0.96162903;0.96168923;0.96174526;0.9618027;0.96186155;0.9619241;0.9618652;0.96188277;0.9619411;0.96200466;0.9620619;0.96211505;0.9621727;0.962224;0.962279;0.96233463;0.9623863;0.9624378;0.96249974;0.9625547;0.962617;0.9626664;0.96272016;0.9627826;0.962839;0.96289736;0.9629475;0.96301365;0.9630715;0.9631212;0.96317357;0.96321934;0.96327007;0.96331775;0.9633689;0.96342134;0.96347576;0.9635265;0.96358347;0.96363246;0.9636891;0.9637456;0.9637825;0.9637555;0.9637708;0.96362585;0.96353847;0.96359396;0.963657;0.9637156;0.96375144;0.96380144;0.96385056;0.963912;0.963965;0.96401304;0.96406436;0.9641135;0.9641652;0.96423095;0.9642864;0.9643322;0.96437925;0.9644262;0.96444684;0.9644876;0.9645309;0.9645867;0.9646364;0.96468455;0.9647241;0.96476394;0.9648164;0.96483344;0.964883;0.964935;0.9649778;0.96502954;0.9650753;0.9651345;0.96518636;0.9652324;0.965277;0.96532536;0.96537095;0.96541524;0.96546;0.9655003;0.9655367;0.96558493;0.96562487;0.96566415;0.96570516;0.96574485;0.9657937;0.96583384;0.96587694;0.965923;0.96598357;0.96602935;0.9660823;0.96612656;0.96617794;0.96622443;0.96627074;0.96630794;0.96634924;0.9663952;0.96643925;0.9664903;0.9665359;0.9665778;0.9666244;0.96666783;0.96671355;0.96676433;0.96680397;0.9668435;0.9668881;0.9669355;0.9669787;0.96702075;0.96706027;0.96710604;0.96714485;0.96718526;0.9672273;0.9672664;0.9673065;0.9673499;0.96739596;0.96744365;0.9674867;0.96752566;0.9675652;0.967609;0.9676505;0.96768963;0.96772987;0.9677699;0.96780664;0.9678542;0.9678874;0.9679309;0.9679673;0.96800673;0.96804833;0.96808976;0.96812737;0.9681643;0.96820015;0.96824384;0.96828216;0.96832085;0.96835107;0.9683938;0.9684333;0.9684696;0.96850157;0.9685434;0.96858466;0.9686242;0.9686709;0.9687097;0.96875465;0.96879375;0.96883225;0.96886814;0.968908;0.9689518;0.96898997;0.969027;0.96906745;0.96910834;0.96914554;0.9691892;0.96922827;0.96925825;0.9692916;0.9693269;0.96936417;0.96940076;0.9694358;0.96946734;0.96950865;0.96954346;0.9695816;0.96961874;0.9696586;0.9696926;0.9697212;0.9697565;0.9697936;0.9698331;0.96986765;0.96990067;0.96994126;0.9699756;0.9700051;0.97004205;0.9700766;0.9701177;0.9701521;0.97019106;0.970229;0.970258;0.9702925;0.97033113;0.9703632;0.9703993;0.9704179;0.97045666;0.97048974;0.97051775;0.9705343;0.9705097;0.9705276;0.9705609;0.97055;0.9704778;0.97048247;0.9704377;0.97041166;0.970448;0.97040486;0.970392;0.9704111;0.970306;0.9702942;0.9703102;0.9703132;0.97023183;0.97022516;0.97020805;0.970225;0.9702079;0.9701067;0.96992683;0.9698698;0.96984214;0.96985936;0.9697408;0.96973807;0.9697599;0.96979624;0.96981114;0.969816;0.9697868;0.96975094;0.9697119;0.9696422;0.9696658;0.96970147;0.9697312;0.96976453;0.96979773;0.9698191;0.96983564;0.96987;0.96989846;0.9699309;0.96996504;0.96999735;0.9700291;0.9700622;0.97008985;0.970121;0.97015077;0.97018707;0.970225;0.97025454;0.97028446;0.9703139;0.9703446;0.9703778;0.97040707;0.970438;0.9704688;0.9705035;0.9705304;0.970564;0.9705929;0.97062683;0.9706615;0.97069067;0.9707172;0.9707483;0.9707823;0.9708045;0.97083336;0.9708675;0.97090334;0.97093403;0.97096676;0.9710011;0.97103405;0.97106326;0.97109246;0.97113013;0.9711632;0.9711979;0.97122395;0.971256;0.9712856;0.97132;0.9713478;0.97138244;0.9714133;0.971443;0.9714706;0.97149736;0.97152364;0.97155505;0.9715852;0.97160816;0.97163504;0.9716623;0.9716899;0.9717146;0.97174406;0.9717683;0.97179884;0.9718288;0.9718561;0.97188133;0.9719124;0.9719452;0.9719765;0.9720039;0.97203267;0.97206104;0.97208595;0.9721142;0.9721474;0.9721717;0.972201;0.9722298;0.97225326;0.97228533;0.9723147;0.9723414;0.9723714;0.9724006;0.9724245;0.9724547;
0.36363637;0.41975307;0.44262296;0.4811321;0.47606382;0.5132743;0.51588786;0.53745925;0.55364805;0.58311343;0.6068796;0.62996596;0.6492147;0.6618217;0.687276;0.70662194;0.7179081;0.7361008;0.7480593;0.7591093;0.7675467;0.77613777;0.78134286;0.78977275;0.7952669;0.80254775;0.80708057;0.8141374;0.82008564;0.82604694;0.8315508;0.8372093;0.84289277;0.84764206;0.8520548;0.8569807;0.8607222;0.8641754;0.8675543;0.8710778;0.87420964;0.8774319;0.8804176;0.88358486;0.8867246;0.88872534;0.8909091;0.8933709;0.89560896;0.89803076;0.89994705;0.90163934;0.9036206;0.9055472;0.90739834;0.90917826;0.910807;0.91231734;0.91377735;0.91534156;0.9166299;0.91807175;0.9192758;0.92056173;0.9218879;0.92313933;0.924306;0.92552567;0.92640775;0.92743635;0.9283689;0.92926466;0.9301125;0.93091506;0.93178546;0.93268204;0.9336601;0.9345423;0.9353463;0.93613076;0.93685436;0.9375309;0.938444;0.93916535;0.9398699;0.9406421;0.94124943;0.94183546;0.94254965;0.9431358;0.9436431;0.9442975;0.9448567;0.94547546;0.94614184;0.9467846;0.9474487;0.9479753;0.9485614;0.9491548;0.94964796;0.9502298;0.950792;0.951254;0.95168895;0.9521465;0.9523452;0.9515009;0.9513394;0.95076585;0.9498014;0.949666;0.949409;0.94882303;0.9489441;0.94910973;0.94785976;0.9470535;0.9450537;0.9425402;0.939294;0.93676966;0.9345683;0.9327749;0.93200684;0.9298912;0.92713356;0.9249246;0.9237279;0.9201311;0.9179628;0.9152286;0.9108574;0.9077979;0.9059323;0.9044168;0.90268326;0.8999228;0.89868814;0.89765805;0.89710885;0.89634144;0.89433014;0.89309514;0.89081883;0.89023834;0.8866522;0.8830631;0.880573;0.8776671;0.8747792;0.8717319;0.867788;0.86400205;0.8617579;0.8590925;0.8575303;0.8556267;0.8535523;0.8509807;0.8485249;0.8475995;0.84661776;0.8446209;0.8443514;0.84226525;0.84082603;0.83980083;0.8385298;0.8385384;0.83689153;0.8359719;0.83454895;0.8335497;0.8331942;0.832679;0.8320932;0.831391;0.8314498;0.83118993;0.8312137;0.8314311;0.8306639;0.8297641;0.82977194;0.82985115;0.8304639;0.83139944;0.83239555;0.8334847;0.8343068;0.83493733;0.8358353;0.83672214;0.8376336;0.8381546;0.838875;0.8393253;0.83978605;0.8404206;0.84099174;0.8413575;0.84195703;0.84181345;0.8421155;0.8422379;0.8429911;0.8438099;0.84414345;0.8447087;0.84519464;0.8456767;0.8460579;0.8461586;0.84627265;0.84667444;0.84694004;0.8476289;0.84797233;0.84860003;0.84882534;0.8495607;0.84999704;0.8506428;0.8511153;0.85174745;0.85235447;0.8529566;0.85345477;0.85406435;0.85470235;0.85540926;0.85597813;0.8564452;0.8570863;0.85766566;0.8582324;0.8588577;0.8593915;0.8599834;0.86061645;0.8612438;0.8618051;0.86233187;0.86292905;0.8634399;0.8639251;0.8645303;0.86511576;0.8656534;0.86625755;0.8667791;0.86719203;0.8677824;0.86831963;0.86878437;0.8692121;0.8698048;0.8702525;0.8707566;0.871211;0.87178576;0.8723039;0.87281144;0.8731639;0.87370837;0.87401146;0.8745294;0.87467283;0.87495697;0.87543476;0.8758543;0.87633127;0.8767017;0.8770591;0.87744296;0.8778545;0.878368;0.87880665;0.879209;0.8795745;0.87997174;0.88042814;0.8808644;0.8812532;0.8817494;0.8821434;0.8825564;0.88292885;0.8834058;0.8837517;0.8841957;0.88457876;0.88494897;0.8852806;0.8856822;0.8861065;0.8864366;0.8867849;0.88715106;0.8875894;0.8880046;0.88839227;0.88873845;0.8891114;0.88945794;0.8898833;0.8902202;0.89056927;0.8909114;0.89124215;0.8916908;0.89208543;0.89246815;0.892803;0.8930865;0.8935067;0.89388824;0.89422315;0.8945473;0.89486504;0.8951981;0.89556336;0.8959474;0.89628637;0.8966021;0.89693683;0.8972155;0.89750093;0.8978052;0.8981363;0.89838016;0.8986712;0.8989727;0.89928824;0.8996019;0.8998585;0.90009415;0.9003716;0.90065914;0.9007933;0.90096515;0.9010628;0.90136397;0.9016255;0.9019157;0.902193;0.9025059;0.9027762;0.9030707;0.90334517;0.9036072;0.90384257;0.90413064;0.90440625;0.9046626;0.9049423;0.9051887;0.90546876;0.9056743;0.9058893;0.906148;0.90639514;0.9066375;0.9069023;0.90713537;0.90743417;0.9076945;0.90793025;0.90819764;0.908457;0.9086986;0.9089584;0.90921986;0.909419;0.9096906;0.9099226;0.9101628;0.910361;0.9106239;0.91091;0.91114813;0.9113512;0.91158086;0.91181535;0.91203654;0.91229874;0.9125235;0.9127828;0.9129844;0.9132027;0.9133965;0.91363895;0.91385984;0.9140853;0.9143039;0.9144985;0.914715;0.9149021;0.91511375;0.91533554;0.9155506;0.9157396;0.91596365;0.91619474;0.91641086;0.9166178;0.91679937;0.9170044;0.91721106;0.9174194;0.9176081;0.9177959;0.9180223;0.9182135;0.9184012;0.9186346;0.91883326;0.91903603;0.91925055;0.91943353;0.9196157;0.9198095;0.920005;0.92016965;0.92036086;0.92054874;0.9207111;0.92086554;0.92102665;0.9212235;0.9213735;0.9215302;0.92170054;0.92183447;0.9219869;0.9221482;0.9223631;0.9225299;0.92270064;0.9228753;0.92304456;0.9232315;0.92340606;0.9235707;0.9237278;0.92387974;0.92408067;0.92424244;0.9243968;0.92455053;0.92472583;0.9248606;0.9249993;0.92515934;0.92531;0.92549044;0.92563546;0.92579496;0.9259623;0.92611194;0.9262864;0.9264241;0.92658234;0.92672944;0.92685294;0.92700523;0.92717546;0.92733055;0.9274705;0.92762226;0.9277897;0.9279282;0.9280921;0.9282132;0.92834365;0.9283461;0.9285018;0.92860913;0.9287399;0.9288702;0.9290157;0.9291115;0.92926955;0.92940176;0.92954695;0.929705;0.92984325;0.92998666;0.93010855;0.9302433;0.9303737;0.93051124;0.9306238;0.9307622;0.93089443;0.93104094;0.9311869;0.93132854;0.9314623;0.93156815;0.9317082;0.9318604;0.93200105;0.932134;0.9322503;0.93240005;0.9325421;0.9327046;0.93283135;0.93295056;0.93308675;0.9332155;0.9333368;0.93347144;0.9335798;0.9337357;0.9338449;0.93399113;0.9341265;0.9342614;0.93439066;0.93451107;0.934641;0.93476385;0.934873;0.9350344;0.93515575;0.9352766;0.9353938;0.9355171;0.93563503;0.9357638;0.9359016;0.93601656;0.93613106;0.93628633;0.9364062;0.9365224;0.9366617;0.9367662;0.9368734;0.93699723;0.93711907;0.9372251;0.93734145;0.9374665;0.9376063;0.9377318;0.9378553;0.93797386;0.93807846;0.93820953;0.9383282;0.938442;0.9385495;0.9386639;0.93876773;0.938843;0.93888795;0.93899083;0.93908185;0.93918985;0.9393132;0.93942606;0.9395357;0.9396477;0.9397593;0.93987614;0.93996876;0.9400256;0.94014966;0.9402358;0.9403466;0.94047344;0.9405751;0.940675;0.94078827;0.9408888;0.9409918;0.941089;0.94116306;0.94126093;0.9413532;0.9414584;0.941554;0.941644;0.941739;0.9418219;0.9419359;0.9420326;0.9421237;0.9422184;0.94232965;0.9424404;0.9425508;0.94263774;0.94272953;0.9428337;0.9429299;0.94301826;0.9431088;0.94320536;0.9433003;0.943385;0.9434707;0.9435698;0.9436697;0.943768;0.94386846;0.9439624;0.9440549;0.9441458;0.94425696;0.9443461;0.94444805;0.944552;0.9446473;0.9447399;0.94483453;0.94491;0.94497216;0.9450636;0.94515824;0.9452456;0.94534314;0.94543105;0.9455222;0.9455946;0.9456829;0.94577426;0.94587785;0.9459607;0.94605565;0.94614017;0.94622;0.94629276;0.9463922;0.9464812;0.94657993;0.94667935;0.94676197;0.9468519;0.94694054;0.9470256;0.9470919;0.9471873;0.9472759;0.94735765;0.94743925;0.94753015;0.9476208;0.9476952;0.9477651;0.9478507;0.94793284;0.94801056;0.94807655;0.9481642;0.94823396;0.9483004;0.9483832;0.94845754;0.94854087;0.94862497;0.94870776;0.94879335;0.9488746;0.9489475;0.9490292;0.9491117;0.94919395;0.94926393;0.94933677;0.9493974;0.94947875;0.94954795;0.9496238;0.94969857;0.94977695;0.9498045;0.94988054;0.9498613;0.94981885;0.94988877;0.9498551;0.94985723;0.94992775;0.94996154;0.94997406;0.94987434;0.9499042;0.9498766;0.94993985;0.9498627;0.94984764;0.94984215;0.94973785;0.9496861;0.94976425;0.9497419;0.9497914;0.94979066;0.9497486;0.9498054;0.94982445;0.94982934;0.94985014;0.94989616;0.94983095;0.9498396;0.9497132;0.9494801;0.949476;0.94950265;0.94954324;0.9495013;0.94948524;0.9494113;0.94937336;0.9491753;0.94919026;0.949239;0.9491137;0.9489376;0.9487442;0.9486337;0.94849175;0.9485075;0.9485175;0.94822925;0.94822335;0.94822127;0.9480287;0.94791555;0.94776106;0.94769126;0.94768703;0.9476961;0.9476239;0.94750303;0.94738156;0.9471028;0.9466664;0.94634444;0.9459383;0.9457393;0.9455553;0.94544876;0.94537586;0.9452502;0.9451618;0.94517654;0.9452255;0.9452351;0.94527966;0.94533014;0.94539386;0.94547486;0.94554704;0.9456077;0.9456805;0.9457437;0.94581425;0.9458781;0.9459567;0.9460323;0.9460956;0.9461606;0.94623196;0.94626504;0.9463296;0.94639397;0.9464555;0.94652414;0.9465954;0.9466305;0.9466905;0.94674855;0.9468228;0.9469013;0.9469544;0.94702446;0.9470934;0.9471595;0.94723;0.9472975;0.94736135;0.9474206;0.94748414;0.9475528;0.94761336;0.9476852;0.94774723;0.9478126;0.94787174;0.94794023;0.9479982;0.94806296;0.9481232;0.94817394;0.9482425;0.94829977;0.948345;0.94840634;0.9484616;0.9485201;0.9485717;0.9486401;0.9487007;0.9487654;0.94883996;0.9489093;0.9489668;0.9490366;0.94909465;0.94915086;0.94921196;0.9492663;0.9493173;0.9493747;0.949427;0.94949317;0.9495526;0.9496103;0.9496573;0.9497164;0.9497712;0.94983083;0.94988227;0.9499432;0.949996;0.95005983;0.95011795;0.9501823;0.9502338;0.9502876;0.9503444;0.95040107;0.9504576;0.9505203;0.9505867;0.95063734;0.9506879;0.95075154;0.9508135;0.95086294;0.95092;0.9509715;0.9510252;0.9510903;0.9511544;0.95120394;0.9512609;0.95130944;0.95136696;0.9514153;0.95147634;0.95153946;0.95159346;0.9516458;0.95171297;0.95171905;0.9517711;0.9517287;0.9517902;0.9517368;0.951779;0.95180595;0.9518153;0.95182544;0.9518124;0.95186156;0.95185196;0.9519083;0.9519565;0.9519671;0.9519525;0.95197386;0.95194256;0.9520064;0.9519731;0.95185804;0.95146465;0.95135915;0.9512689;0.95113945;0.95100033;0.95088565;0.9506394;0.95037967;0.95030177;0.9502828;0.9498922;0.9496978;0.9496929;0.9493881;0.9491889;0.9491623;0.9490539;0.9486994;0.9483821;0.9480355;0.94781417;0.94756556;0.94728196;0.94711936;0.9470634;0.9470383;0.9470755;0.9469737;0.9468974;0.94691247;0.94694436;0.9467155;0.9466382;0.9465109;0.9465338;0.94650036;0.9464967;0.9465242;0.9465084;0.94655925;0.94662386;0.9466715;0.9467243;0.9467946;0.9468556;0.9469134;0.9469628;0.9470234;0.9470672;0.94713736;0.9472006;0.9472524;0.9473086;0.94736844;0.94742733;0.9474817;0.9475433;0.94759744;0.94765955;0.94772595;0.94778115;0.94784063;0.9478971;0.9479497;0.948003;0.9480561;0.94810337;0.9481571;0.9482099;0.94826406;0.94831383;0.9483699;0.94842666;0.9484861;0.9485383;0.9485889;0.94864374;0.94869703;0.94874597;0.9487948;0.94885194;0.9489048;0.9489582;0.94900316;0.9490592;0.94910675;0.94915766;0.9492161;0.9492731;0.94934237;0.9494004;0.9494487;0.9494186;0.9494199;0.9494653;0.9495099;0.94955236;0.9496091;0.9496657;0.94970924;0.94976157;0.9498124;0.94986385;0.9499138;0.94995964;0.9500047;0.95006245;0.950118;0.9501762;0.95022887;0.95028144;0.9503259;0.9503849;0.95043844;0.9504853;0.95053864;0.95059186;
0.73134327;0.60583943;0.6026786;0.5844595;0.54820937;0.5685393;0.6065259;0.62308997;0.6390532;0.6561265;0.68214285;0.70288247;0.7237113;0.74081236;0.75547445;0.7713311;0.78299594;0.7961977;0.8078853;0.8168148;0.8251794;0.83239526;0.839039;0.84535486;0.8517699;0.8575983;0.86326534;0.8684985;0.8729858;0.87689483;0.8812583;0.8851265;0.8885191;0.8912779;0.8946541;0.89759266;0.9004827;0.9029689;0.9051328;0.9075543;0.91006714;0.911958;0.91410255;0.91617143;0.91799265;0.9198085;0.9218203;0.9232532;0.9246556;0.9264141;0.9280923;0.9295293;0.9308922;0.93208313;0.9333996;0.9345863;0.9355304;0.936673;0.9378623;0.93878484;0.93980235;0.94082576;0.9418655;0.9427228;0.9436264;0.9445594;0.94508845;0.94585925;0.9466614;0.94736844;0.9482163;0.9489796;0.9497675;0.9504769;0.95115775;0.95186305;0.9526066;0.95316565;0.9537275;0.9540756;0.9546671;0.95432734;0.95482814;0.9554479;0.95594573;0.95642567;0.95695573;0.95703065;0.95745003;0.95750797;0.9579278;0.9583333;0.9586947;0.959234;0.9595916;0.95901525;0.95938516;0.9596932;0.9601654;0.96058375;0.96102494;0.9608864;0.96090126;0.961347;0.9613489;0.96123236;0.96134776;0.9617514;0.96159124;0.96176213;0.96211845;0.9623284;0.96183944;0.9613688;0.9617519;0.9621008;0.96248263;0.9628014;0.9631357;0.9634229;0.9637584;0.96407187;0.9643682;0.96464425;0.9649085;0.96513504;0.9653661;0.9656233;0.96582997;0.9661017;0.96640396;0.9665913;0.96683675;0.96709526;0.9673334;0.96750396;0.9677611;0.9679733;0.9681578;0.9683464;0.968548;0.96877396;0.9690114;0.9692046;0.96940976;0.9696037;0.96980083;0.96997607;0.9702038;0.9704121;0.97062796;0.97047246;0.9706771;0.9708892;0.97063977;0.97081375;0.9709731;0.9711679;0.9713332;0.9714845;0.9716654;0.971818;0.9720087;0.97219455;0.9723552;0.972568;0.97271985;0.9728745;0.9730599;0.97323;0.9733831;0.9735262;0.9736925;0.97383016;0.9739725;0.9741153;0.9742466;0.97439426;0.9745634;0.97471124;0.97485363;0.9750186;0.97513914;0.9752749;0.9754255;0.97554743;0.97570705;0.975828;0.9759581;0.9760902;0.9761888;0.976305;0.97643334;0.9765685;0.97669405;0.97682464;0.9768659;0.9769768;0.97702324;0.9771603;0.9772559;0.97724986;0.9773623;0.97747356;0.97756153;0.9776827;0.9777967;0.97790664;0.97799987;0.9781107;0.97820914;0.9783096;0.9784049;0.97850484;0.9786066;0.97869664;0.9787992;0.97890085;0.9790028;0.9790921;0.9791961;0.97929895;0.97939336;0.9794819;0.97958076;0.9796787;0.97978896;0.9797141;0.9798075;0.97988236;0.9799707;0.9800653;0.98014975;0.9802381;0.98031425;0.9803843;0.98047274;0.980545;0.98061883;0.9807019;0.98077786;0.98086286;0.9809439;0.9810158;0.9811008;0.9811757;0.981251;0.98133594;0.981406;0.98147845;0.9815633;0.98163855;0.9817112;0.98178136;0.9818587;0.9819076;0.98197436;0.98205477;0.9821251;0.9821838;0.982254;0.9823173;0.9823884;0.9824525;0.9825234;0.9825697;0.98265105;0.9827203;0.9827786;0.9828477;0.9829145;0.98298085;0.9830433;0.98309857;0.9831511;0.98321223;0.9832763;0.9833358;0.983394;0.9834567;0.9835125;0.983579;0.9836309;0.9835854;0.9833912;0.98345107;0.9833719;0.98328155;0.98301744;0.9828836;0.9827956;0.9828059;0.9828545;0.98290753;0.9829697;0.9830244;0.98307335;0.98313123;0.98318183;0.9832405;0.9832874;0.98334306;0.9833939;0.98344374;0.98349833;0.9835446;0.9836102;0.9836587;0.9837119;0.98376834;0.9838138;0.9836966;0.98375183;0.98349935;0.98355347;0.9836108;0.98365927;0.9837103;0.98376095;0.9838079;0.98385864;0.9839084;0.98396397;0.9840131;0.9840519;0.98409915;0.9841409;0.9841902;0.9842393;0.98429126;0.9843461;0.98439354;0.9844458;0.98449326;0.98453796;0.9845886;0.98462903;0.9846791;0.9847239;0.98476607;0.9848153;0.9848629;0.9849043;0.98494667;0.9849947;0.9850371;0.98508984;0.9851317;0.98517853;0.98522055;0.9852657;0.98531055;0.9853518;0.98540175;0.98540425;0.9854487;0.98548853;0.9855281;0.9855653;0.98560774;0.9856445;0.98568267;0.98572606;0.985767;0.98581034;0.9858048;0.98543763;0.9853619;0.9853298;0.9850741;0.98493;0.9848264;0.98486006;0.9845718;0.9843959;0.98408747;0.98405325;0.9840227;0.9840622;0.98409975;0.9839601;0.98315084;0.9829469;0.98245865;0.9820881;0.9813232;0.97983587;0.97974885;0.9789885;0.97800285;0.9774653;0.9765606;0.9759182;0.9751844;0.97414917;0.9737384;0.9730155;0.9720158;0.97089624;0.9698131;0.96879435;0.9678203;0.9664391;0.96528244;0.9644984;0.963927;0.963344;0.9630614;0.9625456;0.96222043;0.9619739;0.961598;0.96102405;0.96038955;0.95970434;0.9591097;0.9586847;0.9582643;0.95783913;0.9574819;0.95684564;0.9565231;0.9561057;0.9545571;0.9536377;0.95255554;0.9521901;0.95168865;0.95036584;0.9494327;0.9480204;0.94713503;0.9459349;0.94537485;0.9443508;0.943579;0.94315284;0.9424902;0.9418957;0.94096214;0.94025207;0.9394312;0.938244;0.9367309;0.93531245;0.933246;0.93173665;0.93040395;0.92936265;0.9283428;0.92602515;0.9242602;0.92235976;0.9205803;0.918714;0.9166071;0.91421103;0.91207063;0.9103979;0.90846294;0.9065897;0.9044848;0.9026014;0.90080494;0.8990681;0.89715487;0.8949634;0.8929121;0.8910054;0.8893576;0.88756233;0.88526475;0.88361275;0.88176477;0.88002515;0.8783425;0.87664133;0.8748721;0.8729614;0.8710097;0.869435;0.8676703;0.8661601;0.8642873;0.8627687;0.86119974;0.85925245;0.8576245;0.85562193;0.8538182;0.85202205;0.8503978;0.8490347;0.84714234;0.8454905;0.844007;0.84236735;0.8405275;0.8387642;0.8368262;0.8352823;0.8335635;0.8319866;0.83066213;0.828873;0.8269804;0.8252513;0.8237057;0.82174885;0.82026005;0.8186242;0.81703824;0.8153072;0.8135405;0.81214553;0.81058455;0.80890197;0.80762875;0.8061906;0.8044842;0.80284774;0.80134314;0.7997818;0.79843354;0.7972343;0.79562724;0.794211;0.7927181;0.79131216;0.7897896;0.788273;0.7867822;0.78555757;0.7842768;0.78258216;0.7812516;0.7798662;0.77858424;0.7771887;0.77560276;0.77404267;0.77274096;0.7713083;0.7697847;0.7685932;0.7671567;0.765859;0.76439476;0.7629173;0.76159614;0.76026076;0.75874305;0.75747883;0.755991;0.7547864;0.75364095;0.7521497;0.7507925;0.7493125;0.7480927;0.74662334;0.74515975;0.74373776;0.74239284;0.7411776;0.73985964;0.73886544;0.73746735;0.73619777;0.7349501;0.73333967;0.7322061;0.73093724;0.72965544;0.7285332;0.72724265;0.7260423;0.7245729;0.72322834;0.72192264;0.72062165;0.7192917;0.71805036;0.71691346;0.7158467;0.71453434;0.7134582;0.71231925;0.71100336;0.7096923;0.70838606;0.70718205;0.70611167;0.7046734;0.70344985;0.7023747;0.7011591;0.69986814;0.6985027;0.69696903;0.6957563;0.69468886;0.6935466;0.69243914;0.69114906;0.68987924;0.6888297;0.6874763;0.6864188;0.6853187;0.6841918;0.6830838;0.68199337;0.68099785;0.67984015;0.67877614;0.6774619;0.67639047;0.6753668;0.674302;0.6731375;0.6719036;0.6709666;0.66991556;0.6686645;0.66751933;0.6665224;0.66541326;0.6642649;0.6632633;0.66219354;0.6611414;0.6600643;0.6590048;0.6582722;0.6572325;0.6560003;0.6547449;0.653758;0.65280163;0.65193087;0.6509799;0.6500179;0.6490178;0.64806163;0.6469859;0.64604926;0.6452235;0.6443054;0.64336306;0.6424637;0.6415401;0.64069915;0.6395414;0.6386659;0.63763434;0.6367509;0.63589615;0.63484967;0.6340695;0.63314426;0.6321957;0.6310302;0.63010085;0.6292257;0.6281735;0.62721425;0.62614334;0.62513953;0.6241515;0.62299025;0.62205935;0.6211312;0.6202557;0.61920846;0.6183384;0.61743367;0.616655;0.61552143;0.6146249;0.6135965;0.6125107;0.6117565;0.6109315;0.6101692;0.60921586;0.6082415;0.6071985;0.6062425;0.605349;0.6045886;0.6037;0.6028966;0.6020364;0.6012374;0.6004405;0.59959906;0.59874827;0.59781873;0.59698457;0.5962335;0.5953577;0.59456486;0.5937054;0.59281427;0.59190303;0.5910626;0.59022456;0.5895017;0.5886006;0.587949;0.5871053;0.58640116;0.58555406;0.5847649;0.58406645;0.58324814;0.5825092;0.58171725;0.5809493;0.580249;0.57940865;0.5787664;0.5780171;0.57722646;0.5763194;0.5755119;0.5745673;0.5738502;0.57303894;0.5722512;0.57144445;0.570566;0.56973237;0.5688802;0.5681772;0.5673819;0.56662005;0.5658707;0.5650196;0.5642538;0.56337667;0.5625126;0.5617842;0.56107825;0.5603638;0.55968535;0.55900496;0.5581846;0.5575281;0.5567824;0.55612916;0.55541736;0.5547273;0.5538995;0.55308414;0.5522613;0.55144083;0.55067205;0.5498367;0.5491017;0.5484566;0.5478032;0.5471708;0.54639447;0.5456784;0.5449159;0.54419404;0.5437042;0.54305255;0.542412;0.5415634;0.54092634;0.54022443;0.53960943;0.53897697;0.5381861;0.5375382;0.5367796;0.5359485;0.5352316;0.5345815;0.5339237;0.5332214;0.53254855;0.5317764;0.5309974;0.5302663;0.5295189;0.5288534;0.5283003;0.5276669;0.52689093;0.526243;0.5256773;0.52494293;0.5242462;0.5235425;0.52293825;0.522238;0.5215485;0.5209224;0.5202803;0.5196836;0.5191582;0.51851165;0.5180148;0.5174145;0.5168325;0.5161912;0.51550895;0.51481986;0.51414984;0.5134901;0.5128576;0.51240563;0.51183534;0.51119846;0.51052934;0.5099633;0.5093731;0.5087088;0.508197;0.5075942;0.5069595;0.50636804;0.505753;0.505272;0.5045687;0.503925;0.5033981;0.50270826;0.5020612;0.5014484;0.5007964;0.5002273;0.49967566;0.49913338;0.49856803;0.498004;0.49734485;0.4968156;0.4962395;0.49564883;0.49510726;0.49458274;0.49406728;0.49346593;0.4928897;0.49242496;0.49189827;0.49136487;0.490731;0.49021572;0.48960817;0.48902538;0.48844397;0.48787943;0.48734698;0.48676956;0.48610914;0.48558056;0.4849997;0.48444304;0.48392567;0.48336393;0.48278078;0.48228958;0.48170903;0.48115242;0.48055208;0.48007292;0.4795947;0.47913232;0.47858906;0.4780693;0.47749144;0.47693712;0.47644302;0.4759426;0.47540656;0.47482046;0.47425774;0.47381288;0.47327435;0.4728531;0.4724109;0.47181773;0.47121164;0.47070774;0.4702121;0.4696889;0.46910253;0.4685604;0.46807638;0.46758628;0.4670547;0.46658793;0.46604452;0.4654813;0.4649405;0.4643309;0.4637858;0.46315837;0.46260208;0.46207485;0.46160415;0.46112058;0.46058986;0.46008092;0.45952517;0.45904595;0.4585541;0.45798838;0.4574852;0.45702377;0.4565024;0.45601597;0.4554969;0.45499918;0.45452267;0.4540471;0.4535058;0.45301244;0.45240054;0.4520156;0.45144606;0.45100334;0.45044953;0.4499956;0.44943115;0.44886157;0.4483913;0.44798708;0.44744065;0.44696036;0.44649404;0.4460868;0.445545;0.44508803;0.4445294;0.44406173;0.4435695;0.44309112;0.44258833;0.44218186;0.44166213;0.4412131;0.44077763;0.44029266;0.43979618;0.43933216;0.4389066;0.43844447;0.43804556;0.437579;0.43713203;0.43669218;0.4362223;0.43582126;0.43533483;0.43485564;0.4344081;0.433937;0.43339992;0.43297362;0.43254814;0.4320811;0.4316453;0.43124658;0.43077633;0.43027705;0.4298449;0.42944348;0.42899507;0.42852375;0.42811888;0.42773852;0.4272581;0.42677876;0.4262828;0.4258998;0.42549402;0.4250186;0.42452675;0.42414105;0.42363372;0.42320898;0.4227213;0.42229256;0.42189363;0.4214666;0.42106342;0.42066678;0.4202365;0.41976705;0.41937855;0.418911;0.4184616;0.41800743;
0.5411765;0.49044585;0.5690377;0.6474359;0.7058824;0.74788135;0.78142077;0.8064516;0.8235294;0.83419025;0.8482353;0.8614393;0.8725296;0.88132477;0.8859574;0.88969404;0.8895659;0.8935554;0.89699864;0.9023286;0.9062885;0.91005915;0.9135593;0.91716295;0.91792995;0.9207378;0.9191387;0.9215505;0.9200179;0.92022425;0.92262894;0.92282957;0.9246016;0.9252548;0.92690057;0.9286728;0.9303208;0.9299899;0.9315564;0.9335038;0.93442106;0.9354839;0.93627894;0.9368019;0.9373923;0.936218;0.93597144;0.9355448;0.9361141;0.9373057;0.93765837;0.93866867;0.9396911;0.93983155;0.94031614;0.93941504;0.9402372;0.93992853;0.93939394;0.9401081;0.94058985;0.94110274;0.94209445;0.94263786;0.94305056;0.94288516;0.94341445;0.94286805;0.9437465;0.94366455;0.94443434;0.94499373;0.9442867;0.9438892;0.9446271;0.9453832;0.9461098;0.94688797;0.94748074;0.94814456;0.9487344;0.94931895;0.94986683;0.9504874;0.9509278;0.9514416;0.9520312;0.95262766;0.9531204;0.9536232;0.9542203;0.9547703;0.95450103;0.95500344;0.9554888;0.9550136;0.9554542;0.9558569;0.95624673;0.9559765;0.95524514;0.95543605;0.95591587;0.9563198;0.9566679;0.95705295;0.957478;0.95789474;0.9582484;0.95860595;0.9590058;0.9593078;0.95963347;0.95995855;0.96035993;0.9607356;0.9610433;0.96137625;0.96168244;0.9620046;0.96238244;0.96264493;0.9629984;0.963264;0.963522;0.96378773;0.9640644;0.96432966;0.96467006;0.96495116;0.96522784;0.9655172;0.96579516;0.9660885;0.9663052;0.9663591;0.9665839;0.9668278;0.9670309;0.96724993;0.96751136;0.96778053;0.96801317;0.9682338;0.968477;0.9686829;0.96889716;0.96910036;0.96930635;0.9695122;0.96970487;0.96995705;0.9701569;0.97033143;0.9705412;0.97073823;0.970894;0.9710863;0.97124076;0.97141457;0.9715748;0.97176737;0.97194165;0.9721049;0.9715846;0.97175676;0.9716989;0.9717194;0.97187454;0.97203225;0.97218615;0.9723404;0.97252;0.9726911;0.9728621;0.97302103;0.973186;0.9733216;0.97347903;0.97363466;0.9737941;0.9739311;0.9740648;0.9742082;0.97435534;0.9744973;0.9746306;0.9747783;0.9749242;0.9750599;0.97520775;0.9753538;0.9754915;0.97562444;0.9757624;0.97587806;0.9760021;0.97610295;0.97623247;0.9763621;0.97646904;0.97659314;0.9767055;0.97682416;0.9769445;0.9770579;0.9771701;0.9772954;0.9773941;0.9770044;0.9771232;0.97687507;0.9763238;0.9762424;0.97590727;0.97541773;0.97539365;0.9755036;0.9756242;0.97572356;0.9757159;0.9755355;0.9756453;0.9757541;0.9758479;0.9759549;0.9760623;0.9761579;0.9762662;0.97635615;0.97644806;0.9765432;0.9766598;0.97675455;0.97683185;0.9769201;0.97702414;0.97712094;0.9772033;0.9772925;0.9773895;0.9773658;0.9774045;0.9772363;0.97732717;0.97740054;0.97749007;0.97759193;0.97767645;0.9777604;0.97786325;0.9779309;0.97801405;0.9781168;0.9782008;0.97828746;0.97836465;0.9784696;0.9785542;0.9786359;0.9787287;0.9788102;0.97889626;0.9789806;0.9790622;0.9788922;0.9789807;0.97906244;0.97913134;0.9791938;0.97927284;0.9793454;0.97940654;0.97947717;0.97954726;0.9796246;0.97970235;0.9797681;0.97983813;0.9799049;0.9798969;0.97996944;0.9800516;0.9801203;0.9801813;0.98025084;0.9803173;0.9803717;0.98044264;0.9805122;0.98058647;0.9806567;0.9807256;0.9807854;0.9807726;0.980837;0.9808892;0.9809503;0.98101515;0.98107296;0.981137;0.9812046;0.98125565;0.98132247;0.9813816;0.9814459;0.98150826;0.98157406;0.9816293;0.9816904;0.98174495;0.9818045;0.98187274;0.98192847;0.98198533;0.9820404;0.98209286;0.9821451;0.9822057;0.9822652;0.9823171;0.9823701;0.9824221;0.98247594;0.982535;0.98259234;0.98264027;0.9826893;0.9827463;0.98279953;0.9828578;0.9829157;0.98296124;0.9830025;0.98305017;0.9831048;0.9831519;0.98320657;0.9832531;0.98330265;0.9833531;0.98340774;0.98345566;0.983504;0.9835545;0.98360777;0.9836546;0.9836987;0.98374623;0.9837898;0.9838308;0.9838799;0.98392284;0.98396784;0.9840214;0.98407;0.9841142;0.9841565;0.9842111;0.98425967;0.9843085;0.98435193;0.9843885;0.98443425;0.9844776;0.98452616;0.9845723;0.9846088;0.9846512;0.98468685;0.98472506;0.98476464;0.9848046;0.9848506;0.9848932;0.9849309;0.98496425;0.98500776;0.9850366;0.9850828;0.9851114;0.98511285;0.9851544;0.98515826;0.9850246;0.98500305;0.9848342;0.9844727;0.9843787;0.9842757;0.9842509;0.9839923;0.98370016;0.9836044;0.98328763;0.9832318;0.983272;0.98331255;0.9832342;0.9832686;0.983149;0.9830965;0.9829702;0.98301744;0.9830618;0.9831004;0.9831378;0.9831707;0.9832083;0.98325586;0.9832968;0.9833413;0.98337704;0.9832897;0.98311424;0.983154;0.9831909;0.9832308;0.9832747;0.9833152;0.98335195;0.9833926;0.983428;0.98346674;0.9835038;0.98354226;0.9835815;0.9836116;0.9836495;0.9836897;0.9837228;0.9837642;0.98379844;0.98383015;0.98366416;0.9836738;0.98365456;0.9836911;0.98370165;0.9837379;0.9836818;0.98363805;0.9836433;0.98368126;0.98368305;0.98368865;0.9836061;0.9834971;0.98353356;0.9835709;0.98360324;0.98364305;0.9836784;0.98371035;0.98374265;0.9837813;0.98381746;0.983848;0.98388565;0.98392135;0.98396194;0.9840041;0.98403656;0.9840707;0.98410606;0.9841332;0.9841656;0.98420185;0.98423356;0.9842673;0.9840195;0.9838888;0.98393106;0.9839398;0.98397076;0.9839192;0.9838736;0.9839093;0.9839422;0.9839732;0.9839998;0.9840358;0.9840699;0.98409396;0.9841257;0.984162;0.98419684;0.98423195;0.9842678;0.98429585;0.98424524;0.98427206;0.9843058;0.9843378;0.98437047;0.98440343;0.9844342;0.98446727;0.98450345;0.9845322;0.98457247;0.98459977;0.98463017;0.9846584;0.9846882;0.98471785;0.98474544;0.98477525;0.984782;0.9848085;0.9847842;0.98481834;0.984845;0.98487085;0.98487806;0.98491293;0.9849411;0.98497343;0.9850014;0.9850383;0.9850705;0.98510146;0.9851283;0.98510474;0.98513734;0.98516166;0.98519105;0.98522145;0.98525095;0.98528033;0.9853136;0.98533916;0.9853654;0.98538864;0.98541605;0.9854427;0.98546606;0.9854956;0.98552585;0.985551;0.9855806;0.9856091;0.9856336;0.9856636;0.9856907;0.9857194;0.98574525;0.9857727;0.98579705;0.98581827;0.9858431;0.9858709;0.9858979;0.98592114;0.985942;0.98596704;0.9859933;0.986014;0.98603815;0.9860642;0.9860869;0.9861147;0.9861388;0.9861619;0.9861846;0.98620754;0.9862323;0.986256;0.9862813;0.9863061;0.98633176;0.9863536;0.9863728;0.98639953;0.98641896;0.98644114;0.9864623;0.98648375;0.9865063;0.98652756;0.986419;0.9864413;0.98646617;0.9864934;0.98652;0.9865021;0.9865276;0.986542;0.9865632;0.9865876;0.9866107;0.9866293;0.98664993;0.9866725;0.9866974;0.98672247;0.9867425;0.986766;0.9866809;0.9867018;0.9867275;0.9867482;0.9867723;0.98679405;0.9868168;0.98684126;0.98685855;0.9868766;0.9868974;0.9869204;0.98693997;0.9869587;0.9869823;0.98700196;0.98702294;0.9870444;0.9870639;0.9870207;0.9870223;0.9870431;0.98697525;0.9869974;0.98701733;0.98703825;0.98705643;0.98707616;0.98709935;0.98712134;0.9871449;0.9871641;0.9871845;0.9872052;0.98722523;0.9872455;0.9872686;0.98728746;0.98730594;0.9873273;0.98734516;0.987365;0.9873854;0.98738426;0.9874022;0.98742163;0.9874018;0.9874242;0.987446;0.98746854;0.9874902;0.9875108;0.98753035;0.98747146;0.987451;0.9873675;0.9873882;0.98740697;0.987426;0.987444;0.98746383;0.98748124;0.9875015;0.98752195;0.9875411;0.9874435;0.9872668;0.987283;0.9873012;0.987319;0.9873388;0.9873556;0.98737574;0.98739463;0.987413;0.98743004;0.9874125;0.98742974;0.9874494;0.98746634;0.9874858;0.98750526;0.98752373;0.9875402;0.98755664;0.9875742;0.9875934;0.98761016;0.9876278;0.987648;0.9876677;0.98768467;0.98770076;0.9877016;0.9876641;0.9876819;0.9876388;0.9876198;0.9875979;0.9875989;0.98759735;0.98748744;0.98746765;0.98742956;0.9874109;0.9873143;0.98723555;0.9872371;0.9871087;0.98696196;0.9868707;0.9868346;0.98665196;0.986654;0.9865807;0.98651093;0.98647565;0.9863853;0.98635024;0.986204;0.9862044;0.9860597;0.98597056;0.9859547;0.98591954;0.98581547;0.9857976;0.98579675;0.9857979;0.98581547;0.985802;0.98582286;0.9858441;0.98586327;0.9858799;0.9858982;0.98591775;0.9859362;0.9859591;0.98597753;0.9859993;0.9860168;0.98603654;0.9860552;0.9860765;0.9860938;0.98611355;0.98613054;0.9861473;0.98616344;0.98618203;0.986201;0.98621875;0.98623693;0.9862524;0.9862741;0.9862926;0.9863139;0.98633254;0.9863497;0.9863692;0.98638535;0.98640305;0.9864222;0.9864424;0.9864588;0.9864759;0.9864957;0.9865113;0.98652595;0.986542;0.98655975;0.9865766;0.9865923;0.98660815;0.98662686;0.98663837;0.98665744;0.98667383;0.9866917;0.9867073;0.98672223;0.9867396;0.9867542;0.986771;0.98678553;0.9868027;0.9868207;0.9867539;0.986771;0.9867872;0.98680514;0.9868232;0.9868406;0.98685855;0.9868754;0.98686093;0.986876;0.98689234;0.98691034;0.98692703;0.9869439;0.9869584;0.9869743;0.9869925;0.98700666;0.98702186;0.98703885;0.98705626;0.98707193;0.9870891;0.9871053;0.98712003;0.9871387;0.98715335;0.9871692;0.98718625;0.98720205;0.98721516;0.98723143;0.98724896;0.9872632;0.9872792;0.98729414;0.9873131;0.9873269;0.98734176;0.98735297;0.9873664;0.9873801;0.98739463;0.9874079;0.98742276;0.9874366;0.9874541;0.98746926;0.98748064;0.9874947;0.987508;0.9875218;0.987537;0.9875529;0.9875684;0.987584;0.98760056;0.98761666;0.9876331;0.9876486;0.9876625;0.9876794;0.9876923;0.9877057;0.98772085;0.98773926;0.98775375;0.9877694;0.9877857;0.98780227;0.9878166;0.9878294;0.9878423;0.9878545;0.9878663;0.98788023;0.98789454;0.98790646;0.98792106;0.9879349;0.98794615;0.98796105;0.9879743;0.98798853;0.9880019;0.9880157;0.98803073;0.98804706;0.9880599;0.98807377;0.9880864;0.9881;0.9881124;0.9881258;0.98814094;0.9881541;0.9881672;0.98818004;0.9881938;0.9882072;0.9882206;0.988236;0.98824894;0.9882346;0.9882472;0.98825854;0.9882726;0.9882873;0.9883012;0.988316;0.9883281;0.9883417;0.98835367;0.98836803;0.9883822;0.98839635;0.9884089;0.98841995;0.9884323;0.9884438;0.9884556;0.9884535;0.9884521;0.98843664;0.9883336;0.98834777;0.98827684;0.9882741;0.9882311;0.98824453;0.9882577;0.9882718;0.98828524;0.9882972;0.9883098;0.9883217;0.98833776;0.98834974;0.9883627;0.98837703;0.9883898;0.9884053;0.98841584;0.9884272;0.9884391;0.9884512;0.9884628;0.98847526;0.9884892;0.9885019;0.98851264;0.98852587;0.98853564;0.9885469;0.98855805;0.98857135;0.98858213;0.9885944;0.9886081;0.98861957;0.9886306;0.9886442;0.98865545;0.9886688;0.9886822;0.9886948;0.9887071;0.9887178;0.9887306;0.9887427;0.9887541;0.9887667;0.98877823;0.98879045;0.9888025;0.9888142;0.988824;0.98883533;0.98884714;0.9888595;0.98887104;0.9888817;0.9888923;0.9889046;0.98891604;0.98892796;0.9889412;0.9889527;0.98896396;0.9889744;0.988985;0.98899794;0.9890079;0.98901874;0.9890301;0.9890406;0.98905253;0.9890624;0.98907214;0.9890818;0.9890903;0.9891013;0.9891136;0.9891241;0.98913515;0.98914415;0.9891557;0.9891676;0.98913854;0.98897886;0.9888852;0.9888187;0.9883212;0.98820335;
0.597561;0.54605263;0.5;0.5310559;0.53634083;0.55798686;0.56143665;0.59401;0.62354654;0.64192706;0.6451613;0.66263735;0.6608961;0.66886795;0.6784452;0.68026644;0.69668245;0.71332836;0.7234795;0.7355316;0.7466151;0.75815386;0.7680989;0.7780282;0.7867965;0.79447055;0.8016113;0.8067186;0.80990565;0.81466305;0.8152078;0.82020545;0.82579845;0.83057684;0.8356164;0.8407885;0.8446745;0.8490837;0.85299265;0.8570942;0.86013985;0.86341465;0.866878;0.86980784;0.87295824;0.8753709;0.8781196;0.8805121;0.8828779;0.88546497;0.8875201;0.8898505;0.8919753;0.89375156;0.8958592;0.8977107;0.8994975;0.90108335;0.90268767;0.9043934;0.9060193;0.90744823;0.9089332;0.91023725;0.9116905;0.91307944;0.9143382;0.91537374;0.9167327;0.91808075;0.91929287;0.9205298;0.9214513;0.92270887;0.9238026;0.92474467;0.92576885;0.926676;0.9275112;0.9283399;0.9293286;0.9302094;0.9311475;0.9319728;0.9328215;0.9336493;0.9344774;0.93523514;0.93602437;0.93677557;0.9375;0.93816257;0.9387666;0.9394289;0.9401027;0.9406612;0.9411929;0.94174755;0.9424184;0.94305855;0.9436014;0.94414896;0.94463485;0.9451554;0.9456311;0.9461262;0.9466531;0.9471366;0.94758517;0.94812894;0.94853574;0.9489734;0.9493549;0.9497307;0.9500832;0.95049506;0.95091164;0.95127046;0.95161474;0.9520009;0.9524723;0.9524821;0.9527821;0.95242804;0.9526976;0.9530912;0.9532139;0.9535676;0.9536186;0.9537542;0.95408744;0.9542079;0.9545501;0.9548459;0.9551198;0.95548874;0.9558033;0.9561568;0.9565005;0.9568429;0.9571635;0.957455;0.9576578;0.9579506;0.95823145;0.9585318;0.9587514;0.9590141;0.9592623;0.95956284;0.9597972;0.9598921;0.9601928;0.9604855;0.9607256;0.9609594;0.96119374;0.96144205;0.9616707;0.9619129;0.9621585;0.9624263;0.96265596;0.9628705;0.9630611;0.963268;0.9634965;0.96372217;0.9627651;0.962963;0.96319115;0.9634078;0.96363926;0.96389323;0.96411294;0.96431065;0.9645581;0.96477795;0.96497905;0.9651357;0.96535623;0.96555084;0.96574324;0.965936;0.9661291;0.9663028;0.9664699;0.96663284;0.9668038;0.96698487;0.96715695;0.96732026;0.96747506;0.9676444;0.96782094;0.9679777;0.96814185;0.9683152;0.9684888;0.9686478;0.9687776;0.9689273;0.9688004;0.9687521;0.9687209;0.96887416;0.9690443;0.96920055;0.96936315;0.9694924;0.96961665;0.9697496;0.9698988;0.9700427;0.9701871;0.9703302;0.97048295;0.970625;0.970773;0.97089964;0.9710145;0.97114974;0.9709242;0.97103566;0.97117424;0.97129935;0.9714011;0.9715311;0.97165656;0.9717708;0.9718942;0.9720033;0.9721165;0.97224164;0.9723625;0.9724903;0.9724253;0.97256744;0.9723489;0.9724036;0.972489;0.9725896;0.97269106;0.972807;0.9729038;0.9730119;0.9731296;0.9732329;0.9733355;0.97345614;0.9735685;0.97368705;0.97380173;0.9739126;0.9740142;0.97412467;0.97422874;0.9743387;0.97446114;0.9745546;0.9746288;0.9747524;0.97485024;0.97494596;0.97506016;0.97516066;0.9752817;0.97537667;0.97548574;0.9755804;0.97566336;0.97574943;0.975848;0.97593755;0.97601813;0.9761298;0.9762184;0.9762983;0.97637415;0.97646207;0.97654593;0.97662926;0.97669524;0.9767808;0.9768481;0.97694236;0.97703046;0.97710925;0.9771918;0.97726846;0.9773478;0.97742236;0.97749645;0.977568;0.97764415;0.97768426;0.9777636;0.97784436;0.97790956;0.97797537;0.9780605;0.9781342;0.9782016;0.97827053;0.9783429;0.97842234;0.9785022;0.9785815;0.97864985;0.9787197;0.97878355;0.97883415;0.97860384;0.9786253;0.97868866;0.9787608;0.97883147;0.97889274;0.978967;0.979031;0.9790973;0.9791667;0.9792295;0.97919714;0.97925603;0.97931725;0.97937036;0.9794249;0.97949606;0.97957176;0.97963774;0.97969997;0.97976434;0.97982335;0.9798877;0.97994685;0.98001045;0.98007125;0.9801364;0.9801854;0.980242;0.98030454;0.9803535;0.9804145;0.9804675;0.9805263;0.9805727;0.98062485;0.98068196;0.98073727;0.98079073;0.9808469;0.9809086;0.98096985;0.9810184;0.9810747;0.98112494;0.98117983;0.98124295;0.9812972;0.981342;0.9813943;0.9814456;0.9814918;0.98153436;0.98158145;0.9816358;0.98168916;0.98174155;0.9817896;0.9818407;0.98189485;0.9819421;0.98198783;0.98203593;0.9820812;0.98212105;0.9821786;0.9822282;0.98227507;0.9823279;0.9823723;0.98238;0.9824222;0.9824709;0.9825066;0.98255426;0.9825957;0.98264104;0.98268986;0.98273534;0.9827818;0.9828257;0.98286575;0.98290277;0.9829524;0.9829966;0.98279905;0.9828411;0.98288226;0.982925;0.98296523;0.9829996;0.98304117;0.98308146;0.9831238;0.98316866;0.98321056;0.9832467;0.98328763;0.9833229;0.9833624;0.9834022;0.98344296;0.98348886;0.98352975;0.9835741;0.9836076;0.9836495;0.98368794;0.9837299;0.9837685;0.9837068;0.9837458;0.9837846;0.98382795;0.9838684;0.9839082;0.9839427;0.98397607;0.9840138;0.9840514;0.98409224;0.984124;0.98416305;0.98419845;0.9842327;0.98427653;0.9843095;0.98434424;0.98438174;0.9844214;0.9844547;0.9844921;0.98452324;0.98455936;0.98459256;0.9845638;0.9846024;0.98464036;0.98467904;0.9847056;0.9847394;0.9847717;0.9848061;0.984839;0.9848723;0.9849027;0.9849356;0.98497146;0.98500323;0.9850423;0.9850716;0.9851025;0.98513585;0.98516905;0.98520386;0.985241;0.9852691;0.9852971;0.9853258;0.9853586;0.9853917;0.98541707;0.9854474;0.985478;0.9855085;0.9855437;0.98557884;0.98560685;0.9856372;0.9856626;0.9856915;0.98572344;0.98574895;0.9857787;0.9858079;0.98583704;0.985868;0.9858957;0.9859252;0.985955;0.9859835;0.98600614;0.9860337;0.9860611;0.98597956;0.98595184;0.98595065;0.98597723;0.9860079;0.98603433;0.9860633;0.98608947;0.9861197;0.98614717;0.9861756;0.98601973;0.986045;0.98604405;0.9858834;0.985914;0.9859456;0.9859674;0.98599136;0.98602337;0.98604566;0.986073;0.98610026;0.98613065;0.9861573;0.98618203;0.9862067;0.986237;0.9862661;0.9862929;0.98631966;0.9863449;0.9863714;0.98639715;0.98642313;0.98644453;0.9864707;0.98649436;0.9865166;0.9865431;0.98656684;0.98659426;0.98662484;0.9866493;0.98667735;0.9867036;0.9867334;0.98675615;0.98677814;0.9867978;0.9868226;0.9868457;0.9868713;0.98689616;0.9869193;0.9869395;0.9869704;0.9869956;0.98702055;0.9870439;0.9870637;0.98708785;0.9871091;0.9871343;0.9871566;0.98718137;0.9872056;0.9872262;0.9872519;0.98727226;0.9872956;0.98731434;0.9873388;0.98729163;0.9873151;0.9873364;0.9873567;0.9873796;0.987401;0.9874252;0.98745024;0.9874702;0.98749214;0.9875172;0.98753893;0.9875592;0.98757565;0.98759747;0.98761725;0.9876409;0.9876617;0.98768413;0.9877064;0.9877222;0.9877424;0.98776454;0.9877854;0.9878027;0.98782176;0.9878403;0.9878588;0.9878769;0.9878974;0.98791623;0.9879361;0.98795533;0.9879726;0.98799205;0.98801136;0.9880309;0.98805094;0.98807114;0.988091;0.98810923;0.9881321;0.98815393;0.98817456;0.98819304;0.9882164;0.98823476;0.9882518;0.9882706;0.98828775;0.9883069;0.9883242;0.9883422;0.988362;0.9883809;0.9884018;0.9884181;0.98843604;0.9884587;0.9884768;0.9884959;0.9885139;0.98853475;0.9885517;0.98857164;0.9885914;0.98860836;0.98862624;0.98864263;0.9886609;0.9886798;0.98870057;0.988716;0.98873526;0.9887525;0.9887666;0.98878217;0.9887983;0.988814;0.98883146;0.98884636;0.9888637;0.98888266;0.9889022;0.9889162;0.9889329;0.988945;0.9889635;0.9889821;0.9889986;0.9890166;0.989031;0.98902893;0.9890464;0.9890629;0.98907804;0.9890978;0.9891172;0.9891337;0.98914933;0.9891644;0.98917776;0.9891943;0.989211;0.9892253;0.98924;0.9892598;0.9892765;0.98929447;0.98931044;0.98932534;0.98934186;0.98935705;0.9893712;0.98938715;0.98940283;0.98941976;0.98943514;0.9894505;0.98946726;0.98948276;0.9894998;0.98951256;0.98952603;0.98954153;0.9895556;0.9895714;0.98958594;0.9896003;0.98960996;0.98962617;0.9896398;0.98965216;0.9896665;0.9896824;0.98969686;0.9897119;0.98972684;0.9897404;0.9897552;0.9897716;0.98978776;0.98980093;0.98981565;0.98983014;0.98984456;0.989857;0.98987114;0.98988587;0.98990124;0.98991585;0.9899297;0.9899457;0.9899596;0.989972;0.989986;0.98999923;0.990013;0.9900282;0.9900414;0.9900563;0.990071;0.990086;0.9900981;0.9901107;0.9901249;0.9901385;0.99015564;0.99016863;0.99018157;0.9901937;0.99020714;0.9902218;0.99023634;0.9902514;0.9902087;0.99022144;0.99023384;0.9902467;0.99025816;0.99027044;0.9902809;0.9902953;0.9903061;0.9903198;0.99033105;0.990343;0.99035525;0.99036765;0.99038;0.99039215;0.9904017;0.9904148;0.9904293;0.990443;0.9904545;0.9904686;0.9904794;0.9904916;0.99050397;0.9905175;0.9905113;0.9905229;0.9905365;0.99054843;0.99055994;0.99057144;0.9905821;0.9905941;0.99060714;0.99061906;0.9906309;0.99064416;0.99065614;0.99066806;0.99067914;0.9906915;0.9907021;0.9907139;0.9907255;0.9907363;0.9907498;0.99076253;0.9907761;0.990771;0.9907829;0.99079657;0.9908098;0.9908215;0.9908327;0.99084395;0.99085647;0.99086756;0.99087805;0.99088955;0.99090147;0.99091333;0.990924;0.9909345;0.9909455;0.9909573;0.99096864;0.9909814;0.9909911;0.991001;0.9910138;0.99102426;0.9910349;0.9910465;0.99105775;0.99106807;0.9910782;0.99109185;0.9911012;0.9911118;0.9911223;0.99113077;0.99114364;0.9911552;0.9911669;0.9911778;0.9911876;0.9911664;0.99117744;0.9911873;0.9911964;0.9912068;0.991216;0.9912267;0.99123657;0.99124724;0.9912567;0.99126804;0.99119794;0.99120885;0.99122006;0.9912303;0.99123985;0.9912506;0.99125993;0.99126893;0.99127936;0.99128985;0.9913002;0.9913123;0.99132055;0.99133056;0.9913396;0.99135077;0.9913621;0.9913709;0.99138105;0.9913916;0.9914016;0.991413;0.99142414;0.9914326;0.9914421;0.99145234;0.99146175;0.9914718;0.9914802;0.9914894;0.99149776;0.9915076;0.99151754;0.9915286;0.99153703;0.9915472;0.9913891;0.9913981;0.9914084;0.9914184;0.99142855;0.9914386;0.9914476;0.9914564;0.9914663;0.9914762;0.9914846;0.9914939;0.9915037;0.99151325;0.9915214;0.9915317;0.9915419;0.9915521;0.9915613;0.99156946;0.99157894;0.9915878;0.9915989;0.9916081;0.9916169;0.9916117;0.99161977;0.99162924;0.9916392;0.9916472;0.99165577;0.99166715;0.9916012;0.9916081;0.9916179;0.99149644;0.99149084;0.9915009;0.99148107;0.9913882;0.9913977;0.99137807;0.99131507;0.9912218;0.99123067;0.9912409;0.9912515;0.9912602;0.99126875;0.99127674;0.99128574;0.99129564;0.99130344;0.99131244;0.9913196;0.99133015;0.9913404;0.9913513;0.9913614;0.99136925;0.9913792;0.9913869;0.9913964;0.99140567;0.9914144;0.9914246;0.99143463;0.991443;0.9914509;0.99146116;0.9914717;0.9914793;0.9914874;0.99149585;0.9915056;0.9915146;0.99152446;0.99153394;0.99154204;0.99155265;0.99156076;0.9915684;0.9915762;0.9915865;0.9915963;0.9916069;0.99161595;0.99162334;0.99163103;0.99164003;0.9916481;0.9916564;0.9916646;0.991672;0.9916802;0.99168795;0.99169564;0.9917035;0.9917131;0.9917217;0.99173063;0.99173874;0.9917469;0.99175566;0.9917637;0.9917711;0.99178076;0.9917892;0.9917973;0.9918042;0.9917442;0.99175256;0.99176157;0.99177146;0.9917809;0.9917478;0.991674;0.99168193;0.99169075;0.99169874;0.99170667;0.9917151;
0.3880597;0.3943662;0.4028436;0.5122807;0.57336956;0.5986079;0.64811134;0.64675766;0.65029764;0.6793693;0.67478687;0.6960784;0.6969697;0.70280373;0.71254355;0.72637635;0.73545384;0.75054705;0.7584541;0.75968486;0.7658109;0.7739808;0.78064144;0.7892157;0.7920585;0.79819727;0.8056758;0.81154734;0.8158602;0.8211806;0.8265993;0.8314239;0.83696085;0.84250766;0.84666914;0.8507787;0.85518456;0.8590489;0.8623915;0.86610335;0.8694136;0.87189054;0.87359124;0.87139887;0.87361676;0.87446624;0.87611854;0.8775343;0.8797961;0.882538;0.88444674;0.88646734;0.88841844;0.89051807;0.89235944;0.8944143;0.8965119;0.8985737;0.9005108;0.9020122;0.90373874;0.90516514;0.9061583;0.9076289;0.90921986;0.9103462;0.91168934;0.9127726;0.9141433;0.9153759;0.9165269;0.91764706;0.918708;0.9198856;0.92102945;0.9220463;0.9231429;0.9240292;0.92507106;0.9259259;0.926881;0.92793953;0.9287305;0.9296372;0.930424;0.9310451;0.9321109;0.9326214;0.93351144;0.93426263;0.93495935;0.9356692;0.93636364;0.9369813;0.9376912;0.9384192;0.9389978;0.9396145;0.9401949;0.94070154;0.94140726;0.9419162;0.94245344;0.94295174;0.9434843;0.9439229;0.94432014;0.9448004;0.9453858;0.94590676;0.9463602;0.94688165;0.9473127;0.9477185;0.9481602;0.94850576;0.94888765;0.9493098;0.94972503;0.95016134;0.95054096;0.95089334;0.95132023;0.9516929;0.9521827;0.9525675;0.9529955;0.9533188;0.9536951;0.95405126;0.9544484;0.95477486;0.9551102;0.95543617;0.95574874;0.9560181;0.9563012;0.95658076;0.9568899;0.9571988;0.95745087;0.95779157;0.95811516;0.95832944;0.9586334;0.95895934;0.9592838;0.9595449;0.9598602;0.9601884;0.96046245;0.9603856;0.96065116;0.9608827;0.96117175;0.9614071;0.96163315;0.9618533;0.9620901;0.96232074;0.96260446;0.96284115;0.96308094;0.9633236;0.96354544;0.96376175;0.96401846;0.9642744;0.9644989;0.96473986;0.9649286;0.9650911;0.96529484;0.96546984;0.9656978;0.96589196;0.96607625;0.9662586;0.96643645;0.9666445;0.96681595;0.96701455;0.96719646;0.9673717;0.96756136;0.96770966;0.96789086;0.9680633;0.96823835;0.9684115;0.96859366;0.9687435;0.9689091;0.96907073;0.96921194;0.96938705;0.96953154;0.96969086;0.9698405;0.96997875;0.9701117;0.9702436;0.9703995;0.9705365;0.9706741;0.970818;0.9709959;0.971144;0.9712815;0.9714051;0.97152936;0.97166854;0.9718011;0.97190803;0.9720366;0.97217435;0.9723192;0.9724693;0.9726044;0.9727218;0.97284794;0.9729665;0.97310007;0.9732212;0.9733396;0.9734368;0.9735595;0.9736842;0.9737956;0.9738879;0.9739961;0.9741078;0.97422886;0.9743386;0.97444886;0.97457534;0.97467786;0.9747979;0.97489727;0.97501105;0.9751142;0.97521794;0.975314;0.97541606;0.97550535;0.9756111;0.97570676;0.9757823;0.97586113;0.97564477;0.9757428;0.9758388;0.97592896;0.976041;0.9761222;0.9762177;0.976305;0.97639906;0.97647303;0.9765597;0.97664934;0.9767442;0.97683126;0.97692114;0.9769849;0.9770805;0.97716624;0.9772547;0.97734916;0.9774395;0.9775347;0.97762907;0.9777237;0.9778058;0.9778883;0.97797227;0.9780599;0.9781457;0.978234;0.97829384;0.9783687;0.97845113;0.9785218;0.97859514;0.9786639;0.9787234;0.978811;0.9788648;0.9789425;0.97899854;0.97907144;0.97914106;0.97921205;0.9792807;0.9793489;0.97941667;0.9794812;0.9795426;0.97961456;0.9796887;0.9797578;0.97982025;0.97989553;0.97996676;0.980027;0.9800999;0.9801577;0.9802177;0.98028326;0.9803391;0.9803913;0.98045576;0.9805289;0.98059404;0.9806629;0.98072875;0.9807894;0.980848;0.98091984;0.9809848;0.9810438;0.9811033;0.9811647;0.9812272;0.98128396;0.98134494;0.9813972;0.98145825;0.9815144;0.9815679;0.9816212;0.98167044;0.981718;0.98176754;0.9818182;0.9818707;0.9819301;0.98197913;0.9820364;0.9820884;0.9821387;0.9821866;0.9822322;0.9822838;0.9823343;0.9823853;0.98243463;0.9824749;0.9825264;0.98257625;0.98262453;0.9826771;0.982732;0.98278004;0.9828323;0.9828772;0.98292446;0.98296577;0.98301315;0.9830483;0.983089;0.98313385;0.98317724;0.9832173;0.9832682;0.9833133;0.9833618;0.9833708;0.9833068;0.9832445;0.983113;0.98272216;0.98219013;0.9820231;0.9820266;0.98189175;0.98187804;0.9818605;0.9817401;0.98161405;0.981313;0.9811887;0.9809613;0.98083;0.9807459;0.9806583;0.9806725;0.9807223;0.98073757;0.9807232;0.9807417;0.98075485;0.9807986;0.98084795;0.980864;0.98091036;0.9809287;0.98097086;0.9810205;0.9810321;0.9810869;0.981062;0.9810428;0.9809659;0.9809718;0.980912;0.9809571;0.9810025;0.98104715;0.98109275;0.98110145;0.9811394;0.9811809;0.9811899;0.9812371;0.9812229;0.9812584;0.9812612;0.98127174;0.9813194;0.9811704;0.98108244;0.9811273;0.981141;0.9811558;0.9811925;0.98107594;0.98106426;0.9809239;0.9808757;0.98079133;0.9806198;0.9803558;0.9802532;0.980142;0.9801546;0.9801187;0.9801563;0.9801103;0.98014593;0.9801322;0.9800248;0.98003805;0.9799656;0.9800168;0.9799658;0.98001015;0.9800615;0.98011196;0.9801539;0.9801839;0.98022735;0.9802746;0.9803194;0.98036104;0.98034847;0.98039615;0.98037726;0.9804162;0.9804024;0.98020834;0.98025364;0.98029643;0.9803379;0.98037183;0.9804203;0.9804635;0.9805043;0.9805454;0.9805881;0.9806327;0.98067003;0.9807023;0.9807502;0.980792;0.9808346;0.9808728;0.9809124;0.98094386;0.9809874;0.9810313;0.98107135;0.98110753;0.9811467;0.9811852;0.9812178;0.98125756;0.9813028;0.98134166;0.98137325;0.9814088;0.9814447;0.98148;0.98151964;0.9815606;0.9816009;0.981644;0.98167896;0.98171383;0.9817559;0.981792;0.9818269;0.9818114;0.98182255;0.9818514;0.98189026;0.981929;0.9819651;0.98200446;0.9820389;0.98207134;0.9821046;0.98213774;0.982167;0.9822078;0.9822447;0.98227453;0.9823121;0.982344;0.9823812;0.98242146;0.98245746;0.98249024;0.98252505;0.9825611;0.9825926;0.98263276;0.9826639;0.9826924;0.98272514;0.9827569;0.9827872;0.9828187;0.98285097;0.9828836;0.9829198;0.98295385;0.98298985;0.98302436;0.9830555;0.9830814;0.98310727;0.9831418;0.983172;0.9832067;0.98323625;0.9832649;0.9832959;0.98331994;0.9833552;0.98338103;0.9834104;0.9834421;0.98347324;0.9834995;0.98352927;0.9835609;0.98337644;0.9833365;0.98336595;0.9833957;0.98341936;0.98344654;0.9834705;0.98349786;0.98352206;0.9835532;0.98358184;0.98361003;0.9836343;0.98366535;0.9836955;0.9837237;0.9837518;0.9837831;0.98380876;0.98383653;0.9838654;0.9838885;0.983916;0.9839471;0.98397666;0.98400384;0.98402953;0.9840591;0.9840853;0.9841125;0.9841396;0.98415804;0.98418856;0.98421115;0.98423827;0.9842646;0.9842926;0.9843223;0.9843519;0.98437536;0.98440194;0.9843844;0.9844088;0.9844362;0.9844625;0.9844901;0.98451585;0.984546;0.98457295;0.9846001;0.98462754;0.9846566;0.9846865;0.9847076;0.984735;0.98476326;0.9847878;0.98481065;0.9848373;0.9848619;0.98488516;0.9848652;0.98478216;0.9847445;0.9847046;0.9846444;0.984646;0.98467195;0.9846121;0.9846344;0.984656;0.98467785;0.98470056;0.98472327;0.9847485;0.9847733;0.9848003;0.9848284;0.9848561;0.9848831;0.9849059;0.98492926;0.9849544;0.98497665;0.9849774;0.9850024;0.9850285;0.9850502;0.9850694;0.9850968;0.98512167;0.9851425;0.985162;0.9851858;0.98520917;0.9852303;0.98525506;0.9852761;0.9852962;0.9853166;0.9853395;0.9853648;0.98538965;0.98541325;0.9854383;0.9854582;0.9854801;0.9855009;0.9855244;0.98554784;0.98556924;0.98558766;0.9856129;0.9856387;0.9856621;0.98568225;0.9857035;0.9857259;0.98574984;0.9857686;0.9857877;0.9858092;0.985829;0.9858456;0.98586726;0.9858896;0.98591244;0.9859325;0.9859541;0.9859735;0.98599607;0.9860148;0.9860346;0.9860572;0.9860733;0.9860929;0.986114;0.9861373;0.98615557;0.98617095;0.98619133;0.9861907;0.98621255;0.9862357;0.9862537;0.9862733;0.9862923;0.9863094;0.98632884;0.9863487;0.9863693;0.98639005;0.9864118;0.9864304;0.98644876;0.9864723;0.9864908;0.98650765;0.986526;0.98654836;0.9865663;0.9865858;0.98660517;0.9866247;0.98664373;0.98666275;0.9866814;0.9867008;0.98671955;0.98674077;0.9867563;0.9867742;0.986795;0.9868114;0.98683083;0.98684907;0.9868655;0.98688245;0.98690027;0.9869173;0.98693293;0.9869504;0.9869718;0.9869854;0.987002;0.9870172;0.98703325;0.9870511;0.98706967;0.98709023;0.98710865;0.9871263;0.9871412;0.98716056;0.9871788;0.9871965;0.98721236;0.9872318;0.9872507;0.98727;0.9872895;0.9873078;0.9873227;0.98733777;0.98735285;0.98736876;0.9873866;0.9874026;0.987368;0.9873838;0.98736596;0.98738146;0.98734725;0.9873661;0.98738265;0.9872942;0.9873073;0.98732346;0.9873407;0.98735523;0.9873715;0.9873888;0.9874045;0.9874213;0.98743695;0.9874553;0.9874722;0.98749256;0.98750806;0.9875218;0.98753846;0.9875549;0.9875679;0.9875855;0.9876034;0.9876174;0.9876338;0.98764855;0.9876642;0.9876795;0.98769677;0.98771423;0.9877251;0.98774016;0.98775625;0.9877385;0.98773557;0.98771685;0.9876182;0.98761827;0.987452;0.9872209;0.9871708;0.98679173;0.9867082;0.9865126;0.98647654;0.98637575;0.98627764;0.9860506;0.9858721;0.98569757;0.9856476;0.98529196;0.98499984;0.98448706;0.98428047;0.98410547;0.98360604;0.98337096;0.98275113;0.98209864;0.981639;0.9810846;0.98058146;0.9801858;0.97945815;0.9788829;0.9781473;0.97756636;0.97697294;0.9764773;0.9759628;0.97539115;0.97477067;0.97405756;0.97327024;0.9724998;0.9715419;0.97077686;0.97005576;0.9695259;0.9689811;0.96837544;0.96787757;0.967412;0.966883;0.96637005;0.96569705;0.9652911;0.96460724;0.9643228;0.96405286;0.96396464;0.96375245;0.9633015;0.96288127;0.9625533;0.96213496;0.9616744;0.96133184;0.96080714;0.96011704;0.9597075;0.95906234;0.957892;0.95693266;0.9561596;0.9550625;0.95386904;0.95276153;0.95178807;0.9507889;0.94966084;0.9486924;0.9478849;0.9468787;0.9461732;0.9456171;0.9450264;0.9444153;0.94375646;0.9428422;0.9419798;0.94077355;0.93972725;0.93873847;0.937684;0.9369513;0.9360114;0.9349044;0.9340046;0.9330375;0.9320173;0.93097186;0.9298054;0.92864186;0.9277268;0.9267182;0.9257525;0.92484313;0.92374605;0.92280006;0.9216944;0.9208198;0.9199335;0.9186072;0.9174315;0.9164717;0.91538113;0.91441244;0.9131549;0.91228324;0.91130793;0.9106238;0.9096783;0.90881324;0.90779305;0.9067621;0.90588963;0.9048111;0.9039035;0.9028555;0.9019389;0.9009341;0.89997005;0.89903796;0.898162;0.89724666;0.89614224;0.89526486;0.8945794;0.8939662;0.89304554;0.89220273;0.89148295;0.89080036;0.8898669;0.88913435;0.8882736;0.8873384;0.8868819;0.88613373;0.88544;0.8847084;0.88388366;0.88295126;0.8820652;0.8812471;0.8802298;0.87945914;0.87867725;0.8777633;0.87704563;0.8761957;0.87521434;0.8742472;0.8732581;0.87229526;0.8712746;0.8703813;0.8694129;0.8684824;0.86749446;0.8665325;0.86565554;0.8648512;0.8639776;0.8629881;0.86215353;0.86122674;0.8604073;0.85946095;0.85858655;0.8577488;0.8568315;0.85606664;0.8552569;0.85450643;0.85361904;0.85265315;0.8517123;0.85056776;0.8497228;0.84887946;0.84802645;0.8472988;0.8465396;0.8457479;0.84488994;0.8441801;0.84330285;0.8425284;
0.5538462;0.5620915;0.5125;0.51265824;0.5;0.49250534;0.49628252;0.4819079;0.47612157;0.4751309;0.45649582;0.4510451;0.44444445;0.44266918;0.43926057;0.4321192;0.4387352;0.44907063;0.4501767;0.4580818;0.46449137;0.4709835;0.47402218;0.4823727;0.49919224;0.50494534;0.5119641;0.5189995;0.5307728;0.5356662;0.5370611;0.5416667;0.5496743;0.5606299;0.5694551;0.57755405;0.57885176;0.58471876;0.59072024;0.5934658;0.6019035;0.6081124;0.61461586;0.6178986;0.6188193;0.61805964;0.6231055;0.6290277;0.63347054;0.6321592;0.63363206;0.6367876;0.6361794;0.6365896;0.63305664;0.63114953;0.63174075;0.6278152;0.62528527;0.62379783;0.6248349;0.62278044;0.61732084;0.6132155;0.61198676;0.61212367;0.6118381;0.6068733;0.60411364;0.6002702;0.5969524;0.5906959;0.5871814;0.5810442;0.57630163;0.5688252;0.56182325;0.5557091;0.5494449;0.54231286;0.5353636;0.52798295;0.52291936;0.51604104;0.5095027;0.50312793;0.49652725;0.49069554;0.48595166;0.47971967;0.47455376;0.46922404;0.4644146;0.45989993;0.45431435;0.44986716;0.44501314;0.4407453;0.4363217;0.43192804;0.42728117;0.42351237;0.419317;0.41509676;0.4112759;0.40726674;0.40328443;0.39923057;0.39540315;0.3921736;0.387824;0.38379863;0.38057494;0.37731645;0.37406978;0.37070754;0.36748916;0.36436743;0.3611766;0.35824054;0.35582346;0.35305092;0.3501687;0.34759128;0.3446134;0.3420857;0.33887953;0.3362943;0.33385205;0.3314109;0.3284679;0.32597244;0.3234171;0.3208375;0.31848773;0.3162032;0.31404313;0.31145954;0.30939332;0.307325;0.30496588;0.30307025;0.30116987;0.29920968;0.2973847;0.29547334;0.29342574;0.2914591;0.28907654;0.28752682;0.28589198;0.28369918;0.28218168;0.280558;0.27880782;0.27698398;0.27541938;0.27354643;0.27202028;0.2704656;0.2686592;0.2670761;0.26544586;0.26357606;0.26205212;0.2605457;0.2587857;0.2571109;0.25559968;0.25420648;0.25259027;0.25091618;0.24926414;0.24790078;0.24657114;0.24519964;0.24386178;0.24259329;0.24126555;0.23995228;0.23868862;0.23740317;0.23607953;0.23494196;0.23373039;0.2324137;0.2313111;0.22998856;0.22884369;0.22758132;0.2264443;0.22503497;0.22398552;0.22294582;0.22179337;0.22065277;0.21952385;0.21840641;0.2173003;0.21614723;0.21504945;0.213977;0.21304204;0.21225514;0.21118256;0.2100248;0.20900175;0.20778717;0.20693202;0.20583344;0.20473343;0.203658;0.20260656;0.20157856;0.20069851;0.19986336;0.19910902;0.19818932;0.19718137;0.19638716;0.1954805;0.19466457;0.19376205;0.19279851;0.19201623;0.19118346;0.1902791;0.18936095;0.18851787;0.18768226;0.18683232;0.18603307;0.18517666;0.184307;0.18357103;0.18272671;0.18200327;0.1811427;0.18038116;0.1796561;0.17885727;0.17817396;0.17772995;0.17680316;0.17610717;0.17557918;0.17492126;0.17405166;0.17328385;0.17251353;0.17193338;0.1713389;0.17067613;0.16992877;0.16923238;0.16848879;0.16788283;0.1672378;0.16661493;0.16591975;0.16535756;0.16480762;0.16415249;0.16359389;0.16298133;0.16242246;0.16176175;0.16115475;0.16059232;0.1599861;0.15944755;0.15882643;0.15824121;0.1576989;0.15710662;0.15654922;0.15592778;0.15543866;0.1549079;0.15435116;0.15376903;0.15322043;0.15267573;0.15222117;0.15178362;0.15129168;0.15079588;0.15030332;0.14980002;0.14926548;0.14876911;0.14822826;0.14777263;0.14730632;0.14684294;0.1464091;0.14598441;0.14551616;0.1449856;0.14442651;0.14392957;0.14344244;0.14297763;0.14253473;0.1420194;0.14151399;0.14103687;0.14055681;0.14013487;0.13970333;0.13932866;0.13890806;0.13841857;0.13796206;0.13746159;0.13715063;0.1366565;0.13622344;0.135816;0.13541667;0.13500838;0.13463064;0.1342103;0.13373709;0.13329475;0.13285531;0.13244598;0.13197969;0.13160795;0.1312116;0.13082291;0.13042599;0.13005245;0.12969147;0.12928061;0.12889297;0.12854864;0.12818576;0.12777932;0.12740062;0.12696913;0.12663499;0.12625808;0.1259375;0.12561855;0.12527199;0.124932185;0.124570146;0.1242102;0.12384281;0.123529635;0.12322746;0.12287522;0.122534305;0.122186005;0.121825874;0.12149533;0.12115291;0.12078073;0.12045582;0.12008344;0.11974002;0.119398564;0.1190107;0.11868213;0.118385784;0.11801311;0.11771579;0.11739004;0.117066085;0.116769284;0.11653293;0.116188556;0.11587952;0.11567699;0.115485;0.11516383;0.11487304;0.11452276;0.11423923;0.11396514;0.113648355;0.11328961;0.11297262;0.11264168;0.112300955;0.11202053;0.111741506;0.11144848;0.111168474;0.110893674;0.11058235;0.11025396;0.10993125;0.10965508;0.10940993;0.10914375;0.108856834;0.10857873;0.10826936;0.108033985;0.107774444;0.10757702;0.1073268;0.10711325;0.106858104;0.10660418;0.10633045;0.10604071;0.10577332;0.10552797;0.10528031;0.105037235;0.10481908;0.1045612;0.104267545;0.10400902;0.1037751;0.10351901;0.10324106;0.10301716;0.102764785;0.10254294;0.10230908;0.10208597;0.10189596;0.10162666;0.10137468;0.10113344;0.10089651;0.10067009;0.100466564;0.10019232;0.099935025;0.09973137;0.099482566;0.099247195;0.09901597;0.09882209;0.0985387;0.09828683;0.09805708;0.09783135;0.097618476;0.09738596;0.09716916;0.09692423;0.09670948;0.09647263;0.09628857;0.09608234;0.09585423;0.09561871;0.09543225;0.09523529;0.095047526;0.09481595;0.09462983;0.0944196;0.09418557;0.09398004;0.09374546;0.09354727;0.09331484;0.09311846;0.0930092;0.09282761;0.09260957;0.09240047;0.09221861;0.092032224;0.09187269;0.09166431;0.09149051;0.091278695;0.091065295;0.090832464;0.09064401;0.09049432;0.09030474;0.090105906;0.089915454;0.08974822;0.0895816;0.08941313;0.089262545;0.08908299;0.08888217;0.088721186;0.08854866;0.08838646;0.08819598;0.0880159;0.087841325;0.0876223;0.08744219;0.08727695;0.08713816;0.086950675;0.08675003;0.086585075;0.08639072;0.086243235;0.08608478;0.08593833;0.085730955;0.08553363;0.08537552;0.085224725;0.08509238;0.08490467;0.08475998;0.084620215;0.0844434;0.084295884;0.08411604;0.08395876;0.083795555;0.08365029;0.083492585;0.08333978;0.08317041;0.083029434;0.08288044;0.08272139;0.08255663;0.08241142;0.08225626;0.08210377;0.08196015;0.081823245;0.081670284;0.08153435;0.08136813;0.081247486;0.08108243;0.08091603;0.08078662;0.08061942;0.08049096;0.080346934;0.08022731;0.080076285;0.07995351;0.07980943;0.079663895;0.07953259;0.079409525;0.07925379;0.079094805;0.0789403;0.07875569;0.078625455;0.078476585;0.07833208;0.07819189;0.07805031;0.07787172;0.07772008;0.07760441;0.0774631;0.07732045;0.07720781;0.07707713;0.07693955;0.07680247;0.076651335;0.07655332;0.07641762;0.07627699;0.07613329;0.075990126;0.075845726;0.07569124;0.075574465;0.07545276;0.07537981;0.07528032;0.07516317;0.07501333;0.07488487;0.07474132;0.07460347;0.07450041;0.074372;0.07424232;0.07409782;0.07397755;0.07383408;0.07371298;0.0735789;0.073450305;0.0733288;0.07318452;0.0730705;0.07296341;0.072830394;0.072719105;0.072580464;0.07244235;0.07233063;0.0722128;0.07211142;0.07199751;0.07187757;0.0717628;0.071642056;0.0715312;0.071422264;0.07131837;0.071197554;0.07106934;0.07094469;0.07084063;0.070719875;0.07062264;0.07051492;0.07039373;0.070274495;0.07022715;0.07012532;0.06999049;0.069871254;0.06976294;0.06966693;0.069575675;0.06944147;0.06934932;0.06924853;0.06914803;0.069043405;0.06893617;0.06882342;0.068711035;0.06861645;0.06850184;0.06838617;0.06827377;0.06816604;0.06804864;0.06793022;0.067813635;0.0677116;0.06760564;0.06749578;0.067390494;0.06728692;0.06717811;0.06705853;0.066967055;0.066862024;0.06677108;0.06666118;0.06655984;0.06642883;0.066328205;0.066233285;0.066126496;0.06604023;0.0659448;0.065848306;0.065736085;0.0656495;0.06555918;0.06546116;0.065375306;0.06528704;0.06518196;0.06509161;0.06500672;0.06491425;0.06481426;0.06472751;0.064650014;0.06454697;0.06444042;0.064347;0.064251296;0.06416731;0.06407467;0.06398357;0.06387509;0.06377325;0.06367424;0.063586764;0.06347838;0.06338276;0.06327507;0.063173905;0.0630792;0.06297009;0.06287599;0.0627688;0.062675305;0.06258813;0.06250603;0.0624061;0.06232687;0.06223588;0.06216185;0.06206659;0.06198347;0.06188166;0.061793145;0.061699007;0.06161336;0.06152327;0.061432283;0.06133808;0.06126617;0.061174784;0.06108367;0.060995124;0.06091027;0.060829077;0.06073102;0.060648035;0.060563013;0.060480483;0.06039818;0.060309365;0.060238723;0.060144793;0.060065627;0.059993334;0.05990238;0.05983269;0.05974002;0.059670705;0.059587304;0.05949539;0.059422284;0.059358053;0.059252758;0.05918457;0.0591133;0.059036825;0.05896269;0.058885537;0.05881072;0.05873715;0.058657397;0.058583155;0.058492202;0.058408897;0.058313236;0.05823358;0.05814788;0.058077008;0.058012534;0.05793784;0.0579485;0.057877183;0.057813253;0.057735078;0.057664286;0.057601847;0.057521183;0.057447862;0.057375744;0.057295714;0.05721994;0.057145372;0.057068992;0.056993816;0.05690786;0.056828134;0.05674863;0.05665945;0.056679104;0.056612972;0.05652635;0.05644685;0.05637833;0.05628755;0.05621358;0.056138836;0.056066222;0.055986084;0.055917714;0.05583992;0.055777643;0.055710737;0.055634465;0.05556695;0.055497702;0.05543997;0.055372927;0.055316396;0.0552628;0.05519712;0.0551344;0.055069026;0.054992642;0.054929458;0.05485809;0.054796137;0.054736167;0.054668058;0.05463187;0.054561313;0.05449824;0.054432582;0.054359816;0.05428996;0.05422028;0.054146275;0.054094054;0.054036546;0.05396483;0.05390045;0.053827316;0.053747274;0.053688727;0.053629424;0.05356408;0.05350681;0.05344264;0.053371616;0.05330602;0.053235363;0.053172708;0.053105;0.053043522;0.05298218;0.05292615;0.052871957;0.0527973;0.05273909;0.052673336;0.052612852;0.05254911;0.052484673;0.052423775;0.05235206;0.052287266;0.052225985;0.052155647;0.052105524;0.052046336;0.051981464;0.051920068;0.051854685;0.051797714;0.051734284;0.051677573;0.05162181;0.05156208;0.051491886;0.051417824;0.05134397;0.05128488;0.051218666;0.051158257;0.05109558;0.051029854;0.050971482;0.050916433;0.050860707;0.05079479;0.050729837;0.050673727;0.050610658;0.050535966;0.05047872;0.05041613;0.050366953;0.050306197;0.050253354;0.05020062;0.05013872;0.05008468;0.05003076;0.049980026;0.049915604;0.049862813;0.049811658;0.049765244;0.04970671;0.04964604;0.049596097;0.049547765;0.04950254;0.049452137;0.049393587;0.049344897;0.04929556;0.049230676;0.04917488;0.049122915;0.04906514;0.04900824;0.04896694;0.04891615;0.04886693;0.04881049;0.04875491;0.04870747;0.048648488;0.04860126;0.048540358;0.048489727;0.048445687;0.04839669;0.048338458;0.048288245;0.04823885;0.048183136;0.048157845;0.04810306;0.048049822;0.04799316;0.047945105;0.04789785;0.047842953;0.047783274;0.047716748;0.04767064;0.047609996;0.04756062;0.047510654;0.04745664;0.04740689;0.04735449;0.047302205;0.047255524;0.047209617;0.047156285;0.04710512;0.047052022;0.047005154;0.046957023;0.04690629;0.046855662;0.046805818;0.046748698;0.04670645;0.046654247;0.04660817;0.046558183;0.046510298;0.04646185;0.046419457;0.04637648;0.04632897;0.04628945;0.046242118;0.04619947;0.046154283;0.04610135;0.046051145;0.046002347;0.04595365;0.045905706;0.045844305;0.045779202;0.04573419;0.045680296;0.045632917;0.04558628;0.045540374;0.045494556;0.0454463;0.04539814;0.045341875;0.04529331;0.045250505;0.045202132;0.04515011;0.0451007;0.04504517;0.04499848;0.044959955;0.044912204;0.044854045;0.044809602;0.044764012;0.044723433;0.044666987;0.044627804;0.044578925;0.04453624;0.044493638;0.044442624;0.044393543;0.044345777;0.044309568;0.04427161;0.044230115;0.044179104;0.044132996;0.044088177;0.044044044;0.043997027;0.043956637;0.04390211;0.043851852;0.043807603;0.043761678;0.04372113;
0.28333333;0.35766423;0.47572815;0.5244755;0.6022099;0.6517647;0.6811881;0.7020906;0.7269891;0.7419805;0.7663317;0.7710706;0.7787234;0.77952754;0.7873511;0.79845625;0.8032129;0.80669713;0.81205165;0.8142857;0.8210594;0.8237831;0.83274853;0.8370913;0.84199136;0.8450704;0.85090363;0.85332686;0.857277;0.8586316;0.8636364;0.86745465;0.8707566;0.87485147;0.87818044;0.88169223;0.8847136;0.8875445;0.89046794;0.89295393;0.8956062;0.89803165;0.9007538;0.9027393;0.9050195;0.9076023;0.9092997;0.91106105;0.91268307;0.9143167;0.9148936;0.91638356;0.9179028;0.9194883;0.92023635;0.9216066;0.9222724;0.9227898;0.92437744;0.92529255;0.9264414;0.9277187;0.9288157;0.92976165;0.93098444;0.9320131;0.93284935;0.93392855;0.93498635;0.93587524;0.9369318;0.9378151;0.9386627;0.9393553;0.9402583;0.940947;0.9417119;0.9425168;0.9433288;0.94409937;0.94476694;0.9454188;0.9460729;0.94668585;0.94739336;0.9480661;0.94863486;0.9488117;0.94853276;0.94903886;0.9493447;0.94938916;0.94946;0.94960135;0.949549;0.949065;0.9496482;0.94887525;0.9487353;0.94924337;0.9497214;0.9501447;0.9505931;0.95108414;0.9515531;0.9519889;0.95239294;0.95280784;0.95329636;0.95380867;0.9541717;0.9545509;0.9550202;0.9554118;0.9558069;0.9561951;0.9565517;0.9568779;0.9571606;0.95753026;0.9578233;0.9581401;0.95848393;0.95886695;0.9591331;0.95950425;0.9597963;0.96010107;0.96040946;0.96071726;0.96098816;0.9612831;0.9615852;0.96166617;0.9619988;0.9622548;0.9625516;0.96287996;0.963192;0.9634637;0.96374536;0.96398866;0.9642186;0.96445894;0.9646699;0.9649139;0.9651482;0.96538883;0.9656075;0.9658265;0.96607906;0.96627724;0.96650547;0.9667249;0.966993;0.96720606;0.96737736;0.96759653;0.96778286;0.96798587;0.96819437;0.96839225;0.9685825;0.9687782;0.96895623;0.9691523;0.9687248;0.9689127;0.9686703;0.9688688;0.9689593;0.96898496;0.96904963;0.9692153;0.9690944;0.9691235;0.96905726;0.9684514;0.96803135;0.9682159;0.96809065;0.9680914;0.9678872;0.96733224;0.96685165;0.9668749;0.9669147;0.9670788;0.9670149;0.9671933;0.9673744;0.9675535;0.9677284;0.96789914;0.9680726;0.9682507;0.96839434;0.96856034;0.96874154;0.9688766;0.9690417;0.969203;0.9693627;0.9695146;0.96967506;0.9698397;0.9699772;0.9699346;0.9700954;0.9702259;0.97035146;0.9704722;0.970605;0.97058266;0.97054946;0.97062314;0.97078204;0.9707284;0.97078943;0.97086066;0.9708056;0.9706973;0.97076446;0.9708966;0.97100145;0.971109;0.9712363;0.9713676;0.971437;0.9715879;0.9715723;0.97169316;0.97176975;0.9718806;0.9720115;0.9721412;0.9722507;0.9723876;0.9725278;0.9726389;0.97275984;0.97286457;0.9729265;0.9729057;0.97301316;0.9731345;0.97324014;0.9733623;0.97347766;0.97357637;0.9736785;0.97377855;0.97388476;0.9739956;0.974096;0.97419965;0.974289;0.9744032;0.97450304;0.97460216;0.97444504;0.97432464;0.9744312;0.9744963;0.9746051;0.9746938;0.9748111;0.9749109;0.9750125;0.9751046;0.97518855;0.97526467;0.97535;0.9754517;0.9755525;0.9756312;0.97572815;0.9758174;0.9759094;0.9759973;0.9760743;0.97616667;0.97625154;0.97633135;0.9764229;0.9765181;0.9766005;0.97667587;0.9767539;0.97682506;0.97689354;0.97697973;0.97707367;0.9771491;0.97722614;0.97732633;0.97741336;0.9774927;0.9775694;0.97764164;0.97770345;0.9777788;0.9778585;0.9779357;0.97800165;0.9780702;0.97815067;0.978204;0.9782864;0.9783475;0.9784138;0.97849095;0.9785518;0.97861147;0.97868985;0.97876406;0.978836;0.97890294;0.9789713;0.97875017;0.97882116;0.97889346;0.9787155;0.978536;0.9784339;0.9783815;0.9783642;0.97806734;0.9779316;0.9779698;0.97803575;0.9781022;0.9781761;0.9782461;0.97831905;0.97839063;0.97845155;0.97852224;0.9785841;0.9786389;0.9786992;0.9787559;0.9788222;0.9788839;0.97894615;0.97901046;0.9790655;0.97912663;0.97919065;0.9792598;0.9793127;0.97935516;0.9794092;0.9794676;0.9795365;0.97958493;0.97964615;0.97968805;0.9797494;0.9798006;0.97986203;0.9799179;0.979969;0.980028;0.9800858;0.9801339;0.98018897;0.98024666;0.98029035;0.98034173;0.98039496;0.98044443;0.9804936;0.9805495;0.98060507;0.98065895;0.9807043;0.9807604;0.98081136;0.98085535;0.9809052;0.9809574;0.9809058;0.98095435;0.98101;0.9810614;0.98111445;0.98116136;0.9812087;0.98125577;0.9813084;0.98135436;0.9813963;0.98144245;0.9814984;0.9815516;0.9816007;0.9816446;0.98168766;0.98173666;0.981783;0.98183393;0.98187554;0.9819145;0.98195815;0.9820004;0.98204595;0.9820966;0.9821417;0.98218715;0.9822335;0.9822698;0.9823124;0.9823518;0.98239505;0.982433;0.98247755;0.9825134;0.98255426;0.9825893;0.98263526;0.9826727;0.9827182;0.9827548;0.9827907;0.98283017;0.98274726;0.9826038;0.9822733;0.9819444;0.9819498;0.9818052;0.9816928;0.98143005;0.9809805;0.98047465;0.9803982;0.98028547;0.9799433;0.979585;0.9791673;0.9791231;0.97902185;0.97882736;0.97868884;0.97849464;0.9779762;0.97773063;0.97778773;0.9776819;0.97723025;0.9767745;0.97635233;0.9761406;0.97577274;0.97571146;0.9756741;0.9751498;0.9749037;0.9747495;0.97453636;0.97452414;0.9742343;0.9740331;0.9740279;0.9740144;0.9740711;0.9741194;0.97417563;0.97422576;0.9742757;0.97433126;0.9743815;0.9744403;0.97449946;0.9745498;0.97459346;0.9746448;0.97470236;0.9747547;0.9748061;0.9748538;0.9749055;0.97496116;0.9750249;0.9750711;0.97505504;0.9749045;0.97495884;0.9750089;0.9750581;0.97511446;0.97516054;0.97512966;0.97507113;0.97511095;0.97516066;0.9752155;0.9752628;0.97530335;0.97535294;0.9754096;0.9754555;0.97550327;0.9755534;0.9755962;0.9756388;0.97568965;0.9757371;0.97578377;0.9758384;0.9758821;0.9759282;0.97597474;0.97602296;0.97607595;0.9761219;0.9761646;0.9762126;0.976255;0.97630453;0.97634417;0.9763963;0.97643685;0.97648805;0.97652763;0.97657007;0.9766147;0.97664976;0.9766923;0.97673655;0.97678936;0.9768274;0.97686875;0.9769175;0.97696024;0.9770069;0.9770465;0.9770905;0.97703266;0.9770782;0.9771162;0.97715527;0.97719306;0.977233;0.9772744;0.9773068;0.9773529;0.97739226;0.977437;0.97747606;0.9775128;0.9775554;0.97759783;0.9776423;0.9776774;0.97766846;0.9776761;0.9777163;0.97775483;0.9777985;0.9778378;0.9778727;0.9779086;0.9779501;0.9779883;0.9780238;0.97805655;0.9780955;0.9781414;0.97818;0.97822154;0.97825885;0.9783006;0.9783421;0.9783815;0.97841877;0.9784574;0.97849286;0.97852826;0.9785615;0.9786041;0.9786376;0.978671;0.9787097;0.97874486;0.97878134;0.9788153;0.97885203;0.97888863;0.9789208;0.9789643;0.9789982;0.9790328;0.97906643;0.9791009;0.97913855;0.97917557;0.97921056;0.9792455;0.9792738;0.97930527;0.97933614;0.9793688;0.9794027;0.9794416;0.97947705;0.97950613;0.9795355;0.9795734;0.9795667;0.97960436;0.9796401;0.97967046;0.9797068;0.9797396;0.979774;0.97980654;0.9798425;0.9798735;0.9799083;0.97994214;0.9799763;0.98000216;0.9800331;0.9800614;0.98009044;0.98012197;0.9801534;0.98018557;0.98021555;0.98024833;0.98027265;0.98030525;0.9803399;0.9803731;0.9804017;0.9804302;0.9804639;0.98045105;0.98048216;0.98041147;0.98034465;0.980377;0.9804069;0.9804407;0.980347;0.980382;0.9804173;0.9804468;0.98047584;0.98050314;0.98053163;0.980556;0.9805883;0.98061216;0.98064464;0.9806715;0.98070264;0.9807321;0.9807614;0.9807922;0.9807969;0.98078597;0.98063445;0.98066336;0.98045176;0.98031926;0.9800742;0.9799427;0.9798928;0.9799217;0.9799254;0.97977966;0.9798086;0.9797564;0.97972864;0.97964036;0.97962976;0.9795975;0.97943;0.9791462;0.97892004;0.978733;0.9783858;0.9780837;0.9779994;0.97785676;0.9777115;0.9777401;0.9777488;0.9777855;0.97781396;0.9778449;0.97787446;0.9779061;0.9779355;0.97797334;0.97800255;0.97803634;0.97806287;0.9780965;0.97813416;0.97817004;0.9782033;0.9782344;0.9782609;0.9782935;0.9783284;0.9783633;0.9783918;0.9784241;0.97845167;0.9784841;0.97851646;0.9785438;0.97857314;0.97860163;0.9786157;0.9786278;0.9786402;0.97867596;0.9786551;0.97868794;0.978658;0.97868484;0.97871435;0.978743;0.97877;0.97879773;0.97882813;0.9788561;0.978882;0.9789164;0.9789441;0.9789775;0.9790039;0.9790352;0.9790645;0.97909224;0.97912025;0.9791501;0.9791806;0.97921324;0.97923946;0.97927004;0.9792987;0.9793254;0.97935396;0.9793842;0.97940814;0.97943974;0.97946423;0.9794953;0.97952044;0.97954947;0.9795828;0.9796088;0.97963077;0.9796588;0.97968316;0.97971;0.9797353;0.9797627;0.9797911;0.9798144;0.9798423;0.979868;0.9798947;0.97991747;0.9799412;0.9799659;0.97999203;0.98001766;0.98004466;0.9800702;0.98009807;0.9801251;0.98014945;0.9801754;0.98019886;0.98022366;0.98023057;0.9802563;0.9802136;0.98020613;0.9802301;0.98023933;0.9801792;0.9802007;0.9802239;0.9802514;0.98028374;0.9803077;0.98033494;0.98035747;0.98037827;0.98040235;0.9804316;0.9804549;0.9804847;0.98051244;0.98053324;0.98056084;0.980588;0.9806142;0.9806393;0.98066044;0.9806877;0.98071355;0.9807381;0.9807651;0.98079044;0.98081446;0.9808375;0.9808602;0.980884;0.9809062;0.9809296;0.9809222;0.9809129;0.98093873;0.98089284;0.98083425;0.9808392;0.9808662;0.98074496;0.98063856;0.9803231;0.9802349;0.9800177;0.9799939;0.97994053;0.97988313;0.9797921;0.97970074;0.97952944;0.97926825;0.9791653;0.9790939;0.9789081;0.97847253;0.97846437;0.97818214;0.9776851;0.9774549;0.97734106;0.9771147;0.9771253;0.9770101;0.9768944;0.97691834;0.9769423;0.97690266;0.9768646;0.9768192;0.9768453;0.97686887;0.9767867;0.97663;0.976599;0.9766129;0.97663724;0.97666556;0.97669446;0.97672653;0.9767521;0.97677505;0.9768005;0.9768227;0.976843;0.97687614;0.9769063;0.9769304;0.9769576;0.97698474;0.97700936;0.9770396;0.9770658;0.9770913;0.9771147;0.9771456;0.9771692;0.9771935;0.97721934;0.9772428;0.9772703;0.97729194;0.9773156;0.97734123;0.97736984;0.977395;0.97742456;0.9774509;0.9774776;0.9775029;0.9775281;0.9775489;0.977575;0.977599;0.9776247;0.9776503;0.9776725;0.9776954;0.9777175;0.97773993;0.97776264;0.9777873;0.97781545;0.9778416;0.9778648;0.9778905;0.97791356;0.9779378;0.97796595;0.97798884;0.978013;0.97803164;0.97805405;0.9780774;0.9781036;0.97812617;0.97815543;0.97818327;0.97820544;0.97822624;0.97824764;0.97826904;0.9782891;0.9783135;0.97833574;0.9783572;0.97838086;0.9784063;0.9784283;0.97845334;0.97847646;0.9784968;0.9785189;0.97854125;0.97856575;0.9785883;0.9786093;0.9786303;0.978653;0.97867876;0.9787014;0.97872823;0.97875226;0.97877294;0.9787951;0.9788166;0.9788405;0.97886366;0.9788862;0.97891134;0.97893673;0.97895795;0.9789836;0.9790029;0.97902167;0.97904414;0.9790637;0.9790841;0.9791085;0.9791297;0.9791525;0.9791759;0.9791955;0.9792188;0.97924256;0.9792649;0.97928804;0.9793114;0.979331;0.979352;0.9793764;0.97939783;0.97941726;0.97943836;0.97946113;0.9794768;0.9794984;0.979519;0.97954077;0.97956246;0.97958434;0.979604;0.97961974;0.97964185;0.9796622;0.97968227;0.9797039;0.97972775;0.9797468;0.9797667;0.97978383;0.9798034;0.9798251;0.9798443;
0.5147059;0.4822695;0.5726872;0.61204016;0.6147541;0.6447964;0.6627907;0.66211605;0.67776096;0.70439416;0.71497583;0.7211646;0.7314815;0.74310184;0.75886524;0.7721202;0.78486997;0.78698224;0.79102385;0.8018555;0.8113565;0.81867796;0.8265661;0.83434904;0.8388474;0.8442288;0.846683;0.85248226;0.85714287;0.8610378;0.8655319;0.86784685;0.8714972;0.87504864;0.8790505;0.8794561;0.8822477;0.88588274;0.88937455;0.89206034;0.8947537;0.89715534;0.8991107;0.90179104;0.9040257;0.9060805;0.90815187;0.9103298;0.9115446;0.9132372;0.9150193;0.91639465;0.918222;0.919701;0.9212394;0.92244995;0.9237463;0.9251517;0.9263763;0.9275772;0.9286785;0.92992425;0.9311841;0.93234456;0.9333467;0.9344101;0.9353398;0.936268;0.9372763;0.9382304;0.93914473;0.9399567;0.94083154;0.9417425;0.94249696;0.94336736;0.9440806;0.9447303;0.945374;0.9460554;0.9468136;0.94751775;0.94818735;0.94882435;0.949369;0.94996995;0.95052004;0.9510798;0.9516129;0.9521208;0.9525506;0.9528634;0.953401;0.9538758;0.95435965;0.9547359;0.9552558;0.95574635;0.9561748;0.9565781;0.9570017;0.9574008;0.95784575;0.9582138;0.9585755;0.95892596;0.9593447;0.9597259;0.9600715;0.9603832;0.96075445;0.96106917;0.96141887;0.9617318;0.96193063;0.96224296;0.96256685;0.9628647;0.96315384;0.9633947;0.9636992;0.9639794;0.96427053;0.9645383;0.96482044;0.96511626;0.96540004;0.96570027;0.9658987;0.96616316;0.96641344;0.9666799;0.9669649;0.9671939;0.9674166;0.96766746;0.9678374;0.96807504;0.9682002;0.9681308;0.9683556;0.96839;0.96859264;0.96878695;0.96899015;0.96921;0.96938866;0.9696057;0.9698063;0.9700044;0.97019464;0.97038764;0.97057813;0.9707737;0.97098386;0.97117406;0.97137374;0.9715565;0.97172767;0.9719198;0.97207975;0.97222894;0.97239214;0.9725512;0.972728;0.9729132;0.9730494;0.9732136;0.97335505;0.97353804;0.9736842;0.97383076;0.97400135;0.97418916;0.9743379;0.97449243;0.97463393;0.9747738;0.9749159;0.9750582;0.97521317;0.975345;0.97550523;0.9756184;0.97574085;0.9758519;0.97599214;0.97608757;0.9762383;0.9763774;0.97651005;0.97662693;0.9767205;0.97683686;0.97696906;0.97710127;0.9772063;0.9773103;0.9774194;0.977545;0.9776547;0.9777648;0.97787666;0.9780001;0.97810405;0.9781987;0.97830486;0.97840595;0.9785182;0.9786213;0.97870886;0.9788167;0.9788858;0.97899574;0.979093;0.9791957;0.97927994;0.97937214;0.9794562;0.9795505;0.9796282;0.9797077;0.9797938;0.97989213;0.9799813;0.980079;0.9801574;0.9802476;0.9803303;0.9804123;0.98049694;0.98059404;0.9806826;0.9807617;0.98084974;0.98092216;0.9809877;0.98105705;0.981129;0.9812127;0.98128957;0.9813567;0.9814434;0.9815124;0.9815967;0.9816754;0.9817485;0.9818278;0.9818959;0.9819616;0.9820315;0.98209065;0.9821605;0.9822289;0.9822922;0.9823759;0.98244894;0.9825116;0.98257643;0.98263997;0.98271084;0.98277336;0.98284143;0.9829081;0.982981;0.9830542;0.98312587;0.98318624;0.9832495;0.98330575;0.9833705;0.98343074;0.9835009;0.98354757;0.98361284;0.98367447;0.9837379;0.9837963;0.9838543;0.98390424;0.98396444;0.9840175;0.98407096;0.9841277;0.98417753;0.984227;0.9842898;0.98434645;0.98439133;0.98445505;0.98451257;0.98456347;0.9846175;0.9846663;0.98472226;0.98477113;0.984819;0.98487186;0.98491776;0.9849739;0.98501855;0.98506945;0.98503256;0.9850804;0.98512864;0.9851734;0.9852166;0.98526525;0.98531604;0.98536646;0.9854172;0.9854651;0.9855097;0.985554;0.9855986;0.9856495;0.9856971;0.9857432;0.9857902;0.98583394;0.9858734;0.98591954;0.98595965;0.98599267;0.9860369;0.98607635;0.9861245;0.9861718;0.9862055;0.9862462;0.98629373;0.9863372;0.98637766;0.9864152;0.98645574;0.98649603;0.9865361;0.9865733;0.98661387;0.9866579;0.98669857;0.9867328;0.986774;0.9868099;0.9868481;0.98689556;0.98692787;0.9869644;0.9870154;0.98706025;0.9871009;0.9871326;0.9871714;0.98720706;0.9872468;0.98728436;0.9873199;0.9873599;0.9873986;0.9874312;0.9874664;0.98750633;0.9875411;0.98757744;0.9876109;0.9876406;0.9876746;0.9877111;0.9877416;0.98777115;0.9878101;0.98783755;0.9878726;0.98791254;0.98794633;0.987977;0.9880083;0.9880486;0.9879447;0.9879755;0.98800606;0.98803526;0.988068;0.9881001;0.9881313;0.98815864;0.9881879;0.9882162;0.98824483;0.9882768;0.9883062;0.9883387;0.98836786;0.9884015;0.98843336;0.98846245;0.988494;0.98852277;0.98855627;0.98858804;0.98861563;0.98864895;0.9886799;0.98870224;0.9887303;0.9887586;0.98878354;0.9888098;0.9888363;0.9888673;0.9888956;0.9889245;0.9889515;0.98898184;0.98901063;0.9890362;0.9890003;0.9890244;0.9890504;0.9890746;0.9890987;0.98912203;0.9891439;0.98916864;0.9891947;0.9892232;0.9892532;0.98927456;0.9892998;0.9893235;0.98934364;0.9893685;0.9893945;0.9894188;0.9894452;0.98946893;0.9894951;0.9895174;0.98953986;0.9895641;0.9895889;0.98961663;0.9896414;0.98966277;0.9896874;0.98970556;0.98972785;0.9897235;0.98974806;0.98976773;0.9897894;0.9898116;0.989836;0.98985386;0.9898772;0.989899;0.989921;0.9899417;0.98996323;0.98998547;0.9900074;0.9900283;0.99005145;0.99007416;0.9900965;0.99012154;0.99014336;0.9901676;0.9901898;0.990207;0.9902271;0.9902458;0.9902674;0.9902875;0.99030626;0.9903281;0.9903456;0.99036485;0.990383;0.99037725;0.9903668;0.99038464;0.99034995;0.9903687;0.99039084;0.9904123;0.9904355;0.9904504;0.99046624;0.9904866;0.99050665;0.99052536;0.9905452;0.99056304;0.9905815;0.99059916;0.9906175;0.99063796;0.9906567;0.99067307;0.99069357;0.99071395;0.9907294;0.9907477;0.9907633;0.9907829;0.990797;0.99081504;0.9908332;0.99085444;0.9908506;0.9908677;0.9908824;0.99090147;0.9909186;0.9909315;0.9909222;0.9909434;0.9909607;0.9909778;0.9909953;0.9910145;0.9910341;0.99105334;0.9910714;0.9910881;0.9911047;0.9911208;0.99113905;0.9911544;0.99117094;0.9911873;0.9912044;0.9912197;0.99123776;0.9912534;0.9912687;0.9912853;0.9913039;0.99129784;0.9912926;0.99130857;0.99132365;0.991337;0.9913288;0.9913471;0.99136573;0.991382;0.99140126;0.9914158;0.9914345;0.9914508;0.99146473;0.99148387;0.9915005;0.9915153;0.9915302;0.99154603;0.9915605;0.99157524;0.99159074;0.99160546;0.9916181;0.99163383;0.9916478;0.99166125;0.99167496;0.9916901;0.9917052;0.9917204;0.99173516;0.99175006;0.9917625;0.9917747;0.99178815;0.9918018;0.991815;0.99183;0.9918444;0.9918595;0.99187523;0.9918904;0.9919058;0.9919187;0.9919328;0.9919454;0.9919576;0.99197334;0.9919876;0.9920023;0.99201804;0.99203074;0.99204165;0.9920535;0.99206734;0.99208266;0.9920934;0.99208534;0.992098;0.9921102;0.9921239;0.9921359;0.99214786;0.9921609;0.9921745;0.99218786;0.9921995;0.99221575;0.9922291;0.9922424;0.99225456;0.99226713;0.99227947;0.99229145;0.9923021;0.9923144;0.9923248;0.99234027;0.99235284;0.99236435;0.9923788;0.9923892;0.9924015;0.9924131;0.9924228;0.9923085;0.9923218;0.9923325;0.99234515;0.9923567;0.99236816;0.99238;0.99239105;0.99240404;0.9924158;0.9924284;0.99244136;0.99245375;0.9924658;0.99247843;0.99248916;0.9924999;0.9925127;0.99252427;0.99253416;0.9925458;0.9925571;0.9925678;0.9925775;0.9925875;0.99259883;0.99261177;0.99262375;0.99263394;0.99264693;0.9926572;0.99266887;0.99267924;0.99268883;0.9927009;0.9927123;0.9927235;0.99273515;0.9927443;0.99275476;0.9927652;0.9927765;0.9927874;0.99279815;0.99278986;0.9927996;0.9928118;0.9928206;0.99283063;0.9928423;0.9928537;0.99286306;0.99287367;0.9927109;0.99272263;0.9927329;0.99274486;0.992756;0.9927665;0.99275863;0.9927506;0.99272215;0.99267614;0.9926662;0.9926758;0.9926876;0.9926977;0.99270695;0.99271876;0.9927296;0.9927405;0.99275047;0.99276054;0.9927718;0.9927825;0.9927924;0.9928048;0.99281514;0.99282396;0.9928346;0.99284524;0.99285436;0.9928648;0.9928735;0.9928833;0.9928945;0.99290466;0.9929134;0.992923;0.9929322;0.99294215;0.9929512;0.9929616;0.9929698;0.9929791;0.9929901;0.99300015;0.99301165;0.99302214;0.9930307;0.9930394;0.99304855;0.9930603;0.9930692;0.99307984;0.99308914;0.9931001;0.99311;0.9931187;0.9930934;0.99310416;0.99311376;0.9931223;0.9931307;0.9931392;0.9931491;0.99315804;0.9931677;0.9931778;0.99318594;0.9931955;0.9932044;0.99321324;0.99322045;0.9932297;0.9932383;0.99324584;0.99325395;0.9932634;0.9932724;0.99328136;0.9932902;0.99329877;0.99330676;0.993316;0.9933259;0.99333507;0.9933444;0.9933518;0.99335843;0.99336636;0.9933734;0.99338245;0.99339193;0.9934016;0.9934102;0.9933841;0.9933933;0.99338543;0.99339527;0.99340427;0.993413;0.9934203;0.9934303;0.9934398;0.9934482;0.9934552;0.99346495;0.9934739;0.9934816;0.99349105;0.9934998;0.9935077;0.99351573;0.9932927;0.9932847;0.99329233;0.993235;0.99322474;0.9932319;0.9932419;0.99324936;0.9932561;0.9932646;0.9932724;0.99328357;0.99329185;0.99330074;0.99330944;0.9933188;0.99332684;0.99333507;0.9933436;0.9933521;0.9933592;0.9933685;0.9933759;0.99338365;0.99339217;0.9933994;0.99340796;0.9933363;0.9933451;0.993352;0.99336046;0.99336874;0.9933775;0.9933859;0.99339366;0.9934004;0.99340844;0.9934165;0.9934239;0.99343204;0.99343944;0.99344707;0.9934537;0.9934619;0.99347;0.9934781;0.9934859;0.9934928;0.9935004;0.9935087;0.99351573;0.9935233;0.9935293;0.99353635;0.9935435;0.9935509;0.9935595;0.99356675;0.99357283;0.99358165;0.99359035;0.99359673;0.99360406;0.9936123;0.9936212;0.9936292;0.9936378;0.9936444;0.99365145;0.99365777;0.9936654;0.9936729;0.9936801;0.99368864;0.99369574;0.9937024;0.99370974;0.99371743;0.99372494;0.99373126;0.99373853;0.99374735;0.9937543;0.9937591;0.9937648;0.99377024;0.9937613;0.9937687;0.99376136;0.99373823;0.993643;0.99359155;0.99359924;0.99360704;0.993613;0.9936206;0.9936272;0.9936358;0.99364305;0.9936511;0.99365926;0.99366575;0.9936729;0.993681;0.993645;0.9936368;0.9936447;0.9936522;0.99365944;0.9936672;0.99367446;0.99368036;0.99368733;0.9936941;0.99370223;0.99370867;0.9937152;0.9937225;0.9937292;0.99373734;0.9937452;0.9937514;0.9937581;0.9937653;0.99377257;0.9937803;0.9937869;0.993793;0.9938006;0.99380827;0.9938144;0.99382067;0.9938279;0.9938332;0.99384046;0.99384654;0.9938535;0.99386007;0.9938675;0.9938733;0.99388003;0.993887;0.99389553;0.9939026;0.9939091;0.9939143;0.99392074;0.99392694;0.9939342;0.9939404;0.9939471;0.9939533;0.99389;0.99389565;0.993901;0.99390733;0.9939146;0.9939202;0.9939271;0.9939346;0.99394107;0.9939461;0.9939524;0.9939589;0.9939653;0.9939715;0.9939777;0.99398386;0.99398947;0.99399656;0.9940026;0.994008;0.9940145;0.99402076;0.9940273;0.99403447;0.9940409;0.99404716;0.9940541;0.9940602;0.9940667;0.99407214;0.99407804;0.9940843;0.9940904;0.99409604;0.99410236;0.9941073;0.99411356;0.99412;0.99412674;0.9941329;0.9941385;0.9941445;0.9941501;0.9941557;0.9941613;0.9941677;0.9941737;0.99417984;0.9941861;0.994192;0.9941981;0.99420506;0.99421144;0.99421686;0.9942225;0.99422807;0.9942333;0.9942385;0.99424505;
0.5072464;0.5067568;0.54273504;0.52411574;0.5167959;0.56008583;0.6014898;0.631664;0.67191976;0.6959371;0.7173397;0.73851204;0.74822336;0.7492958;0.7486911;0.7588187;0.7734977;0.78833693;0.7993174;0.8097686;0.8195122;0.828007;0.8354641;0.84297085;0.8495935;0.85568017;0.8606403;0.86551565;0.8692579;0.873774;0.8772294;0.88069326;0.8841941;0.887066;0.89065385;0.8928828;0.89576775;0.8980848;0.9007659;0.90346617;0.90566635;0.90793943;0.909997;0.91159075;0.9136836;0.91546506;0.9172414;0.91883117;0.92029756;0.9218139;0.92309666;0.9244713;0.92598075;0.9273432;0.92865634;0.93005365;0.93120843;0.9324324;0.9335254;0.93461204;0.9345774;0.93564045;0.93655086;0.9374872;0.9383838;0.9393879;0.94038314;0.94137996;0.94215816;0.94300133;0.9438409;0.944626;0.94544804;0.94627446;0.947021;0.9478097;0.9484536;0.9490903;0.94983554;0.95028526;0.9509094;0.95157194;0.95217186;0.9528666;0.95352733;0.9540663;0.9545793;0.95506114;0.9555653;0.95602655;0.9564845;0.95689654;0.9573307;0.9577152;0.9582306;0.95860475;0.9589833;0.9594307;0.9597678;0.96013594;0.9605076;0.9603897;0.9608117;0.96121013;0.96153843;0.96186125;0.96227103;0.9625727;0.96299845;0.96331036;0.9636042;0.9638808;0.96426505;0.96456826;0.9648664;0.9651123;0.96539754;0.96570855;0.9659542;0.9662258;0.96650404;0.9667849;0.96710664;0.96729815;0.96752155;0.9677588;0.96799916;0.9682784;0.9684758;0.96876264;0.968951;0.96918935;0.96941805;0.9696225;0.9698889;0.9696031;0.969799;0.97002673;0.97023696;0.9704081;0.97061026;0.9708314;0.9710172;0.9712296;0.97141814;0.9716171;0.97179306;0.9719743;0.972173;0.97235185;0.97250676;0.9727028;0.9728983;0.97307724;0.97326064;0.9734528;0.97360456;0.9737787;0.9739462;0.9741095;0.97427285;0.9744425;0.9746078;0.9747527;0.9749081;0.9750655;0.975221;0.9753822;0.975507;0.9756306;0.97577345;0.9759258;0.9760543;0.97617966;0.9763144;0.9764335;0.9765759;0.97669756;0.97681457;0.97694737;0.9770703;0.9771935;0.97731215;0.9774312;0.97754574;0.9776544;0.9777762;0.9778951;0.9780066;0.9781352;0.97823524;0.97829086;0.9784025;0.9785203;0.9786107;0.97870183;0.978825;0.97894526;0.97905165;0.97914875;0.97926676;0.97937673;0.97945875;0.9795587;0.97964984;0.97973496;0.9798374;0.9799401;0.98003423;0.98012996;0.9802247;0.98032236;0.980358;0.9804528;0.9805335;0.9806052;0.98069286;0.98077625;0.9808589;0.98093396;0.9810222;0.9811174;0.9812218;0.98130065;0.98138326;0.98147386;0.9815475;0.9816322;0.9817066;0.9817867;0.9818599;0.9819253;0.9820015;0.98208314;0.98216;0.98223823;0.9823098;0.98237985;0.9824503;0.98251534;0.9825809;0.9826507;0.9827228;0.9827859;0.9828494;0.98291063;0.9829879;0.9830527;0.9831043;0.9831709;0.9832343;0.98329365;0.98335177;0.9834121;0.983478;0.98354423;0.98334455;0.98341084;0.98347574;0.98354775;0.9836191;0.983689;0.98374355;0.9838002;0.9838612;0.98391867;0.98396844;0.98401713;0.9840726;0.9841262;0.9841903;0.9841044;0.984165;0.9842167;0.98427874;0.98432964;0.98440284;0.98445076;0.9845028;0.98455596;0.98460734;0.9846598;0.9847134;0.9847701;0.9848272;0.98488456;0.9849386;0.98499095;0.9850443;0.9850897;0.98514783;0.9852014;0.984934;0.9848464;0.9848964;0.98494476;0.9848172;0.98486274;0.98490804;0.9849537;0.9850084;0.98506474;0.9851186;0.9851774;0.9852318;0.98528326;0.98533434;0.9853749;0.9854235;0.9854867;0.9855327;0.98557836;0.9856225;0.9856652;0.98571426;0.98576605;0.9858102;0.9856862;0.9857375;0.98578376;0.985835;0.98588645;0.9859294;0.9859658;0.98601115;0.9860516;0.9860953;0.986146;0.98618907;0.9862291;0.9862695;0.9863107;0.98635006;0.98638695;0.9864248;0.9864619;0.9865014;0.98654497;0.9865856;0.98662704;0.9866656;0.9867102;0.9867555;0.9867872;0.9868259;0.9868669;0.9869031;0.9869391;0.98697686;0.98701495;0.98705524;0.98708993;0.98712206;0.9871588;0.9871939;0.98723644;0.98727393;0.9873145;0.9873567;0.9873894;0.9874246;0.9874629;0.98749727;0.98753643;0.9875695;0.9876038;0.9876387;0.9876646;0.9876996;0.9877336;0.9877691;0.98780096;0.9878274;0.9878581;0.9878981;0.9879267;0.98796284;0.9880013;0.98803234;0.9880595;0.9880882;0.9881188;0.9881538;0.9881861;0.9882114;0.9882474;0.98828006;0.9883097;0.98833877;0.988365;0.9883977;0.98842716;0.9884584;0.98848677;0.98847985;0.9883748;0.9883752;0.98840153;0.9884343;0.988233;0.9879976;0.98792875;0.98782414;0.98745733;0.98722905;0.9872272;0.98709214;0.9870953;0.98696285;0.9867689;0.98628676;0.9860932;0.9859956;0.985897;0.9858966;0.98592716;0.9859608;0.98593205;0.98559076;0.98546326;0.98542726;0.98543656;0.985439;0.98519146;0.98519164;0.98516023;0.984922;0.9848104;0.9844431;0.9843224;0.9843596;0.9842742;0.9842539;0.9842676;0.98430884;0.98426056;0.98417705;0.9841505;0.98418593;0.9842202;0.98426;0.9842973;0.98433435;0.98437405;0.98441035;0.984446;0.9844764;0.9845126;0.9845496;0.9845864;0.9846172;0.98465145;0.98468417;0.98459965;0.98463774;0.98463684;0.9845886;0.98462296;0.98465884;0.9846959;0.98472977;0.98476297;0.9847878;0.98482084;0.98485667;0.9848894;0.98491806;0.98494667;0.9848913;0.9847285;0.9847313;0.9846504;0.98468214;0.984716;0.98474795;0.9847802;0.9848136;0.984843;0.984877;0.98490745;0.98493487;0.9849688;0.98499686;0.98503095;0.9850636;0.98509336;0.985127;0.985158;0.985193;0.985225;0.9852537;0.9852854;0.985317;0.9853465;0.9853794;0.9854091;0.9854378;0.98547184;0.98550534;0.9855383;0.9855677;0.9855954;0.98561966;0.9856498;0.9856776;0.9857087;0.98573625;0.98576224;0.9857874;0.985814;0.9858371;0.98586565;0.9858955;0.9859209;0.98594517;0.98597187;0.9859977;0.9860245;0.9860509;0.98607755;0.98610616;0.98613083;0.9861572;0.9861865;0.98621124;0.9862366;0.98626214;0.98628694;0.98631334;0.98634547;0.98636895;0.9863937;0.98642206;0.9864429;0.9864634;0.9864875;0.98651147;0.9865354;0.98655987;0.98658985;0.9866128;0.98663867;0.9866644;0.9866939;0.9867149;0.9867426;0.98676443;0.98678714;0.9868066;0.9868326;0.9868601;0.98688567;0.986912;0.9869345;0.98695385;0.986979;0.9870022;0.9870262;0.9870502;0.9870765;0.987096;0.9871179;0.9871391;0.98716325;0.9871846;0.98720914;0.98723245;0.9872503;0.98727256;0.9872959;0.98731714;0.98733735;0.9873523;0.9873757;0.9873989;0.9874204;0.9874412;0.98746306;0.98748714;0.9875083;0.98752904;0.9875475;0.9875682;0.9875865;0.98760647;0.9876281;0.9876482;0.9876699;0.987691;0.98771065;0.98772967;0.9877508;0.9877689;0.9877929;0.9878141;0.98783416;0.98785526;0.9878722;0.9878937;0.98791295;0.9879311;0.9879529;0.98797274;0.9879936;0.98801386;0.9880304;0.9880492;0.98807186;0.98808926;0.9881108;0.98813164;0.98814887;0.98817015;0.98818827;0.98820764;0.98822796;0.9882469;0.9882651;0.9882862;0.98830545;0.98832196;0.9883379;0.98835504;0.9883738;0.9883953;0.9884147;0.9884333;0.98845404;0.98847353;0.9884864;0.98850334;0.98852265;0.9885423;0.98856485;0.9885801;0.9885999;0.98861885;0.98863846;0.9886557;0.9886742;0.9886923;0.98870766;0.9887261;0.98873883;0.9887546;0.9887742;0.9887894;0.98880637;0.9888242;0.9888429;0.9888595;0.9888358;0.9888311;0.98884696;0.9888628;0.9888599;0.9888752;0.9886918;0.98870885;0.9887234;0.98874015;0.9887566;0.98877484;0.9887914;0.9888071;0.9888247;0.9888396;0.9888593;0.98887324;0.98889;0.98890626;0.98892134;0.9889382;0.98895496;0.9889695;0.9889877;0.98900497;0.9890217;0.98903674;0.989035;0.98905337;0.9890653;0.98900115;0.9890172;0.9890342;0.9890514;0.9890666;0.989082;0.98909736;0.98911184;0.98912793;0.98914313;0.98915935;0.9891774;0.98919374;0.98921126;0.98922646;0.98923993;0.9892559;0.989271;0.9892894;0.98930216;0.98931754;0.9893332;0.98934567;0.9893615;0.98937845;0.9893952;0.9894109;0.9894249;0.98943913;0.98945385;0.98946977;0.9894835;0.9894981;0.98951405;0.98952824;0.9895443;0.9895597;0.9895749;0.9895883;0.98960364;0.9896191;0.98963255;0.9896468;0.98966265;0.98967737;0.9896907;0.9897059;0.9897186;0.98973393;0.9897275;0.9897398;0.98975164;0.98976535;0.9897783;0.9897908;0.9898027;0.98981625;0.98983103;0.98984545;0.98985815;0.9898696;0.9898817;0.98989666;0.98991066;0.98992324;0.9899388;0.98995304;0.98996603;0.9899795;0.98999417;0.9900058;0.9900164;0.99003005;0.99004406;0.9900563;0.99006903;0.9900671;0.99008137;0.9900424;0.99003834;0.9899299;0.98992425;0.98994017;0.98974735;0.9897612;0.98965514;0.9896676;0.9896815;0.98969233;0.9897033;0.98971903;0.9897317;0.9897458;0.98975843;0.989771;0.98978376;0.989798;0.98981035;0.98982155;0.98983264;0.9898464;0.98985845;0.9898375;0.9898519;0.9898634;0.9898764;0.9898895;0.9899024;0.98991597;0.98992914;0.9899414;0.9899512;0.98996377;0.98997617;0.9899885;0.9899859;0.9899975;0.9899939;0.9900055;0.9900202;0.9900324;0.9900447;0.990059;0.99005467;0.99006826;0.990079;0.9900938;0.99010646;0.99011844;0.99003303;0.9900449;0.9900614;0.99007547;0.99008775;0.99009806;0.99011153;0.9901237;0.9901352;0.99014413;0.9901568;0.9901681;0.99017936;0.99019027;0.99020094;0.99021524;0.9902264;0.9902074;0.9902197;0.99023205;0.9902422;0.99025524;0.99027026;0.9902809;0.99029297;0.99030447;0.9903174;0.9903302;0.9903383;0.9903499;0.9903595;0.99036825;0.99037904;0.9903935;0.99040514;0.990417;0.99043;0.99044156;0.990452;0.99046296;0.9904756;0.9904858;0.99049854;0.99050987;0.9905204;0.99053043;0.9905407;0.99055135;0.99056137;0.99057156;0.9905817;0.9905927;0.9906043;0.99061465;0.99062556;0.99063593;0.9906479;0.99065965;0.99067086;0.99068093;0.9906923;0.99070406;0.99071544;0.9907256;0.9907375;0.99074787;0.99075824;0.9907692;0.9907805;0.99079037;0.9908;0.9908104;0.99082035;0.99083066;0.9908413;0.9908519;0.9908616;0.9908704;0.9908828;0.99089247;0.9909011;0.9909105;0.99091935;0.9909297;0.99094087;0.99095047;0.9909613;0.9909707;0.99098194;0.9909938;0.9910041;0.9910152;0.99102455;0.99103546;0.99104637;0.9910584;0.9910693;0.99107885;0.99108976;0.9910997;0.99110985;0.99112;0.99113095;0.9911397;0.9911484;0.9911575;0.9911668;0.9911746;0.99118674;0.9911956;0.99120474;0.99121356;0.9912234;0.9912336;0.99124324;0.9912529;0.9912624;0.9912721;0.99128145;0.99128973;0.9913015;0.9913119;0.99132293;0.9912758;0.99128765;0.9912966;0.9913055;0.99131536;0.9913243;0.9913335;0.99134237;0.9913517;0.9913604;0.99136895;0.99137735;0.9913852;0.9913936;0.9914017;0.9914122;0.991421;0.9914285;0.9914377;0.9914481;0.99145705;0.99146605;0.9914751;0.99148417;0.99149275;0.9915024;0.9915107;0.9915203;0.99152726;0.99153626;0.99154544;0.9915538;0.9915629;0.9915724;0.9915818;0.9915892;0.991598;0.9916061;0.9916147;0.99162394;0.9916318;0.9916393;0.99164724;0.99165606;0.9916642;0.9916716;0.99168015;0.9916879;0.9916963;0.9917048;0.9917114;0.99172044;0.991728;0.9917351;0.99174327;0.9917516;0.9917601;0.9917684;0.9917768;0.9917846;0.9917911;0.99179965;0.99180764;0.9918178;0.9918248;0.99183166;
0.6043956;0.58235294;0.596;0.6168224;0.6333333;0.6717391;0.69758815;0.72861844;0.75877196;0.78210115;0.79882354;0.813449;0.8271728;0.83816653;0.850346;0.8614892;0.8698269;0.8760745;0.88294995;0.8884591;0.8937999;0.89841455;0.9031897;0.9076841;0.91100824;0.91431403;0.91761905;0.9208238;0.9231453;0.92591006;0.9285124;0.93055;0.9325536;0.93434536;0.9361152;0.9377698;0.93927693;0.9409153;0.94208235;0.9435563;0.945027;0.94627327;0.9474164;0.94858843;0.9495333;0.9505007;0.95151347;0.95242023;0.95340693;0.9544617;0.9551581;0.9558561;0.95669585;0.95751476;0.95839345;0.9591981;0.9598701;0.96057427;0.9612629;0.9619446;0.9625784;0.9621599;0.9627459;0.96328384;0.9638211;0.96441424;0.9649192;0.9653562;0.9657955;0.966179;0.96666664;0.9671101;0.9675892;0.96805453;0.96851784;0.9690111;0.9694158;0.96973306;0.97006893;0.97051024;0.97082925;0.9711928;0.9715655;0.971911;0.9722352;0.9725436;0.9729195;0.97326124;0.9735631;0.9738504;0.9740827;0.9743442;0.9745823;0.974841;0.9751362;0.9753667;0.97563314;0.97588074;0.9761362;0.97638005;0.9766251;0.97688913;0.97708845;0.9773364;0.97757906;0.97779167;0.97800297;0.97819966;0.97841114;0.9786006;0.9787893;0.9789921;0.97917885;0.9793503;0.97954965;0.97976124;0.97990745;0.9800426;0.9802134;0.9803532;0.9805124;0.9806941;0.9808664;0.9810073;0.981166;0.98133194;0.98147374;0.98162675;0.98177725;0.9819344;0.9820817;0.982232;0.982364;0.9824769;0.98252296;0.9822709;0.9822047;0.9823507;0.9824877;0.9825817;0.982707;0.98282903;0.9829744;0.98308957;0.98319405;0.9833153;0.98344517;0.9835629;0.98366445;0.98376197;0.98386395;0.98397577;0.9840942;0.9841988;0.9843207;0.98435265;0.9844534;0.9845528;0.9846573;0.9847591;0.98485094;0.9849222;0.9850157;0.9851069;0.9851958;0.98527664;0.9853532;0.9854369;0.9855151;0.985367;0.9854593;0.9854562;0.98552823;0.98560494;0.9856874;0.9857678;0.98585886;0.9859436;0.98601294;0.98608565;0.9861556;0.9862249;0.9862974;0.98637116;0.98645663;0.98652387;0.9865961;0.98665357;0.9867096;0.9867195;0.98678386;0.9868466;0.98692673;0.98699355;0.9868608;0.9869307;0.98699206;0.9870684;0.98712075;0.9871913;0.98727787;0.98734343;0.9874165;0.9874831;0.98753774;0.98761255;0.98767704;0.98772615;0.9877795;0.9878431;0.98759276;0.987652;0.9874614;0.9875154;0.98744875;0.9875114;0.98756593;0.9876163;0.98767734;0.9877385;0.98778814;0.98784107;0.98789346;0.9879447;0.98799974;0.9880508;0.9881118;0.98817694;0.988215;0.9882703;0.98831844;0.9883675;0.98842263;0.9884838;0.9885334;0.98858005;0.9886263;0.98868716;0.9887344;0.98878556;0.98882955;0.98887986;0.9889177;0.9889613;0.9890086;0.98905146;0.9890969;0.9891471;0.9891883;0.9892298;0.98926985;0.98930734;0.9893429;0.98937935;0.9894237;0.98945963;0.9894985;0.98953176;0.9895595;0.989596;0.98963493;0.989672;0.9897094;0.98974025;0.98978627;0.98982275;0.98986703;0.9899055;0.9899411;0.9899785;0.9900151;0.99004567;0.99008274;0.99011904;0.99015844;0.9901914;0.98998713;0.990028;0.9897887;0.9897815;0.98977005;0.9897611;0.98979735;0.98982906;0.98986816;0.9899041;0.9899398;0.9899748;0.9900146;0.9900468;0.9900851;0.9901169;0.9901467;0.99018335;0.9902101;0.99024326;0.9902749;0.99030674;0.99034005;0.9903669;0.9903985;0.99042624;0.9904546;0.99048656;0.9905166;0.9905477;0.9905786;0.99060774;0.9906382;0.9906681;0.99069947;0.99073017;0.9907599;0.99078554;0.99081147;0.99083567;0.9908624;0.9908962;0.99092865;0.99095976;0.99098766;0.9910213;0.9910528;0.9910823;0.9911113;0.9911365;0.9911658;0.9911921;0.9912147;0.9912414;0.9912655;0.9912905;0.99131334;0.9911819;0.99096966;0.9910009;0.99102277;0.99104697;0.991077;0.99110436;0.99113226;0.9911583;0.9911852;0.9912119;0.9912395;0.99126554;0.99129903;0.99132574;0.99135035;0.991378;0.99140424;0.9914284;0.9914511;0.9914734;0.99149776;0.99152195;0.99154514;0.9915688;0.99140745;0.991432;0.99145454;0.9914748;0.99150294;0.9915217;0.9915432;0.9915703;0.9915936;0.9916156;0.99163747;0.99165565;0.99167883;0.99170184;0.99172616;0.9917495;0.9917739;0.99179554;0.99181587;0.9918362;0.9918589;0.991882;0.99190426;0.9919288;0.9919491;0.991969;0.99198574;0.9920079;0.9920294;0.99204946;0.9920659;0.99208605;0.99210554;0.99212545;0.9921466;0.99216896;0.9921896;0.9922122;0.99223053;0.9922491;0.9922683;0.9922864;0.9923049;0.9923251;0.99234396;0.9923604;0.99237984;0.9924009;0.9924186;0.99243844;0.99245626;0.9924761;0.99249834;0.9925158;0.9925323;0.9925525;0.99257046;0.992587;0.9926059;0.9926218;0.9926378;0.99265516;0.9926756;0.9926923;0.99271005;0.9927273;0.9927431;0.9927563;0.9927731;0.9927909;0.99280953;0.99282604;0.9928443;0.9928598;0.9928776;0.99289596;0.99291277;0.9929311;0.9929448;0.99296093;0.9929782;0.992994;0.99300784;0.9930212;0.9930359;0.9930508;0.9930661;0.9930808;0.99309635;0.9931118;0.99312776;0.99314326;0.9931553;0.9931705;0.9931858;0.99320126;0.9932176;0.9932317;0.9932458;0.9932592;0.9932726;0.99328935;0.99330395;0.99332154;0.99333483;0.99334663;0.99335945;0.9933754;0.99338925;0.993404;0.993419;0.99343306;0.9934454;0.9934613;0.9934766;0.9934331;0.9934463;0.9934586;0.9934711;0.99348265;0.9934952;0.9935097;0.9935218;0.9935339;0.99354416;0.9935579;0.99357086;0.9934751;0.9934344;0.9934458;0.9934611;0.99347305;0.9934857;0.99349743;0.99350995;0.9935251;0.9935389;0.99355096;0.9935621;0.9935749;0.99358684;0.99360126;0.9936146;0.99360305;0.9934311;0.9932874;0.99329895;0.9933126;0.993325;0.9933366;0.9933489;0.9933612;0.9933768;0.99338675;0.99339813;0.9934114;0.9934248;0.9934362;0.9934472;0.9934587;0.9934726;0.99348766;0.99349976;0.9935108;0.9935239;0.99353796;0.99355084;0.9935633;0.99357814;0.9935896;0.9936021;0.9936142;0.99362373;0.9936371;0.9936486;0.99366164;0.9936748;0.9936863;0.9936975;0.9937079;0.99371874;0.993731;0.993743;0.99375445;0.99376565;0.99377733;0.9937909;0.9938022;0.99381375;0.9938245;0.9938364;0.9938472;0.9938587;0.9938693;0.9938813;0.99389166;0.99390227;0.9939132;0.99392414;0.99393564;0.99394697;0.9939578;0.99396867;0.9939799;0.99399143;0.9940033;0.9940144;0.9940248;0.9940353;0.9940465;0.99405646;0.9940674;0.9940779;0.9940898;0.99410003;0.9941129;0.99412316;0.99413353;0.994073;0.9940373;0.99404615;0.99405617;0.994068;0.9940799;0.9940882;0.9940986;0.99410766;0.9941174;0.99412966;0.99413943;0.99415123;0.9941612;0.9941716;0.994181;0.99418956;0.99419945;0.99420875;0.9942194;0.9942295;0.99423933;0.99424845;0.99425846;0.9942015;0.99421114;0.9942223;0.99423254;0.9942422;0.994251;0.99426;0.99427056;0.994279;0.9942889;0.99429905;0.9943081;0.9943183;0.99432844;0.9943379;0.9943473;0.9943575;0.9943656;0.9943746;0.994383;0.9943932;0.99440324;0.994414;0.9944231;0.9944317;0.9944398;0.99444854;0.99445844;0.99446666;0.99447584;0.9944835;0.9944904;0.99449897;0.99450654;0.9945144;0.99452305;0.99453133;0.9945389;0.9945477;0.994556;0.9945643;0.99457294;0.9945791;0.9945864;0.9945944;0.9946021;0.99460906;0.99461985;0.99462867;0.9946372;0.99464613;0.9946536;0.9946622;0.99466944;0.99467605;0.99468386;0.99469125;0.9946979;0.9947058;0.9947134;0.9947208;0.9947278;0.99473643;0.9947442;0.9947524;0.9947606;0.99476886;0.99477655;0.9947849;0.9947931;0.99479944;0.99480724;0.99481547;0.9948235;0.99482983;0.9948384;0.99484634;0.9948534;0.9948219;0.9948297;0.994837;0.99484456;0.99485236;0.9948602;0.99486786;0.9948745;0.9948822;0.99488914;0.99489725;0.9949054;0.9949133;0.99491996;0.9949278;0.99493563;0.9949431;0.99495035;0.99495757;0.9949649;0.9949727;0.99497855;0.9949852;0.994992;0.9949999;0.9950067;0.9950143;0.9950215;0.99502844;0.9950363;0.9950439;0.99494046;0.99494797;0.99495614;0.99496335;0.99497145;0.99497795;0.9949846;0.9949922;0.99499863;0.9950044;0.9950126;0.9950195;0.9950267;0.9950324;0.9950394;0.99504644;0.99505156;0.9950593;0.9950663;0.99507254;0.995079;0.9950853;0.9950931;0.99509954;0.99510616;0.9951132;0.99511987;0.9951258;0.9951332;0.99513906;0.9951466;0.9951535;0.99516046;0.99516773;0.9951741;0.9951807;0.99518627;0.9951928;0.9951988;0.99520475;0.99510586;0.9951127;0.99511886;0.99512714;0.9951333;0.99513876;0.99514514;0.9951527;0.9951593;0.9951651;0.99517184;0.9951783;0.99518484;0.99518996;0.995196;0.9952022;0.99520886;0.9952148;0.9952206;0.99522674;0.9952321;0.9952394;0.9952456;0.99525154;0.9952575;0.9952647;0.9952707;0.9952759;0.9952823;0.99528867;0.99529475;0.9953009;0.9953074;0.99531466;0.995321;0.9953266;0.99529934;0.99530494;0.9953104;0.99531466;0.9953206;0.9953264;0.99533176;0.99533767;0.9953435;0.995349;0.99535483;0.9953611;0.9953659;0.9953713;0.9953756;0.99538165;0.9953382;0.9953441;0.99526817;0.99524146;0.995247;0.99525213;0.9952585;0.99526423;0.9952695;0.9952752;0.9952818;0.9952879;0.9952945;0.9953009;0.9953056;0.99531114;0.9953164;0.9953214;0.99532807;0.9953346;0.9953405;0.99533075;0.9951927;0.9951985;0.9952039;0.9952102;0.9952159;0.9952209;0.99522626;0.9952323;0.995239;0.99524456;0.9952495;0.9952553;0.99526083;0.99526614;0.9952724;0.9952779;0.99528354;0.99528974;0.99529546;0.9953;0.9953049;0.9953109;0.9952708;0.99527675;0.99528146;0.9952881;0.9952934;0.99529797;0.99530405;0.9953093;0.9953154;0.99531996;0.99532616;0.9953324;0.9953384;0.9953439;0.99535;0.9953551;0.99535996;0.9953656;0.99537194;0.9953778;0.9953823;0.99538755;0.995393;0.9953982;0.9954033;0.99540865;0.995414;0.99541986;0.9954251;0.99543005;0.9954358;0.9954261;0.99543077;0.9954362;0.99535185;0.99535644;0.99536186;0.9953674;0.99537194;0.99537635;0.9953816;0.99538654;0.99539214;0.9953971;0.9954021;0.99540734;0.9954126;0.9953586;0.99534804;0.99535376;0.99534404;0.99531907;0.9953249;0.99532944;0.9953348;0.9953397;0.9953443;0.9953488;0.99535376;0.99535936;0.9953639;0.99536836;0.995374;0.9953789;0.9953834;0.9953889;0.9953931;0.99539864;0.9954046;0.99540913;0.99541444;0.9954196;0.9954249;0.99542934;0.99543387;0.9954386;0.99544364;0.995448;0.9954532;0.9954575;0.9954618;0.9954667;0.99547195;0.9954771;0.9954819;0.99548554;0.99549073;0.9954952;0.9955007;0.9955052;0.9955104;0.99551564;0.9955205;0.9955245;0.9955295;0.99553454;0.9955397;0.9955447;0.9955493;0.99555415;0.9955588;0.99556345;0.9955679;0.995572;0.99557626;0.9955803;0.9955843;0.9955888;0.99559426;0.99559975;0.9956047;0.9956099;0.9956146;0.99561906;0.99562377;0.99562794;0.99563205;0.9956369;0.99564165;0.9956455;0.99564993;0.9956546;0.99565816;0.9956625;0.99566746;0.99567187;0.9956762;0.9956804;0.99568456;0.99568933;0.99569356;0.99569786;0.9957021;0.9957065;0.9957107;0.99571484;0.99571985;0.99572366;0.99572796;0.9957329;0.9957372;0.9957429;0.9957467;0.99575067;0.9957149;0.99571896;0.9957238;0.99572885;0.9957333;0.99573755;0.99574137;0.9957453;0.9957487;0.9957538;0.9957575;
0.7051282;0.61290324;0.5151515;0.48821548;0.5;0.4486607;0.4235977;0.39827585;0.37099236;0.37551582;0.38295165;0.40445486;0.4426581;0.46548325;0.4779412;0.50601375;0.5222672;0.53457654;0.5534407;0.5715278;0.5856096;0.6060798;0.62424606;0.6390498;0.65335554;0.6693122;0.67862636;0.6900296;0.70009553;0.7092593;0.7194469;0.729811;0.73747915;0.7471865;0.7541048;0.7601068;0.7666914;0.77210146;0.777817;0.7838488;0.79019344;0.7949136;0.7996177;0.8045977;0.8086983;0.8130202;0.8173105;0.82125604;0.8253263;0.8289831;0.8328017;0.8361979;0.8394999;0.8424349;0.84560627;0.8481043;0.8509832;0.8535847;0.8559652;0.8583014;0.8606557;0.8630525;0.86507934;0.8672716;0.8692579;0.8710537;0.87280434;0.87432677;0.87507355;0.8755564;0.8773369;0.87922615;0.8809039;0.88244975;0.8838302;0.8854037;0.8869351;0.88846487;0.8899726;0.89118296;0.8925648;0.8937541;0.89529395;0.8967234;0.897823;0.8990581;0.9002946;0.90145594;0.90263474;0.9036993;0.90464187;0.9057323;0.90658146;0.9076415;0.90857387;0.90953857;0.91045815;0.9113103;0.91217047;0.9129434;0.91392237;0.9149133;0.91571635;0.91656935;0.91746885;0.91818297;0.9189564;0.91983545;0.9205192;0.9211236;0.9218617;0.92248344;0.92315966;0.9239773;0.9246543;0.9251978;0.9259302;0.92648906;0.9270727;0.9277447;0.92829263;0.9288244;0.9293717;0.93004024;0.9305841;0.93108994;0.9315156;0.9320942;0.9327054;0.9331948;0.9336018;0.9342401;0.9347208;0.9351618;0.9356034;0.9361216;0.936594;0.937004;0.93751824;0.9380121;0.93851006;0.93893635;0.9393625;0.9397771;0.94024163;0.9407264;0.94114953;0.9415561;0.9419518;0.942399;0.9427987;0.9432029;0.94353706;0.9438575;0.9441792;0.944569;0.94490147;0.94524866;0.94564205;0.94592094;0.9462734;0.9466301;0.9470128;0.9472994;0.94763845;0.94791836;0.9482537;0.9485682;0.9488993;0.9492422;0.94946957;0.94974995;0.950035;0.9502784;0.9505613;0.9507958;0.9511361;0.951402;0.9516396;0.95191085;0.9521933;0.9524584;0.95267886;0.9529214;0.95318186;0.9534328;0.953701;0.9539266;0.95413697;0.954381;0.95460963;0.9547947;0.9550129;0.9552384;0.95544934;0.95565826;0.9558652;0.9561032;0.956312;0.9564923;0.9566478;0.9568717;0.9570273;0.95724165;0.9574426;0.95766675;0.95786095;0.95805883;0.95824134;0.958484;0.9582101;0.9584346;0.95841295;0.95860016;0.9588402;0.95903903;0.95919514;0.95940316;0.95958406;0.959746;0.9599411;0.96010506;0.9602943;0.96047217;0.9606508;0.96080905;0.960952;0.9611101;0.96126467;0.96144766;0.9616221;0.96177936;0.9619309;0.9619269;0.9619653;0.96213603;0.9622901;0.9624279;0.96258813;0.96276176;0.9629108;0.96306485;0.9632156;0.9633977;0.96351945;0.96367854;0.9638064;0.9639689;0.9641241;0.96424884;0.9643186;0.96439743;0.96450436;0.9646486;0.9647974;0.96492624;0.96510214;0.96521235;0.9653364;0.9654668;0.96559083;0.96571577;0.9658111;0.96584713;0.9659784;0.9660809;0.9661983;0.9663269;0.96647143;0.9665811;0.9667134;0.9668547;0.9669586;0.9670847;0.96720827;0.9673212;0.9674462;0.9675369;0.9676492;0.9677592;0.96789634;0.9680216;0.96816415;0.96827674;0.9683825;0.96849644;0.96860963;0.9687235;0.9688453;0.96895456;0.9690602;0.9691392;0.96926355;0.969367;0.9694783;0.9695762;0.9696831;0.9697646;0.96985793;0.9699439;0.97005504;0.9701667;0.9702629;0.9703571;0.9704692;0.97053736;0.9706571;0.9707502;0.97084266;0.970946;0.97104734;0.9711392;0.97124916;0.9713583;0.97143346;0.97154367;0.9716312;0.9717146;0.9718047;0.9718811;0.97197723;0.97206795;0.97216636;0.9722663;0.9723506;0.9724252;0.9725075;0.97259253;0.9726895;0.97275114;0.97285587;0.97289586;0.9729949;0.9730726;0.97315085;0.97323835;0.973321;0.97340107;0.9734764;0.97355866;0.97363937;0.9737185;0.9737589;0.973678;0.9737564;0.97382504;0.97389543;0.9739735;0.97404104;0.9741183;0.9741841;0.97424763;0.9743009;0.97437465;0.97444797;0.9744048;0.9744805;0.9742543;0.97431546;0.97404844;0.97410977;0.97418535;0.9742729;0.9743504;0.9740852;0.97412676;0.97420686;0.97398686;0.9736543;0.9735053;0.9735835;0.973343;0.9730405;0.97296613;0.9730022;0.97306436;0.9731349;0.973206;0.97328055;0.9732508;0.973322;0.97339934;0.9734707;0.9735444;0.9736233;0.9736971;0.97376317;0.9738453;0.9739106;0.97397655;0.9740403;0.9741056;0.9741678;0.97419906;0.97426873;0.97434413;0.9744217;0.9744858;0.97454363;0.97460455;0.9746695;0.97473407;0.97479665;0.9748581;0.97492594;0.9749925;0.97504723;0.97510827;0.9751649;0.97521967;0.9752823;0.9753479;0.97540987;0.9754779;0.97553366;0.97560185;0.9756579;0.975712;0.9757699;0.9758344;0.9758862;0.97594404;0.97599924;0.9760542;0.9761051;0.9761633;0.976216;0.9762835;0.97634083;0.97638613;0.9764386;0.97637403;0.97636765;0.9763303;0.9763528;0.97640914;0.9763418;0.9764;0.97637165;0.97643024;0.97647995;0.976523;0.9765651;0.97661704;0.97666806;0.97671604;0.97676873;0.9768191;0.97686785;0.9769323;0.9769833;0.9770389;0.97708946;0.97713166;0.9771838;0.9772344;0.9772835;0.9773309;0.9773789;0.9774306;0.97748405;0.97753793;0.9775824;0.9776332;0.9776921;0.97773796;0.9777861;0.9778481;0.97789896;0.9779483;0.97799623;0.97804075;0.9780895;0.97813;0.9781703;0.9782129;0.978267;0.97830683;0.9782432;0.97829074;0.9783375;0.9783823;0.9784311;0.9784755;0.9785274;0.9785702;0.9786217;0.97866064;0.97869766;0.9787351;0.9787841;0.97883105;0.97886807;0.97891927;0.9789554;0.9790005;0.9790431;0.9790873;0.9791352;0.97911847;0.9791527;0.9791879;0.9790339;0.9787359;0.9785634;0.9786062;0.97859967;0.9785898;0.97860414;0.97844326;0.978408;0.97845113;0.9785048;0.97854865;0.97858787;0.97863245;0.9786747;0.9787102;0.9787504;0.9787966;0.9788376;0.9788769;0.9789176;0.9789566;0.9790034;0.97903883;0.9790838;0.97912264;0.9791667;0.9792058;0.97924155;0.97928244;0.97931594;0.9793529;0.9793949;0.9794311;0.97946817;0.9795118;0.9795516;0.9795888;0.9796299;0.9796718;0.97971;0.97974306;0.9797761;0.9798089;0.9798461;0.97987777;0.9799059;0.9799491;0.9799922;0.98002875;0.9800666;0.98010194;0.98014194;0.9801731;0.98020995;0.9802414;0.9802804;0.980314;0.9803475;0.9803809;0.98041326;0.98044175;0.9804729;0.9805054;0.9805424;0.9805765;0.98061097;0.9806435;0.98067635;0.9807127;0.98074305;0.9807787;0.98080885;0.9808402;0.9808069;0.98077327;0.9808028;0.98083484;0.980873;0.9809;0.9809308;0.98096424;0.9809962;0.9810276;0.9810594;0.9810845;0.98112;0.98115146;0.9811824;0.9812149;0.9812443;0.98127705;0.981308;0.9813388;0.98137456;0.98140645;0.9814357;0.98146653;0.9814993;0.98152745;0.98156375;0.98159534;0.9816224;0.9816481;0.9816754;0.98170584;0.981739;0.9817676;0.9817925;0.981829;0.9818605;0.98188955;0.9819161;0.981943;0.98197645;0.9820008;0.98203135;0.9820579;0.9820902;0.98212314;0.9821502;0.9821737;0.98220056;0.9822293;0.9822591;0.98228496;0.9823168;0.9823436;0.98237115;0.98240083;0.98242855;0.982455;0.98247886;0.9825063;0.98253256;0.9825665;0.9825926;0.9826237;0.9826496;0.98267764;0.9827027;0.9827269;0.9827507;0.98277944;0.9828056;0.98283064;0.98285633;0.98288405;0.9829074;0.9829363;0.9829677;0.9828903;0.9829181;0.9829402;0.98296326;0.98299116;0.98301864;0.983046;0.98307395;0.98310083;0.98312485;0.9831529;0.98317677;0.9832023;0.983226;0.9832507;0.98327225;0.98330086;0.98332965;0.98335135;0.9833767;0.98340225;0.9834307;0.98345315;0.98348075;0.983506;0.9835276;0.983556;0.9835865;0.98360723;0.9836301;0.98365265;0.98367614;0.9836976;0.98372054;0.98374444;0.9837654;0.98378724;0.98381156;0.9838305;0.98385376;0.9838769;0.9839025;0.9839274;0.9839495;0.9839724;0.9839949;0.9840162;0.9840419;0.9840643;0.9840866;0.98410666;0.9841273;0.9841482;0.9841696;0.984194;0.9842171;0.98420584;0.98405695;0.98385143;0.98372203;0.9836127;0.9835402;0.98354584;0.9833784;0.98315704;0.98316133;0.98301756;0.9827998;0.98280203;0.9827156;0.98262906;0.98261386;0.98260385;0.9824581;0.9821521;0.9817846;0.98152965;0.98135525;0.98108625;0.98090845;0.98080736;0.9807248;0.9805461;0.9803022;0.9800365;0.979825;0.9795276;0.97953993;0.97954965;0.97945577;0.979484;0.97940415;0.9794317;0.9794602;0.9794883;0.97951627;0.97954535;0.97956955;0.9796013;0.97962505;0.9796516;0.9796759;0.9797052;0.97972864;0.97975993;0.9797815;0.97980905;0.97983336;0.97986436;0.97988814;0.97991824;0.9799455;0.9799687;0.9799965;0.98002386;0.98004204;0.9800661;0.98008907;0.9801134;0.9801363;0.9801584;0.98018014;0.98020285;0.9802269;0.9802529;0.9802792;0.98030376;0.9803292;0.9803485;0.9803783;0.9804033;0.9804302;0.9804543;0.9804781;0.9805065;0.9805321;0.98055834;0.9805862;0.9806119;0.98063827;0.9806626;0.9806861;0.98071325;0.980739;0.9807663;0.98078966;0.9808168;0.9808426;0.9808677;0.98088855;0.98091155;0.98093516;0.9809578;0.9809794;0.98100096;0.98102593;0.9809825;0.9810052;0.98102975;0.9810552;0.9810806;0.98110026;0.98112583;0.9810702;0.98107773;0.98106605;0.9810088;0.9810006;0.9809594;0.98096824;0.9809225;0.9809465;0.98085165;0.9808788;0.9808996;0.9809198;0.9809411;0.98096055;0.98098123;0.98100245;0.98102295;0.98104596;0.981067;0.9810902;0.9811151;0.9811375;0.9811584;0.9811822;0.9812063;0.98122823;0.9812528;0.981277;0.98130053;0.9813228;0.98134416;0.9813649;0.98139083;0.98140997;0.981427;0.9814487;0.98147124;0.9814946;0.9815173;0.9815423;0.9815608;0.981586;0.9816102;0.98163116;0.981653;0.9816807;0.9817038;0.9817268;0.98174447;0.9817671;0.9817861;0.9818092;0.98182887;0.98185134;0.98176545;0.9817851;0.9818045;0.98182714;0.9818444;0.98177105;0.9817928;0.9817372;0.98172754;0.9816574;0.9816493;0.9816581;0.98155534;0.98140997;0.98128015;0.98128575;0.981291;0.98113006;0.9809832;0.98083776;0.98081243;0.9808188;0.9808083;0.98082966;0.98083305;0.98082346;0.98084706;0.98086226;0.98088515;0.9809043;0.98092026;0.9809424;0.98096573;0.98099035;0.981011;0.98103154;0.98105377;0.9810748;0.98109776;0.9811195;0.9811382;0.98116016;0.9811646;0.9810849;0.9811077;0.9811257;0.98110247;0.9810641;0.9810849;0.98110616;0.98112684;0.98114777;0.9811683;0.98118806;0.9812064;0.98122466;0.9812486;0.981269;0.98129153;0.9813083;0.9813272;0.98134416;0.9813659;0.98138016;0.9813989;0.98141575;0.98143524;0.98145574;0.9814759;0.9814921;0.98150873;0.98152727;0.9815497;0.98157203;0.98158854;0.9816066;0.9816257;0.98164684;0.98166424;0.9816856;0.98170394;0.98172385;0.981743;0.98176074;0.98177797;0.9818;0.98182046;0.9818361;0.98185444;0.9818742;0.9818948;0.98191434;0.98193353;0.9819537;0.98197234;0.9819909;0.98200643;0.9820237;0.98204315;0.9820596;0.98207426;0.9820919;0.98210824;0.98212975;0.9821461;0.9821653;0.9821795;0.9821999;0.9821372;0.9821294;0.98213553;0.9821113;0.98208904;0.98205245;0.98204327;0.9820314;0.9820349;0.9820117;0.9819617;0.9819561;0.9819066;0.98177624;0.9817119;0.9816495;0.9815852;0.9815213;0.9814445;0.98140603;0.98142755;
0.46666667;0.53741497;0.58035713;0.65156794;0.70140845;0.7359813;0.7479675;0.7307692;0.73919755;0.7276536;0.7298637;0.73714286;0.742236;0.75360924;0.7515639;0.75525653;0.76801264;0.78076065;0.78899086;0.7918919;0.8005115;0.80414885;0.81060606;0.816751;0.8221024;0.82307297;0.82679904;0.8328544;0.8381877;0.84430605;0.84952706;0.85465837;0.8577154;0.85903424;0.8597954;0.86082476;0.86;0.85808927;0.8575314;0.85771143;0.858854;0.8566456;0.8502938;0.8448276;0.8437223;0.8424102;0.84081864;0.8381455;0.8359673;0.83798885;0.8397603;0.8424675;0.84368736;0.8457565;0.84773165;0.8457346;0.84471905;0.8455378;0.8455303;0.8449115;0.8449175;0.84378344;0.84271556;0.8399168;0.8381089;0.83612174;0.8349901;0.8315666;0.8292022;0.82789546;0.82442605;0.8233433;0.8234214;0.82328445;0.8220717;0.82102674;0.8212552;0.8218263;0.8207643;0.8203282;0.8196396;0.8195918;0.8201903;0.81686556;0.81479734;0.81397516;0.81185687;0.8112291;0.8088235;0.8085138;0.80663145;0.80562806;0.80438834;0.80468416;0.80466557;0.8056984;0.80220085;0.8025078;0.8020524;0.8014165;0.7998676;0.7974551;0.79750293;0.79883945;0.79869634;0.79924196;0.79904723;0.79987586;0.8010104;0.8001222;0.80130684;0.8022809;0.8007613;0.80087245;0.80194086;0.80147994;0.8001833;0.80081856;0.8020282;0.8015873;0.8024582;0.8026576;0.8030896;0.8035232;0.805082;0.8056383;0.80659133;0.8067183;0.80766034;0.8082544;0.8095092;0.809606;0.81092775;0.8110134;0.81122905;0.8120693;0.81295806;0.8138633;0.8140921;0.8140867;0.81398654;0.81338227;0.8133408;0.81341624;0.81374806;0.813928;0.8141625;0.8148449;0.813374;0.81350195;0.8136448;0.8136548;0.8139311;0.81460917;0.8139615;0.81438;0.81528497;0.815511;0.81578064;0.81663185;0.81733644;0.818564;0.8193215;0.8201433;0.82109606;0.821486;0.82184;0.8227334;0.82391083;0.82479167;0.8256931;0.8265092;0.82725585;0.82819825;0.8289293;0.8295256;0.8307078;0.8313217;0.83148247;0.83219635;0.83242404;0.8328693;0.8330663;0.8328505;0.8336097;0.83426523;0.8347361;0.83485913;0.8352866;0.8355789;0.83561355;0.8351969;0.83518684;0.8348674;0.83469945;0.8353261;0.83413285;0.83324367;0.83257526;0.8323796;0.83174413;0.83150953;0.830185;0.82912344;0.8280164;0.82705116;0.8263558;0.8253958;0.82524085;0.8233651;0.8220607;0.8185988;0.817244;0.81678915;0.81439275;0.81258094;0.8105502;0.8076335;0.8043968;0.8004484;0.796875;0.79280955;0.78930384;0.7861096;0.7834055;0.77966005;0.77645195;0.77272725;0.76939654;0.76671696;0.76290864;0.7593998;0.75596637;0.75239235;0.74910676;0.7457235;0.74166197;0.738428;0.7356904;0.7322656;0.72883224;0.725989;0.7230887;0.719976;0.7172403;0.71421623;0.71152395;0.70888996;0.7052952;0.70207226;0.69969285;0.6968882;0.6944707;0.6916715;0.68907434;0.685962;0.6828424;0.68059134;0.6778331;0.6751661;0.672931;0.67077875;0.6681669;0.6655082;0.6628374;0.66018784;0.6573959;0.65485454;0.652655;0.6505982;0.6480137;0.64548117;0.64318746;0.64081675;0.6386177;0.6359742;0.63350433;0.63117415;0.6289509;0.626654;0.62472814;0.62275535;0.62044513;0.6182099;0.61610556;0.61412966;0.6119679;0.61024386;0.6083894;0.60618436;0.6037744;0.6015479;0.5994737;0.5976029;0.5958243;0.59373593;0.5915827;0.5896292;0.5875578;0.5853972;0.58366466;0.5819936;0.58025557;0.57794595;0.5760562;0.5741787;0.5723878;0.57036173;0.5685701;0.5666438;0.5647305;0.5628781;0.5609187;0.55892557;0.55704045;0.55530804;0.5536096;0.5520137;0.55058753;0.5487126;0.54691833;0.5453382;0.543633;0.5419606;0.54023224;0.53871244;0.53707016;0.53552467;0.53390175;0.53233147;0.53079176;0.52928215;0.5277157;0.52613974;0.5245316;0.5229746;0.5215092;0.5202567;0.5187657;0.51732373;0.5160711;0.5142835;0.5126673;0.51116014;0.50966173;0.50826985;0.5067301;0.50535417;0.5036207;0.5021852;0.5007389;0.4992821;0.49766496;0.49633774;0.49494344;0.49352008;0.49206823;0.49071598;0.4892443;0.4880517;0.48661387;0.4852736;0.48392296;0.48243883;0.4809463;0.47955;0.47836947;0.47695363;0.4758201;0.47441927;0.47319606;0.47182748;0.4705673;0.46919718;0.4680007;0.46676087;0.46536362;0.46399102;0.46261027;0.46139878;0.4601616;0.45902663;0.45792902;0.45678926;0.45557663;0.4543079;0.45299965;0.45180702;0.45062065;0.44945577;0.44841862;0.44720456;0.4462531;0.44524562;0.44409344;0.44290262;0.44161487;0.44048133;0.43945593;0.43817356;0.43724564;0.43606243;0.43500015;0.43409988;0.43320328;0.4321125;0.43102717;0.4297655;0.4289842;0.42769292;0.42668474;0.42570877;0.42453253;0.42345777;0.42242894;0.421553;0.42077443;0.41974524;0.4185752;0.4177859;0.4168243;0.41577557;0.41484922;0.41381037;0.41286695;0.41188934;0.41094187;0.40992248;0.40880698;0.4078862;0.4070072;0.4061943;0.40537226;0.40447927;0.40356556;0.40252107;0.4015064;0.40073964;0.39981854;0.39888963;0.39789316;0.39692548;0.39604554;0.39509863;0.39420956;0.39329487;0.39253587;0.3916637;0.39067996;0.38982752;0.388933;0.38811097;0.38696364;0.38605967;0.38518238;0.38437608;0.3835843;0.38285118;0.3820215;0.38117343;0.3802744;0.37934697;0.3785432;0.37764576;0.37685993;0.3760239;0.37529805;0.3743523;0.37352735;0.37284264;0.37207666;0.37125126;0.37048143;0.3696631;0.36898217;0.3682217;0.36751541;0.36665928;0.36587796;0.36518064;0.36443573;0.3637539;0.3630248;0.36224896;0.36156538;0.3608253;0.36007842;0.3592663;0.35857448;0.35785627;0.3570734;0.35622677;0.35556573;0.35488805;0.35406122;0.3533043;0.35257882;0.351875;0.3510435;0.35029012;0.34957695;0.3490048;0.34830603;0.347674;0.34679747;0.34603506;0.34534818;0.344655;0.34402728;0.34342858;0.34276974;0.34190112;0.3413186;0.34056255;0.33984476;0.33912128;0.33845288;0.33788204;0.3372271;0.3366004;0.33602723;0.33535394;0.33481047;0.33414203;0.33352673;0.33289692;0.33229455;0.33170268;0.33099684;0.33022803;0.32956132;0.32887274;0.3282441;0.3276097;0.32700202;0.32636437;0.32572117;0.32514447;0.32466543;0.32406864;0.32355317;0.3229841;0.32224417;0.32160926;0.32101583;0.32045564;0.31986645;0.3192255;0.31865615;0.31800473;0.3174626;0.31691474;0.31636876;0.31580958;0.31522983;0.31468964;0.31419608;0.31372643;0.31312463;0.31265074;0.31208253;0.31171218;0.31116965;0.31058526;0.3100321;0.3094737;0.30882353;0.30831257;0.3077102;0.30728853;0.30669728;0.30607286;0.30562037;0.30514807;0.3046562;0.304103;0.30362839;0.30323172;0.30268365;0.3022135;0.3017379;0.3012295;0.30074334;0.30023146;0.29971457;0.29919943;0.2986591;0.2981274;0.29750395;0.29700303;0.29655033;0.29599965;0.2954906;0.29504907;0.29460886;0.2941896;0.2937063;0.2932376;0.29278982;0.29224005;0.29182106;0.29135194;0.29081398;0.29042456;0.2899345;0.2895094;0.28909817;0.28859368;0.28813484;0.28763998;0.28722158;0.28676087;0.28631407;0.28578836;0.28537533;0.28490826;0.2844305;0.283997;0.283498;0.2831279;0.28268626;0.28219786;0.28177714;0.2813098;0.28084403;0.2804392;0.2800415;0.27963307;0.27922586;0.27881393;0.2783915;0.27788278;0.2774341;0.27696365;0.27656415;0.2761716;0.27575138;0.27533245;0.27498338;0.27454397;0.2741571;0.27378267;0.2733584;0.27291292;0.27248013;0.2720655;0.2716521;0.27125663;0.2708568;0.2703531;0.26998347;0.26953793;0.26917052;0.26870582;0.26837876;0.26793852;0.26744023;0.26705155;0.26664785;0.2662454;0.2658869;0.2654601;0.2650612;0.26466882;0.2642723;0.2638717;0.2634776;0.26308987;0.26267198;0.26227105;0.26188686;0.26155034;0.2611734;0.26069993;0.26029986;0.259901;0.25944737;0.2590562;0.2586915;0.258232;0.25781935;0.25743806;0.2570779;0.2566739;0.25631586;0.25588456;0.2555238;0.25512466;0.25478074;0.25437415;0.254003;0.25357944;0.25322512;0.2529008;0.2525773;0.25224504;0.25192803;0.2515831;0.25123432;0.2508913;0.250516;0.25017017;0.24969803;0.24933568;0.24897437;0.24864683;0.24835277;0.24804544;0.2477157;0.24735907;0.24701731;0.24661212;0.24634118;0.24607544;0.24570526;0.24531345;0.24494557;0.244624;0.24427171;0.2439654;0.24363294;0.24334167;0.2429752;0.24261874;0.24229439;0.24197088;0.24163501;0.24134408;0.24101873;0.240703;0.24034007;0.24001741;0.23967391;0.23927945;0.23892942;0.23859763;0.23824531;0.23792824;0.23768033;0.23731367;0.23697361;0.236643;0.23639774;0.23612772;0.23579946;0.2354721;0.23512058;0.23479928;0.23451209;0.23420489;0.23387368;0.23358463;0.23330042;0.23296355;0.23268084;0.23238249;0.23206048;0.2317759;0.23145962;0.2311967;0.23093036;0.2306968;0.23041956;0.23009495;0.2298551;0.22957988;0.22928943;0.22905125;0.22872654;0.22844218;0.22815458;0.22784026;0.22760507;0.22728054;0.22699197;0.22675465;0.22648293;0.22615771;0.2259337;0.22565624;0.22534876;0.2250689;0.22475919;0.22448461;0.2242031;0.22388817;0.2235817;0.22331375;0.22303517;0.22277603;0.22248755;0.22222595;0.22195752;0.22171575;0.2214263;0.221145;0.22090499;0.22054411;0.22025405;0.21993916;0.21964338;0.21937388;0.21909052;0.21876085;0.21847546;0.21815844;0.2179069;0.21760227;0.21727705;0.21699908;0.21672891;0.2164488;0.21616587;0.2159013;0.21560575;0.21534605;0.21504153;0.2147553;0.2145185;0.21419898;0.2139911;0.21372837;0.2134525;0.21322203;0.21294403;0.21262917;0.21239364;0.21206342;0.21180539;0.2115277;0.21129122;0.21100143;0.21075268;0.21055144;0.21029374;0.21003;0.20979686;0.20953768;0.2092659;0.20902786;0.20881012;0.20855995;0.20834646;0.20811048;0.20786199;0.20761083;0.20740253;0.20717518;0.20694186;0.20672198;0.20647356;0.20616147;0.20592722;0.2056935;0.20547307;0.20519899;0.20494153;0.20467202;0.20444115;0.20418558;0.20394635;0.2037077;0.20345081;0.20326327;0.20305113;0.20284566;0.2026251;0.20234618;0.20209272;0.20187686;0.20164302;0.20139745;0.20118919;0.20097525;0.2007374;0.20056698;0.2003483;0.2001089;0.19988215;0.19963484;0.19942732;0.19921117;0.19897752;0.19874443;0.19852379;0.19833335;0.1981166;0.19786777;0.19769074;0.19747542;0.1972488;0.1970227;0.19678542;0.19655746;0.1963475;0.19616997;0.19594924;0.19573191;0.19555838;0.1953592;0.19512016;0.19491325;0.19469248;0.19447792;0.19423246;0.19399332;0.19375476;0.1935083;0.19331045;0.19310737;0.19288504;0.19263798;0.19243072;0.19223563;0.1920181;0.19182886;0.19162336;0.191374;0.19117223;0.1909571;0.19076169;0.190542;0.19032829;0.19011778;0.18992682;0.18971448;0.18948363;0.1892777;0.18910463;0.18889682;0.18868947;0.18849868;0.1882547;0.18807815;0.18788326;0.18767014;0.1874708;0.18726125;0.18704955;0.18684359;0.18665914;0.1864882;0.1862992;0.18613939;0.185972;0.18573974;0.18554966;0.18535478;0.18519141;0.18498693;0.18479581;0.18459478;0.1843942;0.18421198;0.18401991;0.18384865;0.18366753;0.18347657;0.18331648;0.18316174;0.1829769;0.1827672;0.1826033;0.18244222;0.18223372;0.1820157;0.18183316;0.18163604;0.18146421;0.18127038;0.18106456;0.18086661;0.18066666;0.18048188;0.18033703;0.18015787;0.17994481;0.17977619;0.17953238;0.17939614;0.17922127;0.17906612;0.17887256;0.17868906;0.17850834;0.1783376;0.17813122;0.17793967;0.17775093;0.17756733;0.177377;0.17720604;0.1770354;0.17691928;0.17689289;0.17698738;0.17714119;0.17733695;0.17767854;0.17797342;
0.48235294;0.51552796;0.55;0.5767918;0.57631576;0.57298476;0.6052632;0.645;0.6593567;0.6892068;0.702509;0.7227723;0.73833674;0.75706214;0.7697715;0.78042763;0.7914397;0.8002958;0.80704224;0.80853903;0.81674063;0.82328105;0.828834;0.83379346;0.8396825;0.845092;0.8499257;0.8542163;0.8585905;0.8639576;0.86482996;0.8682333;0.87225384;0.876183;0.8792178;0.8817365;0.8844184;0.88464284;0.88757396;0.89021075;0.89257294;0.89514565;0.89759797;0.8999691;0.90159976;0.9016296;0.9025029;0.9007699;0.90217394;0.90396714;0.9049531;0.9067997;0.90822375;0.909919;0.9113642;0.9131068;0.91427886;0.9158462;0.9174143;0.9188334;0.9202222;0.9213237;0.922479;0.9238923;0.9249268;0.92607087;0.92715096;0.9282144;0.9293029;0.93029124;0.9313707;0.9324299;0.93332094;0.9342732;0.9350696;0.9358241;0.93666196;0.93759775;0.9384958;0.9392863;0.94010675;0.9408956;0.941626;0.9422922;0.9429525;0.9435801;0.9443152;0.9450398;0.94410783;0.94481003;0.945037;0.94543856;0.94604784;0.94658244;0.9471816;0.94772345;0.9481822;0.9486826;0.9491942;0.9496685;0.9501474;0.9505845;0.9510848;0.9515751;0.9520927;0.9525086;0.9529531;0.95331913;0.9537716;0.9541646;0.9545843;0.9549637;0.9553475;0.9557564;0.9549953;0.95506537;0.95547074;0.95566505;0.95490175;0.955103;0.95547867;0.95580417;0.9561924;0.9565075;0.9568462;0.957198;0.9574854;0.9578001;0.95758086;0.9579298;0.9582472;0.95861506;0.9589389;0.9593029;0.95962423;0.95992464;0.9602049;0.9604619;0.9607462;0.9610189;0.961299;0.96158963;0.9618544;0.9621368;0.9624011;0.9626583;0.9628881;0.96314204;0.96344554;0.9636756;0.9639543;0.96421295;0.96442723;0.96463585;0.9648206;0.9650519;0.9652951;0.96553785;0.96575403;0.9659589;0.96620095;0.96639216;0.96660054;0.9668227;0.9670204;0.9671945;0.96733505;0.9675215;0.9677187;0.967883;0.9680809;0.96824646;0.9684128;0.96858233;0.96874756;0.9689111;0.9690753;0.96924245;0.96940553;0.9695806;0.9697151;0.9698665;0.9700208;0.9701911;0.97034645;0.9705002;0.9706566;0.97080505;0.97092897;0.9710809;0.9712415;0.9713901;0.9715473;0.97170275;0.97183293;0.9719717;0.9721091;0.9722756;0.9724006;0.97252446;0.97264725;0.97278726;0.9729168;0.9730433;0.9731615;0.97329986;0.9734525;0.97358096;0.97371846;0.97384095;0.9739825;0.9740976;0.9742232;0.9743264;0.9744449;0.9745576;0.97469306;0.97482395;0.9749457;0.975094;0.97521627;0.9753207;0.97544074;0.9755507;0.9756495;0.9757576;0.97585607;0.9759681;0.976089;0.9761975;0.97631747;0.97640187;0.97650754;0.97659737;0.97669053;0.97680163;0.9768892;0.97698134;0.9770884;0.97718674;0.9772676;0.97735935;0.97744656;0.9775418;0.9776227;0.9776882;0.9777778;0.97787637;0.97797406;0.9780602;0.978148;0.9782246;0.9783157;0.97840613;0.9784992;0.97858584;0.97866726;0.97875476;0.97883373;0.9789078;0.97883844;0.978913;0.97877395;0.9788153;0.9787975;0.97882974;0.97836137;0.9783291;0.9777587;0.97752976;0.9770679;0.9767488;0.9760994;0.97559166;0.9756795;0.9757763;0.97586644;0.97594655;0.9760202;0.97610277;0.9761928;0.97626954;0.9763617;0.97644305;0.9765517;0.9766284;0.97671235;0.97679126;0.9768859;0.97696155;0.9770431;0.97712296;0.97718966;0.97727275;0.9773479;0.9774174;0.977504;0.97758377;0.9776579;0.97773564;0.9778048;0.9778735;0.97795665;0.97802347;0.97809184;0.9781675;0.9782398;0.97831535;0.978399;0.9784632;0.97853535;0.97861266;0.97868663;0.97875094;0.978803;0.9788702;0.9789325;0.9789936;0.9790498;0.9791093;0.9791728;0.97923774;0.9792996;0.97935253;0.97941375;0.97947973;0.9795368;0.9796062;0.97967345;0.97973114;0.9797951;0.9797745;0.97982883;0.9795653;0.9794554;0.979511;0.97944707;0.97939926;0.9791458;0.97897047;0.9787911;0.97884923;0.97860223;0.9778803;0.9779377;0.97780395;0.9778673;0.97784454;0.9779117;0.9778967;0.9778826;0.9779423;0.9779966;0.97779226;0.9774482;0.9774244;0.97713786;0.976671;0.9762418;0.97610146;0.9759127;0.975985;0.9760416;0.97610605;0.97616476;0.97621703;0.9762717;0.97634625;0.97641164;0.9764654;0.9765276;0.97659534;0.9766568;0.9767197;0.9767813;0.97684264;0.97690034;0.97695935;0.9770156;0.9770626;0.9771224;0.9771787;0.9772388;0.9773001;0.97735953;0.9774131;0.9774735;0.9775281;0.97758394;0.9776458;0.9777011;0.9777538;0.9778117;0.9778631;0.9779128;0.9779683;0.97802573;0.9780702;0.9781167;0.97817117;0.978232;0.9782882;0.97834545;0.97839373;0.9783414;0.97832733;0.97834975;0.9783735;0.9784247;0.9784692;0.97852;0.9785733;0.9786285;0.97868484;0.97874296;0.9787973;0.97885275;0.978901;0.97896343;0.97901326;0.97906554;0.9791061;0.9791559;0.97920483;0.9792575;0.9792967;0.97933567;0.9793791;0.97943026;0.97941315;0.97946334;0.9795068;0.97955775;0.9796053;0.9796494;0.97969466;0.97974217;0.97978383;0.97967684;0.9797134;0.9797567;0.9798067;0.979854;0.97990227;0.979916;0.9799559;0.97999936;0.9798934;0.97994775;0.9799994;0.98004836;0.9800905;0.98013306;0.9801772;0.98021466;0.9802632;0.98030907;0.98035187;0.9803974;0.98044443;0.9804872;0.98053324;0.9805831;0.9806173;0.98066163;0.9807068;0.9807541;0.98079944;0.9808379;0.98088676;0.98093367;0.9809716;0.981005;0.98103994;0.98107964;0.98112077;0.98115903;0.9812025;0.98124254;0.9812814;0.9813185;0.98135275;0.9813875;0.981421;0.9814617;0.9815038;0.98154104;0.98157096;0.9816038;0.9816468;0.98167837;0.98171794;0.98175436;0.9817966;0.9818342;0.9818786;0.98191583;0.98194945;0.9819869;0.98202467;0.9820662;0.98209876;0.9821351;0.9821723;0.9822069;0.98224854;0.98228425;0.9823137;0.98234963;0.9823892;0.9824314;0.98243654;0.9823933;0.98229223;0.9821938;0.9822008;0.9819976;0.9819304;0.98186153;0.9817687;0.9816701;0.98156744;0.9816005;0.9815277;0.9815439;0.9815754;0.98160875;0.9816452;0.98166436;0.9815956;0.98157686;0.98160934;0.9816408;0.9816713;0.9817053;0.98168564;0.9815402;0.98155457;0.9813603;0.9813657;0.9813225;0.9813591;0.98139185;0.98142356;0.9813862;0.98142236;0.9814105;0.9814502;0.981481;0.9814861;0.9814453;0.9813801;0.98139215;0.9813895;0.9814047;0.981437;0.98144615;0.9814752;0.98143774;0.98132706;0.9813349;0.9811504;0.98116267;0.98119265;0.9811257;0.9809182;0.9807669;0.98068166;0.9805746;0.9804633;0.9803604;0.98038983;0.9801359;0.98002845;0.9799195;0.97992194;0.97989047;0.97993076;0.97994685;0.9799911;0.98002857;0.9800617;0.9800985;0.98010993;0.9800544;0.980013;0.9799064;0.9797585;0.9797931;0.97982526;0.9798633;0.97989476;0.97990274;0.97975075;0.97979015;0.9798215;0.97985506;0.97988987;0.9799246;0.97996557;0.9799982;0.9800312;0.98006946;0.98010576;0.98013437;0.9801674;0.98020023;0.9802321;0.98026127;0.9802916;0.98031884;0.9803516;0.98038304;0.98041606;0.9804429;0.9804766;0.980505;0.9805342;0.9805744;0.9805621;0.9805704;0.9806002;0.9806353;0.98066485;0.9806973;0.98072994;0.9807596;0.980788;0.98082244;0.9808576;0.9808919;0.98092514;0.9809571;0.98098767;0.98101985;0.98104864;0.9810822;0.981112;0.98114574;0.9811793;0.9812088;0.9812418;0.9812715;0.9813035;0.9813318;0.9813601;0.98138976;0.9814175;0.98144233;0.98147064;0.9814966;0.9815247;0.9815535;0.98158145;0.981609;0.9816318;0.9816565;0.98168904;0.98171437;0.98174596;0.98177147;0.9817969;0.9818249;0.9818513;0.98188096;0.98190975;0.9819363;0.9819631;0.98198986;0.9820165;0.9820409;0.9820674;0.98209566;0.9821205;0.98214144;0.98217016;0.9821977;0.98222834;0.98225504;0.98227453;0.9823046;0.98233384;0.9823609;0.9823872;0.98241407;0.9824412;0.9824655;0.98248696;0.98251736;0.9825428;0.9825682;0.98259556;0.9826235;0.98265004;0.9826768;0.98270416;0.9827277;0.9827529;0.9827757;0.9828011;0.9828227;0.982848;0.98287576;0.9829015;0.9829285;0.9829551;0.9829809;0.98300606;0.9830317;0.98305506;0.98308027;0.98310286;0.9831292;0.9831545;0.9831743;0.9831973;0.9832249;0.9832458;0.983272;0.983296;0.9833208;0.98334616;0.9833696;0.98339295;0.9834156;0.98344004;0.9834611;0.98348695;0.9835078;0.9835286;0.98354876;0.98357314;0.9835999;0.98362017;0.98364407;0.98366934;0.98369217;0.9837122;0.9837367;0.98376054;0.98378193;0.9838009;0.9838204;0.9838401;0.98386335;0.98388356;0.9839052;0.9839265;0.9839515;0.983975;0.9839961;0.9840154;0.984035;0.9840588;0.9840823;0.9841039;0.98412526;0.98414487;0.98417;0.9841728;0.98419505;0.984217;0.98423994;0.98425925;0.9842793;0.98429877;0.9843201;0.98433805;0.98435515;0.9843775;0.9844005;0.9844235;0.9844429;0.9844633;0.9844828;0.98449886;0.9845199;0.98454255;0.9845643;0.98458385;0.9846034;0.9846215;0.98464143;0.98466;0.98467964;0.98469836;0.9847171;0.9847373;0.98475695;0.98477525;0.9847966;0.9848148;0.9848337;0.9848526;0.9848748;0.98489463;0.98491234;0.9849323;0.98495144;0.9849688;0.9849881;0.9850081;0.9850296;0.9850497;0.9850658;0.98508215;0.9850611;0.98508036;0.98509735;0.9851163;0.98513347;0.9851518;0.98517114;0.98515785;0.9851761;0.9851938;0.9852156;0.9852313;0.9852523;0.98527056;0.98528755;0.985307;0.9853244;0.9853448;0.9853593;0.9853756;0.9853931;0.985411;0.9854327;0.9854512;0.9854673;0.9854839;0.9854983;0.9855155;0.9855345;0.9855502;0.98556894;0.98558545;0.98560244;0.9856208;0.9856386;0.98565733;0.9856771;0.98569596;0.985712;0.98572916;0.9857485;0.9856986;0.98565054;0.9856679;0.9856395;0.98554707;0.98556566;0.9854889;0.9855061;0.98550355;0.9855221;0.9855406;0.9855577;0.98557544;0.9855883;0.9856062;0.98562336;0.9856382;0.98565394;0.9856701;0.98568594;0.9857056;0.98572075;0.9857385;0.9857549;0.9857708;0.98578954;0.9858058;0.9858216;0.9858396;0.9858584;0.98587275;0.98589015;0.98590446;0.9859192;0.98593473;0.98595065;0.98596334;0.9859786;0.9859927;0.98601216;0.9860271;0.9860426;0.9860592;0.9860767;0.9860932;0.9861111;0.98612815;0.98612875;0.98614526;0.9861601;0.98616046;0.98617524;0.9861927;0.9862097;0.9862254;0.9862392;0.9862542;0.9862541;0.9861957;0.986167;0.98606104;0.9859398;0.985778;0.98573506;0.9857052;0.98558927;0.98560333;0.9856161;0.98563117;0.98564875;0.98566526;0.9856827;0.9856981;0.9857116;0.9857283;0.985744;0.9857597;0.9857774;0.98579544;0.9858099;0.9858244;0.9858376;0.98585385;0.98587006;0.98588586;0.9859026;0.9859153;0.9859287;0.9859454;0.9859584;0.98597217;0.98598444;0.98599577;0.9860123;0.98602873;0.9860456;0.9860586;0.9860739;0.98609006;0.98610693;0.9861238;0.98613864;0.98615265;0.9861676;0.9861807;0.9861941;0.9862084;0.98622006;0.9862341;0.9862477;0.9862617;0.98616457;0.9861512;0.98616683;0.9861812;0.9861954;0.9862095;0.9862248;0.98623866;0.9862531;0.98626614;0.98627824;0.9862922;0.98630726;0.98632216;0.9863387;0.9863537;0.9863249;0.9863408;0.9863554;0.9863684;0.9863265;0.9862142;0.9862011;0.98614764;0.9861612;0.9861323;0.9861477;0.9861614;0.98617506;0.98618776;0.98619926;0.98621434;0.9862247;0.9862384;0.986253;0.98626685;0.9862813;0.98629653;0.986311;0.98632383;0.98633844;0.9863523;
0.5833333;0.625;0.6532663;0.6985816;0.73333335;0.75870067;0.78988326;0.8128162;0.8276878;0.8361955;0.849642;0.85714287;0.8655031;0.87511915;0.8843778;0.89182496;0.89946276;0.90465796;0.91021246;0.91471356;0.91851854;0.9220779;0.92580104;0.928841;0.93202883;0.93439364;0.9368723;0.9390863;0.94125503;0.943128;0.9448621;0.9468385;0.948377;0.9498861;0.9510567;0.9524153;0.95365167;0.954779;0.9559853;0.956778;0.9577194;0.9588272;0.9599393;0.9609236;0.96203625;0.9629213;0.9636664;0.96443963;0.96511626;0.9656876;0.9663351;0.9668924;0.9674957;0.9680465;0.9685714;0.96918046;0.9697317;0.97023004;0.96938777;0.96985584;0.97042435;0.9709351;0.9713752;0.9717734;0.97220546;0.97261906;0.97299415;0.97335905;0.9737443;0.97411853;0.97451055;0.97480834;0.9751888;0.97549284;0.9758192;0.9761864;0.97649866;0.9768262;0.9771637;0.97743624;0.97767353;0.97792;0.97822315;0.978498;0.97877574;0.9790401;0.979245;0.97946733;0.97972375;0.97995645;0.9801724;0.98039496;0.98062885;0.98080933;0.98103875;0.9812704;0.98146904;0.9816367;0.98183256;0.98200315;0.9822096;0.9823957;0.9825471;0.9826981;0.9828465;0.98299026;0.9831584;0.9833172;0.9834592;0.98362404;0.9837895;0.98391986;0.9840904;0.9842087;0.984352;0.9845031;0.9846445;0.98477155;0.9848916;0.9850179;0.9851581;0.98526585;0.9853968;0.9855179;0.985622;0.98575115;0.98585486;0.98595566;0.986062;0.9861668;0.98628366;0.98638517;0.98650104;0.98660845;0.98670906;0.9867968;0.98689955;0.9869983;0.987104;0.98719853;0.9872811;0.98737997;0.98745567;0.98752487;0.9876055;0.98767525;0.9877562;0.987835;0.987899;0.9879749;0.98805505;0.9881423;0.9882253;0.9883051;0.9883838;0.9884596;0.9885401;0.9886073;0.9886922;0.9887604;0.9888331;0.98890764;0.98896354;0.9889507;0.98901707;0.98908263;0.9891457;0.98921394;0.989273;0.9893241;0.98937714;0.9894401;0.98949593;0.9895528;0.9896137;0.98966926;0.98972803;0.9897809;0.98983175;0.98989165;0.98995376;0.99000645;0.9900558;0.99011236;0.99015653;0.9902154;0.9902647;0.99032235;0.9903726;0.99042237;0.9904729;0.99052036;0.9905776;0.9906315;0.9906805;0.9907278;0.99077517;0.9908323;0.99088466;0.9909334;0.9909717;0.99101543;0.9910617;0.99110967;0.99114877;0.9911897;0.99122804;0.99126995;0.99131143;0.9913584;0.99139374;0.9914319;0.99147135;0.99151456;0.99155736;0.99159205;0.99163055;0.99166566;0.991701;0.9917311;0.99177223;0.9918028;0.9918413;0.99188083;0.9919191;0.9919588;0.9919949;0.9917464;0.99178505;0.99182004;0.9918626;0.9918987;0.9919346;0.9919611;0.9919924;0.99203146;0.99206483;0.9920992;0.992132;0.99217135;0.99220526;0.9922364;0.9922705;0.99229574;0.9923286;0.9923575;0.9923894;0.99241984;0.9924473;0.9924828;0.9925148;0.9925454;0.9925708;0.9926036;0.9926365;0.9926643;0.9926948;0.99272394;0.99275833;0.99278015;0.9928072;0.9928362;0.99286175;0.9928896;0.9929148;0.9929422;0.9929708;0.99300086;0.99302393;0.99304754;0.9930719;0.9931011;0.9931324;0.9931585;0.99317926;0.9932034;0.99322957;0.9932578;0.993283;0.99330825;0.993329;0.99335545;0.99338055;0.9934069;0.9934289;0.9934528;0.9934759;0.99349743;0.9935211;0.9935414;0.9935666;0.9935909;0.9936139;0.9936337;0.9936536;0.9936742;0.993692;0.9937126;0.9937315;0.99375325;0.99377406;0.9937947;0.99381256;0.993834;0.99385613;0.99387676;0.99390167;0.99392074;0.99394095;0.9939643;0.993983;0.99400026;0.9940189;0.9940353;0.9940538;0.99407166;0.9940904;0.99411064;0.99412966;0.9941478;0.99416554;0.9941863;0.9942038;0.9942199;0.9942377;0.99425584;0.9942714;0.9942882;0.99430674;0.99432313;0.9943394;0.9943563;0.99437195;0.99439013;0.9944058;0.994424;0.99443996;0.9944545;0.99447024;0.99448717;0.9945053;0.9945212;0.99453884;0.99455744;0.9945724;0.9945885;0.9946063;0.9946247;0.9946427;0.99465656;0.9946712;0.99468595;0.9947016;0.9947152;0.9947289;0.99474317;0.9945419;0.99444646;0.9944601;0.9944741;0.9942746;0.99429107;0.9943072;0.9943247;0.99434286;0.9943585;0.9943753;0.99438953;0.9943006;0.99431896;0.9943323;0.9943457;0.99435955;0.9943756;0.99439114;0.99440473;0.9944211;0.9944353;0.99444824;0.9944644;0.9944787;0.99449205;0.9945036;0.9945179;0.9945331;0.99454635;0.9945614;0.99457633;0.9945894;0.9946036;0.99461955;0.9946336;0.99464536;0.9946584;0.9946753;0.99469167;0.9947052;0.99471384;0.99472725;0.9947384;0.9947503;0.9947627;0.9947747;0.9947866;0.9947994;0.99481386;0.9948269;0.99484044;0.9948531;0.99486417;0.9948455;0.99485624;0.99486923;0.99488336;0.9948951;0.9949067;0.99491894;0.9949305;0.9949401;0.9949523;0.9949637;0.99497455;0.9949866;0.9949962;0.99500936;0.9950211;0.9950331;0.9950462;0.99502623;0.9950368;0.994989;0.9949703;0.9949518;0.99484473;0.99485785;0.99486965;0.9946446;0.9943617;0.9943769;0.9943905;0.9944037;0.99441636;0.994429;0.99444056;0.9944524;0.9944648;0.99447596;0.9944884;0.9945002;0.9945112;0.9945237;0.9945355;0.9945473;0.9945596;0.99457234;0.99458474;0.9945969;0.99458265;0.9945928;0.99460393;0.9946156;0.9946268;0.99463874;0.9946518;0.9946639;0.9946739;0.9946841;0.9946971;0.99462545;0.9946379;0.9946489;0.9946617;0.99467486;0.99468505;0.9946977;0.99470955;0.9947228;0.9947337;0.99474394;0.99475634;0.9947657;0.99477655;0.99478954;0.99480116;0.99481285;0.99482363;0.9948351;0.9948448;0.9948563;0.9948669;0.99487764;0.9948896;0.9948989;0.9949085;0.9949184;0.9949278;0.99493855;0.99495053;0.9949621;0.99496967;0.9949799;0.9949894;0.9949986;0.99500877;0.995018;0.99502665;0.99503547;0.9950446;0.9950535;0.9950625;0.99506986;0.99507874;0.9950891;0.9950969;0.9951057;0.9951156;0.99512476;0.99513453;0.9951455;0.99515414;0.9951622;0.99517053;0.9951786;0.9951874;0.9951955;0.99520314;0.99521345;0.9952231;0.99523145;0.9952389;0.99524885;0.99525684;0.9952646;0.99527323;0.99528223;0.9952891;0.9952979;0.9953053;0.9953131;0.99532247;0.9953331;0.9953409;0.99534875;0.9953575;0.9953654;0.99537337;0.9953822;0.9953898;0.99539846;0.99540687;0.99541533;0.995423;0.99543226;0.9954412;0.9954491;0.995457;0.9954655;0.99547225;0.9954806;0.99548876;0.9954976;0.99550533;0.9955139;0.995522;0.99552995;0.9955376;0.99554646;0.995553;0.99556094;0.99556726;0.99557424;0.99558055;0.9955883;0.995596;0.9956056;0.9956117;0.99561906;0.99562657;0.9956342;0.99564123;0.99564946;0.9955443;0.99550664;0.99542433;0.99543256;0.9953738;0.9953821;0.9953911;0.99539953;0.9954073;0.9954148;0.99542224;0.99543005;0.9954366;0.9954443;0.99545276;0.9954607;0.99546784;0.99547493;0.9954833;0.9954908;0.99549776;0.9955066;0.99551433;0.9955215;0.99552965;0.9955375;0.9955443;0.9955526;0.99556077;0.99556756;0.9955745;0.99558103;0.99558854;0.9955948;0.9956019;0.99560773;0.9956147;0.99562234;0.9956296;0.99563646;0.9956445;0.9956516;0.9956583;0.99566543;0.9956727;0.99568;0.9956866;0.9956937;0.9957016;0.9957078;0.99571496;0.9957216;0.99572885;0.9957356;0.9957418;0.9957486;0.9956948;0.9957015;0.9957077;0.99571455;0.99572086;0.99572676;0.9957331;0.99573874;0.99574435;0.9957305;0.99573696;0.99564207;0.99564767;0.99565506;0.9956615;0.9956679;0.995674;0.99568045;0.9956866;0.9956548;0.9956612;0.99566793;0.99567443;0.99568045;0.99568754;0.9956933;0.9957005;0.9957079;0.99571496;0.9957216;0.9957283;0.99573475;0.9957416;0.9957479;0.99575484;0.9957618;0.9957678;0.995773;0.9957806;0.99578637;0.99579406;0.9958005;0.9958069;0.9958134;0.9958208;0.99582815;0.995835;0.995841;0.9958463;0.9958528;0.9958601;0.99586606;0.99587303;0.995879;0.9958847;0.99589103;0.99589616;0.9959019;0.995907;0.99591273;0.995918;0.9959235;0.9959291;0.99593556;0.99594134;0.9959477;0.99595267;0.99595857;0.9959644;0.9959717;0.9959782;0.99598473;0.9959901;0.9959958;0.9960011;0.996007;0.99601233;0.996018;0.9960226;0.9960288;0.9960344;0.9960399;0.9960448;0.99605036;0.9960563;0.99606174;0.99606645;0.9960715;0.9960773;0.9960839;0.99608886;0.9960937;0.9960998;0.99610525;0.9961104;0.9961157;0.99612033;0.99612504;0.9961306;0.9961359;0.9961405;0.99614614;0.9961516;0.99615633;0.9961615;0.9961668;0.9960504;0.99605495;0.99605983;0.9960644;0.99606985;0.9960754;0.99608034;0.99599916;0.9960053;0.9959063;0.9959121;0.99591804;0.9958551;0.99586034;0.99586594;0.99587107;0.99587727;0.9958832;0.9958891;0.9958944;0.9959;0.9959043;0.99590874;0.9959141;0.99591935;0.99592465;0.99591345;0.9959189;0.99592376;0.99592894;0.9959338;0.9959384;0.9959429;0.9959488;0.9959538;0.99595904;0.99596417;0.99597013;0.9959763;0.9959819;0.9959872;0.9959929;0.9959981;0.99600244;0.99600774;0.99601275;0.996018;0.996024;0.9960285;0.9960327;0.9960374;0.99604225;0.99604815;0.99605274;0.9960581;0.9960301;0.9960357;0.996041;0.9960458;0.99605036;0.9960546;0.99605983;0.9960651;0.99606967;0.9960742;0.9960795;0.99608326;0.9960885;0.9960938;0.99609864;0.9961042;0.99610895;0.99611336;0.99611884;0.9961236;0.9961125;0.9961172;0.99612254;0.9961276;0.99613214;0.99613607;0.9961413;0.9961466;0.99615175;0.9961565;0.9961616;0.99616605;0.9961722;0.99617594;0.9961805;0.9961848;0.9961891;0.99619377;0.9961985;0.99620265;0.9962072;0.9962116;0.99621606;0.9962206;0.99622554;0.9962295;0.99623346;0.9962377;0.9962415;0.9962465;0.9962507;0.99625546;0.9962597;0.99626344;0.99626815;0.996272;0.99627656;0.996266;0.99626964;0.99627405;0.9962791;0.99628377;0.9962874;0.9962915;0.9962955;0.99629974;0.9963042;0.9963079;0.99631155;0.99627143;0.9962765;0.9962814;0.99628633;0.99629;0.99629444;0.99629825;0.9963021;0.9962921;0.99629676;0.99630046;0.9963047;0.9963082;0.99631304;0.9963169;0.9963205;0.9963241;0.99632865;0.996332;0.9963363;0.99634016;0.9963445;0.99634945;0.9963532;0.9963568;0.9963608;0.99636567;0.9963697;0.9963739;0.996378;0.99638164;0.9963856;0.9963901;0.9963938;0.99639755;0.9964011;0.99640507;0.996409;0.9964128;0.9964163;0.9964199;0.9964238;0.9964284;0.9964329;0.99643606;0.9964395;0.9964428;0.9964463;0.9963651;0.9963689;0.9963725;0.996377;0.9963813;0.9963854;0.9963904;0.9963944;0.99639916;0.99640316;0.9964074;0.99641097;0.99641436;0.99641824;0.99642193;0.9964259;0.99642956;0.99643326;0.9964368;0.99644077;0.9964445;0.9964481;0.99645185;0.99645543;0.99645925;0.9964635;0.9964675;0.99647135;0.99647504;0.99647933;0.9964837;0.99648714;0.99648976;0.9964935;0.99649763;0.9965013;0.9965053;0.99650854;0.99651223;0.996516;0.9965204;0.99652404;0.9965279;0.9965318;0.99653596;0.9965393;0.99654305;0.99654704;0.9965509;0.9965551;0.99655896;0.9965627;0.9965663;0.9965697;0.996573;0.99657595;0.9965795;0.9965829;0.99658614;0.99658996;0.9965937;0.99659693;0.99660057;0.99660337;0.9966069;0.9966102;0.9966141;0.9966175;0.9966212;0.9966253;0.9966289;0.99663275;0.99663705;0.9966404;0.99664336;0.9966469;0.9966507;0.9966543;0.99665743;0.99666095;0.9966643;0.9966675;0.99667037;0.99667335;0.9966764;
0.6231884;0.733871;0.8172589;0.7490909;0.7733711;0.7753623;0.7942387;0.78456014;0.80590063;0.80649716;0.8064935;0.81242675;0.8181818;0.8261306;0.8194444;0.8130922;0.81439084;0.8211257;0.8287172;0.83759505;0.8422091;0.84852296;0.85542893;0.86173266;0.86758244;0.87282324;0.8779129;0.8807882;0.88525367;0.88909256;0.89111114;0.89439654;0.8978741;0.9006891;0.90384614;0.90702087;0.9094939;0.91183877;0.91406524;0.9160671;0.9181423;0.9198561;0.9215498;0.9235331;0.9252821;0.9266906;0.9282787;0.9298999;0.9313725;0.9327662;0.9340334;0.9352366;0.936314;0.9374202;0.9384886;0.9394912;0.94036025;0.9409797;0.9418824;0.9418712;0.9424738;0.9431131;0.94374585;0.9440818;0.9449325;0.94594026;0.9466584;0.9448078;0.94571775;0.9464286;0.9470484;0.9477958;0.94857144;0.9492386;0.94998145;0.9506669;0.95132506;0.95194876;0.95247316;0.952638;0.9532646;0.9532313;0.95297277;0.9535963;0.95418096;0.9548023;0.9554069;0.95587075;0.95631826;0.95683676;0.95731705;0.95768476;0.95819026;0.95867157;0.95914793;0.9595668;0.9599829;0.96039605;0.9607623;0.9611003;0.96148556;0.9618892;0.9622387;0.9625869;0.96297276;0.9633508;0.96366465;0.96360594;0.9639995;0.96437114;0.9647176;0.9649492;0.9650092;0.9652989;0.9655464;0.96581507;0.9661158;0.96644294;0.96675223;0.96702915;0.967279;0.96754724;0.96780753;0.96803856;0.96832275;0.96854997;0.96878767;0.96897453;0.96921915;0.9694567;0.9696647;0.9698795;0.9700976;0.970365;0.9705822;0.9707902;0.9709805;0.97119755;0.9713798;0.9715881;0.9718268;0.9720506;0.97226816;0.9724718;0.972654;0.9728675;0.9730088;0.9731992;0.9733893;0.9735278;0.9737012;0.973858;0.97402716;0.9741965;0.97436357;0.97453994;0.97472954;0.9748965;0.9750809;0.975254;0.97540134;0.97554487;0.9757033;0.9758638;0.9760101;0.9761526;0.97627765;0.9764307;0.97657216;0.9766776;0.9768274;0.97699386;0.97713965;0.9772782;0.9774222;0.9775449;0.9776611;0.9777726;0.97789156;0.9780381;0.9781576;0.97825587;0.97835994;0.9784841;0.9785907;0.978717;0.9788544;0.978959;0.9790534;0.9791865;0.97927725;0.9793852;0.9794846;0.9795831;0.9796545;0.979747;0.97984016;0.97995496;0.9800434;0.9801421;0.9802467;0.9803394;0.9804312;0.98054075;0.98064256;0.98073155;0.98084164;0.9809377;0.98103666;0.98113084;0.9812166;0.9812894;0.9813738;0.98145616;0.98154026;0.9816295;0.9817179;0.9818031;0.981876;0.98194945;0.98203707;0.982116;0.98219866;0.98227835;0.9820522;0.9821451;0.98222715;0.9823106;0.98237723;0.9824625;0.9825312;0.98259306;0.9826659;0.9827432;0.9828046;0.9828696;0.9829392;0.98300415;0.9830904;0.9831513;0.9832263;0.9833055;0.9833687;0.9834475;0.98351616;0.98357403;0.983638;0.9836978;0.9837599;0.9838251;0.9838808;0.9839362;0.98400795;0.9840747;0.98414177;0.98420995;0.9842716;0.98432684;0.98439014;0.98445207;0.98451436;0.9845761;0.98464143;0.98469573;0.9847633;0.98481435;0.98488164;0.9849405;0.9849935;0.98504305;0.98510224;0.9851594;0.98520935;0.985268;0.9853261;0.9853831;0.9854367;0.9855102;0.9855556;0.9856115;0.98566484;0.9857171;0.98576266;0.98580587;0.98585916;0.98591;0.9859591;0.9860133;0.9860637;0.98611444;0.9861562;0.9862036;0.9862533;0.9863046;0.9863491;0.9863939;0.986441;0.98648775;0.9864375;0.9859677;0.9860214;0.9859783;0.9859381;0.98589104;0.98593795;0.9859851;0.98603135;0.98608106;0.98613477;0.98618627;0.9862281;0.98627096;0.98630923;0.98634857;0.98639065;0.9864313;0.9864699;0.9865089;0.98655236;0.9865967;0.9866309;0.98666894;0.9867074;0.98674333;0.9867864;0.9868286;0.9868695;0.98691344;0.9869538;0.98698837;0.9870261;0.9870603;0.98710084;0.9871416;0.98718375;0.98721766;0.9872593;0.9873038;0.9873475;0.9873898;0.9874242;0.987463;0.9874995;0.9875368;0.9875739;0.98760974;0.98764694;0.9876824;0.9877186;0.9877541;0.98779285;0.9878337;0.9878676;0.98790133;0.98793536;0.9879654;0.9880023;0.9880395;0.98806673;0.9881049;0.98814136;0.9881754;0.988207;0.98823845;0.9882706;0.9883025;0.98833346;0.9883607;0.98838955;0.98842394;0.9884516;0.98848605;0.9885139;0.9885526;0.98858386;0.9886137;0.98864347;0.98867345;0.9887;0.9887284;0.98875505;0.98878443;0.9888145;0.98885;0.9888805;0.98891;0.9889394;0.9889647;0.98899376;0.9890254;0.98905534;0.9890863;0.9891151;0.98914343;0.98916894;0.9892007;0.9892327;0.98926;0.98928684;0.9893131;0.9893382;0.98936754;0.98939455;0.98942214;0.98945;0.98947656;0.989503;0.9895375;0.9895626;0.98958683;0.9896138;0.98963505;0.9896604;0.98968935;0.9897127;0.9897356;0.9897577;0.9897882;0.9898158;0.9898419;0.9898692;0.9897976;0.9897583;0.9897481;0.9897071;0.9896984;0.98972005;0.98971164;0.9897365;0.98950106;0.98942953;0.9894545;0.989476;0.98937625;0.9891767;0.9891332;0.98915243;0.9890845;0.989075;0.9889399;0.9886802;0.9885852;0.98842543;0.98810637;0.9879791;0.98766774;0.9874459;0.9873156;0.9871609;0.9867859;0.9864227;0.9861506;0.98608524;0.9857204;0.98562574;0.985291;0.98514056;0.9851418;0.9851155;0.98506206;0.98497343;0.98500496;0.98503494;0.9850644;0.98507017;0.98507327;0.9851078;0.98510504;0.9849294;0.98484313;0.98475415;0.98478633;0.984821;0.9848233;0.9848551;0.98488945;0.98491967;0.9849528;0.984978;0.9850105;0.98504674;0.98507804;0.98510927;0.98514074;0.98516953;0.9851991;0.9852302;0.9852637;0.98529035;0.9853165;0.98534715;0.9853756;0.9854006;0.98543376;0.9854643;0.9854927;0.98552215;0.98555475;0.9855876;0.9856151;0.9856425;0.98566663;0.9856986;0.9857253;0.98575145;0.9857749;0.9858032;0.9858322;0.98585767;0.98588455;0.9859174;0.98594403;0.9859747;0.9860004;0.9860238;0.98605186;0.986078;0.9861041;0.9861285;0.9861525;0.986186;0.9862076;0.9862376;0.9862626;0.9862873;0.9863183;0.9863474;0.9863714;0.9863967;0.9864226;0.98644775;0.9864721;0.98650014;0.98652744;0.9865522;0.98657924;0.98660314;0.9866252;0.9866496;0.98667145;0.98669666;0.9867232;0.9867509;0.98676944;0.986796;0.9868214;0.9868421;0.9868631;0.9868889;0.98690903;0.9869294;0.98695827;0.9869795;0.9870029;0.9870276;0.98705375;0.9870801;0.9871035;0.9871239;0.98715;0.9871757;0.9872016;0.9872239;0.98724645;0.9872683;0.98729074;0.9873149;0.9873362;0.9873584;0.98737955;0.98739946;0.98741984;0.98744386;0.9874644;0.9874865;0.9875099;0.9875321;0.98755205;0.9875705;0.9875901;0.9876105;0.98763084;0.9876514;0.9876713;0.9876929;0.9877202;0.98774076;0.9877624;0.9877799;0.987802;0.98782486;0.9878479;0.98787004;0.98789203;0.9879109;0.9879325;0.9879546;0.9879755;0.98799545;0.98801345;0.9880325;0.98805505;0.9880786;0.98809797;0.9881178;0.98813707;0.98815465;0.98817456;0.98819494;0.9882113;0.98823154;0.98824936;0.98826796;0.9882859;0.98830724;0.98832643;0.9883463;0.98825216;0.98827;0.98829013;0.9881551;0.98815084;0.9881716;0.98816645;0.988051;0.9880248;0.9880225;0.9879762;0.98786384;0.98786217;0.98773247;0.9875793;0.98751146;0.9874003;0.9871402;0.9870748;0.9869648;0.9868099;0.98661304;0.98650485;0.9864396;0.98633057;0.9862681;0.98616266;0.98603284;0.9859926;0.9859693;0.9859053;0.9856924;0.9852085;0.9850759;0.98494995;0.9846805;0.98466057;0.98451966;0.9844592;0.98427314;0.9841733;0.98399127;0.9839722;0.9839943;0.98391575;0.98379505;0.98361135;0.98353064;0.98347366;0.9832933;0.98311424;0.98309386;0.9830187;0.982919;0.9828854;0.98284703;0.9828335;0.9827424;0.9826277;0.9826385;0.9826428;0.9826465;0.9826722;0.9826954;0.98272127;0.98274785;0.9827725;0.9827965;0.98282176;0.98285;0.9828789;0.98290426;0.9829289;0.9829548;0.9829772;0.98300195;0.98303163;0.98305357;0.9830757;0.98310184;0.9831269;0.9831515;0.9831741;0.9831979;0.98322433;0.983246;0.9832684;0.9832919;0.9833151;0.9833359;0.983359;0.9833836;0.9834075;0.9833718;0.98339725;0.9834204;0.9834441;0.98346484;0.98348844;0.9835075;0.98353124;0.9835537;0.9835774;0.9835959;0.9836147;0.98363817;0.98366;0.9836824;0.98370445;0.98372424;0.9837462;0.9837711;0.98379564;0.9838186;0.98383904;0.98386246;0.98389006;0.9839112;0.9839305;0.9839516;0.983975;0.9839936;0.9840115;0.98403084;0.98405284;0.98407805;0.98409665;0.98411846;0.984137;0.9841587;0.98417974;0.9842007;0.9842208;0.98423964;0.9842611;0.9842804;0.98430145;0.9843198;0.984341;0.9843662;0.9843821;0.984404;0.9844238;0.98444164;0.98446673;0.9844881;0.9845075;0.9845282;0.98454744;0.98456633;0.98458797;0.98460877;0.9846284;0.9846451;0.984663;0.9846844;0.9847046;0.9847248;0.98474276;0.98476285;0.98472685;0.9847131;0.9847301;0.9847493;0.98477006;0.9847886;0.9848076;0.9848258;0.9848461;0.9848658;0.98488384;0.98490524;0.98492295;0.98494405;0.9849637;0.98498255;0.984998;0.9850152;0.98503345;0.9850508;0.98506814;0.9850857;0.9851061;0.98512334;0.98514205;0.98516375;0.98518085;0.98519766;0.9852162;0.9852347;0.98525137;0.9852677;0.98528534;0.9853024;0.9853209;0.9853384;0.98536205;0.98538166;0.9853995;0.985418;0.98543626;0.98545885;0.98547745;0.98549676;0.9855172;0.98553354;0.98554856;0.9855691;0.9855862;0.9856036;0.9856218;0.9856396;0.9856601;0.98567796;0.98569626;0.98571426;0.98573345;0.98575115;0.98577017;0.9857875;0.985803;0.9858198;0.9858361;0.9858538;0.98586977;0.98588735;0.9859042;0.98592126;0.98593825;0.9859552;0.98597187;0.9859876;0.9860058;0.98602146;0.9860382;0.9860531;0.98607004;0.98609006;0.98610616;0.98612183;0.9861417;0.9861575;0.9861715;0.9861872;0.9862049;0.9862208;0.9862344;0.9862511;0.9862656;0.986282;0.98629636;0.98631203;0.9863296;0.986345;0.9863614;0.9863295;0.9863468;0.9863651;0.9863801;0.9863968;0.98641306;0.9864303;0.98644644;0.98646235;0.98647827;0.9863812;0.9863956;0.98641276;0.9864295;0.9864117;0.9864277;0.986441;0.98645467;0.9864674;0.98648566;0.986504;0.98652107;0.9865391;0.98655427;0.98656684;0.9865821;0.98659635;0.98661274;0.9866283;0.9866447;0.9866591;0.9866738;0.98668474;0.9866979;0.9867121;0.986728;0.9867411;0.9867568;0.9867696;0.986784;0.9867986;0.9868137;0.9868288;0.9868433;0.98685694;0.98687136;0.98688793;0.98690385;0.9869185;0.9869328;0.98694766;0.9869591;0.98697275;0.9869873;0.9870041;0.98701745;0.9870303;0.98704493;0.9870586;0.9870733;0.9870884;0.9871021;0.9871141;0.9871302;0.98714554;0.98716044;0.9871731;0.9871866;0.9872003;0.9872153;0.9872271;0.9872405;0.98725295;0.98726594;0.9872771;0.98729134;0.9873033;0.9873181;0.98732984;0.98734397;0.9873566;0.9873714;0.9873836;0.98739743;0.9874085;0.98742247;0.9874368;0.98745084;0.9874627;0.987476;0.9874877;0.98750055;0.9875137;0.9875268;0.9875404;0.98755324;0.9875672;0.9875794;0.9875903;0.9876023;0.9876125;0.9876255;0.9876384;0.9876496;0.9876604;0.9876728;0.9876851;0.98769724;0.98771197;0.98772454;0.9877359;0.9877486;0.9877601;0.9877744;0.9877882;0.9878015;0.98781693;0.9878317;0.98784184;0.9878552;0.98786837;0.9878815;0.9878907;0.9879035;0.987916;0.9879265;0.9879388;0.98794997;
0.47560975;0.52287585;0.6051502;0.6114865;0.6277174;0.65842694;0.64435947;0.64715445;0.65065503;0.6376812;0.6496437;0.64718616;0.63736266;0.6333333;0.64273506;0.6385542;0.6354717;0.62579733;0.6269465;0.6204427;0.61728394;0.6138905;0.6016901;0.5907127;0.5921671;0.57528764;0.5644851;0.56299394;0.5605381;0.5619048;0.56226414;0.56479216;0.5701304;0.5730681;0.56812245;0.56550217;0.5649858;0.5662401;0.56648755;0.5690335;0.56360143;0.5634995;0.5589666;0.5536773;0.5507541;0.54323786;0.54172444;0.53556937;0.5304716;0.5238589;0.5175305;0.5109835;0.50662416;0.5033735;0.5009474;0.49906933;0.49770325;0.49536723;0.49092117;0.48723543;0.4822466;0.4773497;0.4715295;0.4652494;0.45909548;0.45176563;0.44671732;0.4416234;0.4348485;0.4283582;0.4231478;0.41753045;0.41198635;0.40673164;0.40146878;0.39681992;0.39247864;0.38718382;0.38209352;0.37725928;0.3716413;0.36824378;0.3637516;0.3595365;0.35525298;0.35112402;0.3473859;0.3431343;0.3391856;0.3363078;0.33236954;0.32922813;0.32591438;0.32189864;0.3193943;0.3163181;0.31261897;0.30942127;0.3057181;0.30293846;0.2998565;0.29679835;0.29383945;0.29101264;0.2882036;0.28573203;0.28337237;0.28125766;0.27849787;0.27638856;0.27372307;0.2715889;0.26945618;0.2672013;0.2650144;0.2631037;0.2604509;0.25793785;0.25595635;0.2538088;0.25164187;0.24964708;0.24755034;0.24517436;0.24310035;0.24121289;0.23890679;0.23696145;0.23516776;0.23351955;0.23208156;0.23031457;0.228597;0.22701688;0.22548059;0.22387768;0.22225444;0.22059105;0.21901496;0.2176259;0.21592937;0.21467924;0.21334447;0.21173328;0.21022312;0.2088481;0.20765965;0.20616984;0.20484719;0.20363154;0.20212767;0.20071591;0.19951402;0.19810426;0.19678165;0.19549319;0.19422151;0.19298245;0.19163124;0.19061437;0.18948323;0.18847352;0.18761726;0.18640085;0.18534935;0.18413258;0.18315019;0.1821061;0.18091717;0.1796875;0.17882134;0.17793594;0.17705928;0.17593513;0.17497148;0.17392619;0.1730885;0.1720784;0.17122012;0.17039561;0.16939166;0.16827627;0.16739447;0.16654599;0.16571799;0.16481549;0.16385268;0.16287798;0.16194902;0.1612677;0.1604129;0.15956709;0.15870826;0.15788029;0.15707164;0.15623939;0.15533194;0.15455951;0.15385644;0.15313935;0.15237843;0.1515451;0.15080978;0.15015015;0.14940886;0.14856921;0.14786242;0.14719059;0.14641288;0.14571719;0.14500977;0.14427298;0.1436064;0.14288376;0.14228271;0.14167796;0.14119959;0.14052667;0.13985163;0.13922518;0.1386461;0.1379724;0.13736264;0.13663638;0.13594988;0.13528615;0.13487881;0.13436316;0.1338482;0.1332524;0.13258556;0.13208412;0.13151889;0.13092871;0.13035119;0.12976411;0.12923302;0.12869187;0.1282408;0.12777162;0.12724261;0.12664835;0.12610789;0.12556519;0.1250814;0.124614805;0.12405145;0.123473324;0.12297268;0.12252166;0.122009315;0.12151405;0.120959274;0.120485075;0.119977094;0.119442426;0.11889411;0.11842376;0.117945045;0.117428295;0.11696351;0.116514176;0.11607413;0.11560839;0.11520968;0.114825144;0.114369355;0.113939695;0.11360836;0.11320662;0.11278564;0.11241709;0.11193124;0.111535855;0.11117542;0.110769376;0.11041916;0.10995564;0.10953762;0.10915893;0.1089151;0.1086609;0.10885756;0.10890673;0.1089505;0.11017342;0.1114295;0.112406135;0.11465553;0.11624823;0.11878843;0.12115847;0.12336077;0.12594095;0.1283007;0.13004926;0.13204768;0.13528052;0.1373809;0.14027809;0.14270627;0.14601324;0.14839894;0.15095572;0.15370595;0.15622567;0.15889099;0.16228636;0.16511877;0.16782561;0.17040911;0.17332712;0.17587663;0.17865263;0.18084884;0.18341982;0.18583886;0.18881729;0.19174053;0.19394416;0.19597016;0.19818376;0.20035243;0.20293288;0.20536733;0.2077226;0.21063916;0.21258222;0.2146738;0.21681719;0.21948;0.22153515;0.22413519;0.22644202;0.22873518;0.23104508;0.23418367;0.23634158;0.23833874;0.24112317;0.2431835;0.24569948;0.24761905;0.24944226;0.25174478;0.25371936;0.25585386;0.25831464;0.26039496;0.26246363;0.26474246;0.266594;0.26816186;0.27032384;0.2725002;0.2746636;0.27678737;0.2788721;0.28089184;0.28287393;0.28468785;0.28709218;0.2890144;0.29074585;0.29280227;0.2944388;0.2962963;0.29832068;0.3002331;0.30238461;0.30444857;0.30650035;0.30812326;0.3099169;0.31171763;0.3137634;0.31527993;0.31681713;0.31851333;0.3203522;0.32172132;0.32309824;0.32480642;0.32645953;0.32816368;0.329846;0.3316459;0.3332196;0.33484223;0.33655837;0.33828807;0.3401202;0.34183142;0.34344554;0.34507373;0.34676692;0.34808123;0.3493146;0.35091096;0.35243675;0.3538487;0.3552831;0.3567036;0.3582442;0.35992408;0.3612408;0.36259368;0.36416823;0.36567333;0.3668641;0.36835647;0.37004477;0.3714818;0.3730731;0.37439635;0.37589332;0.37744257;0.3787672;0.3801844;0.38196638;0.38348567;0.38507482;0.3865019;0.3879607;0.38937446;0.39061087;0.3921069;0.39346397;0.39477754;0.396365;0.39781436;0.3990169;0.4004352;0.40213937;0.4033247;0.40459594;0.405952;0.4074691;0.4088835;0.4102734;0.4116568;0.41310412;0.41443923;0.41576827;0.41702178;0.4184256;0.41951278;0.42087033;0.4221021;0.4230395;0.4242451;0.42556378;0.42691;0.42818308;0.42943388;0.43087798;0.43226537;0.43346557;0.4346934;0.43594846;0.43726268;0.43844187;0.43968037;0.44072157;0.44206142;0.44337904;0.44435924;0.44552463;0.44668514;0.44780964;0.4490382;0.4502459;0.45124826;0.4522803;0.45338213;0.45461643;0.45590568;0.4568422;0.45798588;0.45900506;0.459931;0.46123978;0.46237978;0.46341196;0.46461606;0.4655813;0.46658668;0.46761727;0.4686439;0.46975282;0.47078556;0.47184277;0.47298098;0.4740464;0.47483695;0.47575417;0.47677746;0.4779361;0.47900635;0.48004463;0.48096868;0.48192164;0.48319384;0.48403847;0.48524615;0.48616508;0.48737624;0.4884347;0.48943552;0.4905916;0.49165002;0.49248043;0.49346548;0.49451202;0.49550223;0.49646267;0.49748394;0.49860388;0.49960372;0.5006888;0.5015661;0.502453;0.503488;0.5042802;0.50525755;0.50614387;0.5069152;0.50778323;0.5087345;0.50969344;0.5105346;0.5113163;0.5123749;0.5131716;0.51394266;0.5148694;0.51571846;0.5165507;0.5174018;0.51830286;0.519177;0.5201537;0.5210211;0.52193207;0.522886;0.523813;0.52469033;0.5255988;0.52648103;0.5274625;0.5283377;0.529255;0.5301124;0.53091055;0.5316277;0.53258795;0.5333111;0.53402096;0.53494936;0.5357532;0.5365542;0.5374289;0.538246;0.5390818;0.5398282;0.54055065;0.5413782;0.54219204;0.54293907;0.54371554;0.5444153;0.5452711;0.5460228;0.54665434;0.54731476;0.5481294;0.54880375;0.5495698;0.5503436;0.5511897;0.55189484;0.552625;0.55342853;0.5541559;0.55478257;0.5555254;0.556228;0.55693835;0.5575966;0.5583225;0.5590261;0.55990505;0.5606135;0.5613491;0.5620822;0.56274474;0.56354105;0.56432486;0.5650384;0.56569207;0.5664777;0.56727;0.567841;0.56861883;0.5691768;0.56986517;0.570489;0.5712167;0.57191694;0.5724162;0.57304394;0.573676;0.5743217;0.5750481;0.57585424;0.5765663;0.5771669;0.5778655;0.57835406;0.57905775;0.5797321;0.58040434;0.58102095;0.5817068;0.58238167;0.5829482;0.58361024;0.58431405;0.5849717;0.58551383;0.5862896;0.586941;0.5876163;0.58835834;0.58904624;0.5896634;0.5902786;0.59086657;0.59154606;0.5922656;0.5928777;0.5934749;0.5940956;0.59468925;0.59530616;0.5959959;0.5966337;0.5972694;0.5980018;0.5985923;0.5991157;0.5998251;0.6004102;0.6010504;0.6015791;0.6022916;0.6027889;0.6034452;0.6039797;0.6045685;0.6051396;0.6057486;0.6063321;0.60690963;0.6075132;0.60817724;0.6087613;0.60928166;0.6098934;0.6104261;0.61097276;0.6115332;0.61219907;0.61277884;0.6132967;0.6138882;0.61448544;0.61499804;0.6156369;0.6161839;0.61672926;0.61725825;0.61776465;0.61827594;0.6187194;0.6193385;0.6199849;0.6205561;0.6210891;0.62172234;0.6222738;0.6228598;0.6234439;0.6239832;0.62454957;0.6251499;0.6257554;0.6261746;0.62674147;0.6273278;0.6277575;0.6282424;0.62871206;0.6292245;0.62967074;0.63024783;0.63076776;0.6313691;0.6317944;0.632303;0.63272804;0.6332204;0.63367736;0.6342215;0.6346015;0.63517517;0.6354791;0.6359841;0.636476;0.6370852;0.63767236;0.6381979;0.638702;0.6391915;0.6396797;0.6402454;0.640711;0.64112324;0.6415019;0.6419643;0.6423931;0.6428209;0.6434155;0.64386654;0.6444256;0.6449701;0.6455257;0.64600956;0.6464985;0.64703035;0.64732087;0.64785635;0.64830244;0.64884746;0.6493659;0.6497646;0.65021825;0.6506336;0.6511097;0.65145516;0.6518307;0.65225446;0.65266496;0.6530928;0.653544;0.6540122;0.65444887;0.65494484;0.65539724;0.6558725;0.65638834;0.6568071;0.65722483;0.65757614;0.657992;0.65840685;0.6588738;0.6593572;0.6598098;0.660191;0.6606531;0.66102076;0.66149807;0.66188705;0.66235036;0.66285276;0.66327316;0.66368675;0.6640994;0.6645566;0.6650525;0.66541064;0.66583604;0.6662716;0.66670614;0.66709447;0.66755486;0.66791326;0.6683379;0.6687781;0.6691506;0.66961086;0.6699704;0.6702846;0.67062557;0.6710542;0.67136574;0.67169845;0.67195785;0.6722501;0.6726576;0.6730642;0.6734265;0.6737988;0.6741488;0.6745677;0.6749214;0.6752582;0.6756104;0.67597777;0.67640793;0.6767735;0.67714876;0.6775653;0.67793876;0.6783218;0.67875624;0.6791321;0.6795488;0.6799332;0.6803064;0.68072;0.6811531;0.6815154;0.6819053;0.68227744;0.682569;0.6827687;0.68307227;0.6833939;0.68371135;0.68403816;0.6843457;0.68467695;0.6850534;0.6853922;0.685752;0.6862154;0.6865783;0.6870146;0.6873904;0.6877604;0.6880656;0.6884732;0.6888749;0.6892707;0.6895632;0.6899232;0.69028723;0.6906891;0.69103205;0.69139344;0.69183564;0.6922335;0.6926017;0.6929785;0.69337344;0.69374835;0.6940845;0.6944483;0.69476885;0.69519204;0.6954594;0.6957919;0.69620293;0.6965477;0.6969056;0.6972627;0.69763744;0.69800663;0.69829214;0.69863683;0.6989396;0.69933605;0.6997011;0.6999712;0.7002877;0.7005672;0.7009336;0.701263;0.70153326;0.70182097;0.702135;0.70244396;0.7027611;0.7031489;0.7034468;0.7037929;0.7040896;0.70446944;0.7048396;0.70520437;0.7054938;0.7057827;0.7061103;0.70644146;0.70675457;0.707106;0.70739603;0.70775884;0.7080132;0.7084131;0.70876914;0.70913714;0.70946157;0.7097852;0.7101082;0.71040505;0.7107309;0.7110349;0.7113383;0.7116536;0.7119808;0.71224034;0.7126038;0.712908;0.71321166;0.71351874;0.71383345;0.7141228;0.71441966;0.71467483;0.7150157;0.7153476;0.71568274;0.71596825;0.71620846;0.71648073;0.71679705;0.71710867;0.71743166;0.7177499;0.7180714;0.71834815;0.7186603;0.71893984;0.7192069;0.7195013;0.71973956;0.7200803;0.7204005;0.720716;0.7210662;0.72132534;0.72165835;0.7219437;0.72219336;0.72251654;0.7227419;0.72297466;0.72326505;0.7235433;0.72384405;0.7241365;0.7244283;0.7246812;0.72498715;0.7252734;0.72554755;0.725825;0.7261549;0.7264387;0.7267332;0.7269781;0.727264;0.7275792;0.7278226;0.72816265;0.72837895;0.72865075;0.7288922;0.7291926;0.7295108;0.72980607;0.73010075;0.730336;0.7306295;0.7309297;0.7312219;0.7314771;0.73176813;0.73199683;0.7322976;0.73255074;0.7328359;0.73311675;0.73336834;0.73364097;0.73393804;0.7342416;0.73454446;0.7348111;0.73514104;0.7353853;0.7356044;0.73587245;0.7361541;0.736421;0.7366321;0.73689455;
0.5714286;0.56790125;0.57081544;0.61639345;0.67435896;0.6984479;0.73552126;0.76;0.7673716;0.7843407;0.8056931;0.8077803;0.81962025;0.8227848;0.8243858;0.8302365;0.8385542;0.8392722;0.844939;0.84206945;0.8381689;0.8281154;0.8319575;0.8290359;0.8294782;0.8196806;0.8192593;0.81831187;0.82380074;0.8267681;0.8315288;0.83305156;0.83701885;0.84062004;0.8449343;0.8491914;0.85375637;0.85759944;0.8602787;0.8624915;0.8661365;0.8678514;0.8710999;0.8738044;0.87647235;0.8792798;0.8819625;0.88478875;0.8871101;0.8893698;0.89128125;0.89340633;0.8957962;0.89797956;0.8998531;0.90177715;0.90342385;0.9050824;0.906557;0.9081724;0.90949327;0.91095144;0.91247594;0.9137858;0.91530335;0.9170217;0.9181673;0.9194882;0.9207671;0.9221397;0.9230769;0.9241891;0.925119;0.92603976;0.927263;0.9283085;0.9293121;0.9301094;0.93088883;0.93177646;0.9326638;0.93353915;0.93430775;0.93499684;0.9359135;0.9364709;0.9370188;0.9377852;0.93838507;0.93907344;0.93972886;0.9403355;0.94102377;0.9416631;0.9422398;0.9429249;0.943438;0.9441104;0.94461745;0.9451743;0.9457632;0.9463958;0.9469176;0.9473887;0.9478848;0.94834554;0.948779;0.9492178;0.9497296;0.9502312;0.9506694;0.9511991;0.95156896;0.95198965;0.95238096;0.95276046;0.9531715;0.9535702;0.9539051;0.95429146;0.95466137;0.95505494;0.9554175;0.955822;0.95628005;0.95664614;0.9570288;0.95731133;0.9576736;0.95794344;0.9583333;0.9586325;0.95898515;0.9592954;0.9596089;0.9599098;0.9601869;0.96047926;0.9607523;0.9608816;0.9611816;0.96146256;0.96168584;0.96197367;0.9622329;0.96248513;0.9627137;0.9629295;0.96318907;0.9634386;0.9636525;0.9639148;0.96416396;0.96443444;0.96466124;0.96490026;0.9651479;0.9653716;0.9655982;0.9658077;0.9660174;0.96620506;0.96639895;0.9666015;0.9668526;0.9670418;0.96722096;0.96739304;0.96760684;0.96779513;0.9679763;0.9681405;0.9683446;0.9685221;0.9686975;0.9688899;0.96908695;0.96920997;0.969387;0.96956426;0.9696992;0.9698574;0.970027;0.9701601;0.9703264;0.9704887;0.9706619;0.97082263;0.9709632;0.97111046;0.9713086;0.9714445;0.9715791;0.97173196;0.97186965;0.9719964;0.97214866;0.9722898;0.9723044;0.9723225;0.9724624;0.97260094;0.9727165;0.9727404;0.97286874;0.9729765;0.97257876;0.9727466;0.97274595;0.97256255;0.97257316;0.97231704;0.97158843;0.9712014;0.97099733;0.9693922;0.9675605;0.9667631;0.96543485;0.9641332;0.9622252;0.9606966;0.9602697;0.95928526;0.9576818;0.95663023;0.95496505;0.9532622;0.9518277;0.94943064;0.9472889;0.94483316;0.94191134;0.93973625;0.9364472;0.93343943;0.93130374;0.92874455;0.92532957;0.9236701;0.92114633;0.918555;0.91655636;0.91464823;0.9125273;0.91059655;0.90792185;0.90545946;0.9028959;0.8993889;0.89654434;0.8942354;0.8911868;0.8886129;0.88617456;0.88317686;0.8801776;0.8769511;0.873646;0.8707778;0.8674104;0.8647873;0.8618418;0.8590983;0.8562015;0.8527437;0.84978366;0.8468017;0.8443045;0.84098375;0.8377306;0.83492315;0.8319216;0.8293485;0.82622516;0.82316536;0.820686;0.81774616;0.81467015;0.8115392;0.8089742;0.80581;0.8029756;0.80065405;0.79770505;0.7948525;0.7923546;0.7896139;0.7868921;0.78389794;0.7817576;0.77923334;0.7767968;0.7744464;0.77189857;0.7691222;0.7670965;0.76463133;0.76207876;0.75991905;0.7575676;0.7548932;0.75243866;0.7500666;0.7479081;0.74556446;0.7432682;0.7412787;0.7388471;0.7360143;0.7331713;0.73055136;0.7280169;0.7260898;0.72366565;0.7213192;0.71901846;0.7169451;0.7147326;0.7128041;0.7109756;0.70859176;0.70666665;0.7045758;0.70243883;0.699822;0.6973109;0.6953321;0.6931371;0.6912384;0.6891534;0.687373;0.68561697;0.6833448;0.6813072;0.6789816;0.6770512;0.6748892;0.6728481;0.6708459;0.66861755;0.66632515;0.6639702;0.6615282;0.6594641;0.6575662;0.6557046;0.65395474;0.652189;0.6505329;0.6483875;0.6463797;0.6447529;0.642792;0.6411753;0.6391881;0.63735723;0.6357041;0.63372684;0.63204515;0.6303959;0.62861496;0.62705326;0.62526804;0.623447;0.6217508;0.6199729;0.6182729;0.61673963;0.6149902;0.6134509;0.6119192;0.6103732;0.6086597;0.60723907;0.60584676;0.60422325;0.6025011;0.6007887;0.5992771;0.5978576;0.59655005;0.5950178;0.5933268;0.5917282;0.58991176;0.5882906;0.5870856;0.58554065;0.5837821;0.5823949;0.5808346;0.579243;0.57771933;0.57616436;0.5745201;0.57321537;0.57174253;0.5704888;0.56912565;0.56780714;0.56634295;0.56507504;0.5639068;0.5623317;0.5613237;0.5599483;0.5584506;0.5572728;0.55575275;0.55436814;0.5530989;0.55181754;0.55056;0.5493795;0.5479909;0.5466977;0.5454106;0.54391944;0.5429067;0.5417067;0.5404602;0.53918505;0.5377278;0.5366868;0.5354802;0.5342622;0.5328985;0.53157514;0.530458;0.529362;0.52818817;0.52715087;0.52636486;0.5256824;0.5256204;0.5256691;0.52587825;0.52637076;0.5262545;0.5268518;0.52756673;0.5280314;0.5284951;0.52932084;0.53039694;0.53121984;0.53230464;0.5328634;0.533497;0.5343648;0.53510547;0.53603494;0.5367728;0.53733903;0.5382661;0.5391325;0.5396606;0.54049057;0.54128116;0.5419613;0.54255223;0.5431215;0.5439238;0.54484636;0.54582226;0.5467466;0.54748136;0.5484686;0.5494946;0.55043435;0.5512206;0.55213434;0.5528259;0.55347073;0.55411905;0.554925;0.5555712;0.5563834;0.55726945;0.55793893;0.5587791;0.5596118;0.56050867;0.56098783;0.56180525;0.5625242;0.5632231;0.5639782;0.56487775;0.56571037;0.566579;0.56744045;0.56830645;0.5691763;0.57020617;0.57108;0.5717765;0.5725704;0.5734034;0.5740686;0.57489467;0.57573646;0.5767566;0.57767767;0.57827926;0.57892084;0.5797658;0.5804362;0.58088005;0.58130777;0.5819993;0.5827102;0.58354276;0.5843131;0.5849568;0.5858381;0.58644956;0.5873069;0.5880329;0.58875465;0.5895613;0.59025794;0.5910888;0.5918127;0.59256136;0.593341;0.593984;0.594754;0.5954235;0.59609056;0.5966735;0.59742653;0.5983285;0.59913576;0.59991974;0.6006807;0.6013091;0.60211915;0.60279256;0.6034637;0.6041718;0.60496545;0.6057462;0.6065335;0.6072308;0.6078677;0.6086082;0.6093077;0.61004275;0.6107656;0.61138165;0.61206186;0.61269265;0.6134525;0.6140508;0.6146379;0.6154365;0.6161118;0.6168859;0.61755615;0.61823314;0.61889863;0.61961627;0.6202047;0.6208723;0.6215556;0.62230796;0.6229861;0.6235907;0.62429965;0.6249354;0.62561285;0.62637544;0.6269693;0.62752646;0.62817734;0.6288087;0.6294292;0.6300649;0.6306717;0.631174;0.6318969;0.6326085;0.63339305;0.6340317;0.6345243;0.6351422;0.63554853;0.6361877;0.6366882;0.63734794;0.637956;0.63864386;0.63932097;0.6398819;0.64053816;0.641184;0.641699;0.6422045;0.64278847;0.64342624;0.6440538;0.64465547;0.6453339;0.6460567;0.6466438;0.6471199;0.64770347;0.6482774;0.6488571;0.64951956;0.65007997;0.6506232;0.6512029;0.6518338;0.65240943;0.6529003;0.65339726;0.6540277;0.65467083;0.65519994;0.6557052;0.65636426;0.6567924;0.65722686;0.6577995;0.6582972;0.6587788;0.65933174;0.6598612;0.66042507;0.66089356;0.66136795;0.6619411;0.66241974;0.6629538;0.66346496;0.6640523;0.6646376;0.66510856;0.66559225;0.6661861;0.666764;0.6673745;0.6679414;0.6684513;0.6689185;0.6694186;0.66992396;0.67044824;0.670903;0.6714039;0.67192346;0.67239434;0.6728304;0.67328537;0.673699;0.6741914;0.67465585;0.6750783;0.6753025;0.6757003;0.6761658;0.6764284;0.6767787;0.67721456;0.6777465;0.6781933;0.678512;0.67898214;0.6792638;0.6795215;0.6799338;0.68032575;0.68064505;0.68107283;0.681347;0.68157077;0.681811;0.68191147;0.68190414;0.68148106;0.6808924;0.6808227;0.6807536;0.68039966;0.6801515;0.6799501;0.6794462;0.6789207;0.67829347;0.6777164;0.6768418;0.67596924;0.6751129;0.674415;0.67362887;0.67288244;0.67175895;0.6707934;0.669805;0.66890895;0.6679771;0.66714954;0.66634935;0.66541195;0.6645907;0.6638219;0.6627033;0.66191375;0.6609139;0.6598424;0.6589108;0.65791994;0.65696913;0.6560579;0.65514916;0.65430415;0.6534613;0.65271795;0.65167284;0.65088516;0.64997864;0.6490747;0.6481492;0.6475736;0.6467121;0.64586484;0.6450436;0.64421254;0.64318264;0.64232105;0.64142644;0.64062816;0.6397032;0.6388159;0.6379427;0.6370834;0.63614553;0.6351874;0.63425505;0.6334516;0.63262725;0.63159984;0.63081443;0.62991756;0.6291363;0.6283796;0.6276697;0.62690526;0.62598586;0.625192;0.62440014;0.623577;0.62273383;0.6219813;0.6211645;0.6202839;0.6194277;0.6187379;0.6178859;0.6170363;0.6163192;0.61571205;0.6150197;0.61421025;0.6133707;0.61262995;0.6118482;0.61105776;0.6102375;0.6095042;0.6088045;0.60808533;0.607115;0.6062737;0.60544527;0.6047235;0.6040347;0.60321236;0.6023818;0.6016467;0.6010062;0.60022295;0.5993698;0.59879565;0.59786487;0.59719163;0.5964691;0.59568745;0.59498876;0.59426147;0.5934755;0.5927218;0.5919299;0.59120005;0.5905617;0.5898153;0.5888429;0.58816016;0.58741003;0.58671093;0.5859939;0.58522964;0.5843406;0.5835807;0.58281296;0.5821635;0.5813803;0.58062804;0.5799066;0.5791198;0.57832557;0.57760984;0.5768673;0.5761551;0.5755109;0.57467;0.57398206;0.5733052;0.5726861;0.57202154;0.57147986;0.57093924;0.5702765;0.5695342;0.56873834;0.568;0.5672728;0.56650156;0.5658056;0.5651023;0.56436425;0.56370986;0.5629936;0.5622701;0.56160253;0.5608107;0.56021833;0.55956453;0.55877846;0.55819035;0.55747026;0.5568406;0.55625653;0.5556649;0.55510974;0.55450296;0.55386245;0.553171;0.55256844;0.5519411;0.55127174;0.5506387;0.55002433;0.5494545;0.54871374;0.54805225;0.5474265;0.5468108;0.5460942;0.54545593;0.5448786;0.5442262;0.54356706;0.54290944;0.54226184;0.5415906;0.5411907;0.54073;0.5405164;0.540531;0.5407356;0.54072255;0.5410294;0.541216;0.54159003;0.5418701;0.5421878;0.5425787;0.5428972;0.54331595;0.54387355;0.5441641;0.54462236;0.54489475;0.5453223;0.54585075;0.54646015;0.54685;0.54739904;0.5478689;0.5482658;0.5487816;0.5492738;0.54972875;0.5500839;0.5505048;0.5508816;0.5513241;0.5518794;0.5523035;0.55270165;0.5531425;0.5536385;0.5540891;0.55447567;0.5548879;0.5552631;0.55556214;0.55596215;0.55636305;0.5568234;0.557304;0.5576875;0.55816615;0.55862737;0.5589751;0.55942667;0.5598767;0.5603257;0.5607143;0.56115675;0.5616419;0.56218946;0.56249636;0.5629621;0.563397;0.56382656;0.5643019;0.5647762;0.5651127;0.5655368;0.5659932;0.5664199;0.56689304;0.5673342;0.56779915;0.56824464;0.5687323;0.56921893;0.5696369;0.57020104;0.570611;0.5710507;0.571526;0.5720063;0.5724674;0.5729516;0.5734046;0.57385063;0.57430774;0.57475185;0.5752788;0.57575077;0.5761919;0.5767212;0.5772018;0.5776044;0.5780181;0.5783779;0.5787438;0.57915807;0.57966816;0.5801303;0.5806205;0.5810922;0.5815395;0.58198595;0.5823505;0.58277786;0.58322746;0.58356684;0.5840548;0.5844387;0.5847761;0.5851757;0.5855404;0.5859783;0.5863927;0.5867722;0.5872132;0.5877152;0.5881092;0.58860904;0.5890909;0.58948374;0.58994114;0.59033644;0.5907642;0.59115237;0.59165585;0.592114;0.59247756;0.5928679;0.59329045;0.5936957;0.5940892;0.59445477;
0.47619048;0.5751634;0.6371308;0.6214511;0.67424244;0.70416665;0.70197487;0.70382166;0.72727275;0.7464239;0.7669441;0.78741866;0.8057199;0.81876725;0.8253425;0.83238864;0.83984673;0.84859407;0.8521798;0.8595469;0.8673594;0.8730994;0.87795275;0.88276607;0.8871555;0.8917706;0.8951691;0.8985033;0.9012739;0.90457344;0.9066667;0.9098088;0.9125;0.9154326;0.9174905;0.91962963;0.92188627;0.92401963;0.9259133;0.92807424;0.9299096;0.9315889;0.93318963;0.93450046;0.9359126;0.9374099;0.9384572;0.93960476;0.94087195;0.94155324;0.9426251;0.9437452;0.9448779;0.9458457;0.9468833;0.947981;0.9489629;0.94997716;0.95067567;0.95152724;0.9522043;0.9530043;0.95369977;0.9544604;0.9551321;0.95589125;0.956539;0.9572933;0.9578603;0.958444;0.95906544;0.9596982;0.96023965;0.9607386;0.9613211;0.96191305;0.9624292;0.96284986;0.96332884;0.9638017;0.9642449;0.9647513;0.9651052;0.9655281;0.9659832;0.9663646;0.9667527;0.9671566;0.96749777;0.9678838;0.9683297;0.9686875;0.96904594;0.96932775;0.96963817;0.9699959;0.970289;0.970604;0.97086215;0.9711425;0.9714323;0.9716578;0.9719339;0.9721587;0.97245973;0.9727273;0.9730262;0.9732405;0.97348666;0.97373474;0.97394717;0.9741593;0.97435;0.97456443;0.9747783;0.9750228;0.97525984;0.9754897;0.9756937;0.97588634;0.9760682;0.976273;0.9764794;0.9766599;0.976845;0.97700787;0.9771661;0.9773526;0.9775339;0.9776849;0.97785866;0.9780495;0.9782436;0.97840875;0.978563;0.97869855;0.9788508;0.97900486;0.9791409;0.97928685;0.9794076;0.9795576;0.97969776;0.97981006;0.9799597;0.9801072;0.98025423;0.98037285;0.98048127;0.9806006;0.98071164;0.98083484;0.98097473;0.9810913;0.9812259;0.98134744;0.9814689;0.9815796;0.98168284;0.98178494;0.9819128;0.98202705;0.9821414;0.9822442;0.9823487;0.98215145;0.982265;0.9823646;0.98247683;0.9825836;0.9827011;0.9827959;0.9827441;0.98278356;0.9828788;0.98297036;0.98306483;0.983172;0.9832642;0.9833554;0.98346263;0.98355883;0.98364097;0.98373747;0.98381436;0.9838951;0.98397166;0.98405755;0.98414594;0.9842333;0.9843132;0.9843901;0.9844727;0.98454386;0.98441327;0.9844935;0.9845677;0.98466074;0.98473233;0.9848113;0.9848855;0.9849826;0.9850571;0.9851231;0.98520005;0.9852629;0.9853327;0.9854019;0.98547786;0.98553926;0.98560834;0.9856848;0.98574805;0.98581076;0.98587555;0.98593366;0.9860016;0.9860587;0.9861246;0.98619235;0.9862578;0.9863112;0.98636496;0.9864159;0.9864657;0.98652387;0.986587;0.9866465;0.9866961;0.98652554;0.98658836;0.9865926;0.98665756;0.9867136;0.9867632;0.9868154;0.9868819;0.9869274;0.98698556;0.9870367;0.98709536;0.98715556;0.987211;0.987266;0.9873136;0.9873609;0.9874099;0.98745376;0.98749936;0.98755187;0.9876;0.9876563;0.9877056;0.9877506;0.9878011;0.9878435;0.9878938;0.98794687;0.987992;0.9880411;0.98807764;0.98812485;0.9881747;0.9882294;0.98827595;0.98821884;0.9879662;0.98801446;0.9880612;0.9881093;0.988157;0.9881957;0.98823756;0.98827577;0.988321;0.9883559;0.9883977;0.988441;0.9884811;0.9885303;0.98858166;0.9886241;0.98865926;0.9887011;0.98874474;0.98878646;0.98882526;0.98886794;0.9889108;0.98894876;0.9889865;0.9890175;0.9890552;0.9890829;0.9891182;0.9891519;0.98918676;0.98922145;0.98925924;0.989302;0.9893373;0.98937476;0.9894078;0.9894374;0.98946774;0.98950016;0.98953605;0.98957616;0.9896097;0.9896391;0.98967487;0.9897074;0.9897349;0.9897666;0.98980105;0.9898319;0.98986685;0.9899028;0.9899322;0.98996353;0.9899996;0.99003214;0.990062;0.9900954;0.9901305;0.9901614;0.9901869;0.99021864;0.9902459;0.99027294;0.9903006;0.9903308;0.99036205;0.99039185;0.9904223;0.99044913;0.99047846;0.9905072;0.99053466;0.9905638;0.9905888;0.9906158;0.99064445;0.990674;0.990702;0.99072975;0.99076194;0.990789;0.99081665;0.990841;0.9908662;0.9908913;0.99091697;0.990939;0.99095833;0.9909809;0.9910057;0.9910287;0.9910556;0.991081;0.9911075;0.99112934;0.99115175;0.9909217;0.99094975;0.99050653;0.9905316;0.9905572;0.9905833;0.990609;0.99063784;0.99066156;0.99068844;0.9907145;0.99074006;0.9907626;0.9907902;0.9908189;0.99084526;0.990872;0.9906529;0.9904326;0.99045676;0.9904456;0.9903664;0.99039185;0.990411;0.9903278;0.9903525;0.99037707;0.9904042;0.9904272;0.9904508;0.9904781;0.9905043;0.9905256;0.99055094;0.99057704;0.990598;0.99062353;0.9906465;0.99066687;0.9906923;0.9907149;0.9907368;0.9907601;0.99078536;0.9908102;0.9908313;0.99085474;0.99087596;0.99089885;0.9909228;0.9909472;0.99097085;0.9909927;0.99101275;0.99103236;0.9910551;0.99107593;0.9909731;0.99099267;0.9910166;0.99103796;0.99105805;0.9910764;0.9910964;0.9911184;0.99113923;0.99115723;0.9911741;0.99119306;0.99121547;0.9912353;0.99125665;0.9912787;0.99129564;0.9913125;0.991334;0.99135804;0.99137723;0.9913966;0.9914185;0.9914369;0.9914558;0.9914728;0.99149126;0.99148107;0.9915007;0.99151695;0.99153537;0.99155426;0.9915733;0.9915932;0.9916113;0.9916301;0.99165;0.9916686;0.991685;0.9917034;0.9917227;0.99173933;0.991754;0.99177164;0.9917916;0.9918082;0.99182886;0.99184436;0.99185866;0.99187475;0.99189234;0.99191034;0.99192846;0.99194497;0.99196386;0.9919797;0.99199444;0.99201024;0.9920279;0.9920444;0.99206084;0.99207854;0.9920953;0.9921098;0.99212426;0.99213845;0.9921543;0.9921703;0.99218583;0.9922006;0.9922162;0.99223113;0.9922489;0.9922635;0.99228024;0.992297;0.992313;0.9923294;0.9923451;0.99236035;0.9923741;0.9923914;0.9924059;0.99242127;0.99243957;0.9924552;0.9924708;0.9924855;0.9925008;0.992516;0.9925319;0.992547;0.9925608;0.9925748;0.9925897;0.9926055;0.9926209;0.99263406;0.99264854;0.99266374;0.99268067;0.9926924;0.9927065;0.9927179;0.99273115;0.9927434;0.9927567;0.99274707;0.99276143;0.9927745;0.9927905;0.9928031;0.9928185;0.99283165;0.99284565;0.9928579;0.99287355;0.9928881;0.9929014;0.992912;0.9929276;0.9929392;0.9929526;0.9929663;0.99297863;0.99298954;0.9930004;0.99301356;0.99302423;0.993036;0.9930502;0.9930634;0.993074;0.9930868;0.9931023;0.99311465;0.9931287;0.99314207;0.9931542;0.9931643;0.9931783;0.9931912;0.9932056;0.99321693;0.9932296;0.9932423;0.99325347;0.9932672;0.9932791;0.9932925;0.99330413;0.99331635;0.993328;0.9933404;0.99335;0.99336076;0.9933723;0.9933846;0.9933962;0.99340785;0.99341774;0.9934297;0.99344254;0.9934543;0.9934642;0.99347526;0.9934869;0.99349815;0.9935098;0.9935192;0.99353033;0.9935418;0.9935517;0.9935629;0.9935728;0.99358374;0.99359715;0.9936069;0.99361694;0.9936268;0.9936367;0.9936474;0.99365795;0.9936669;0.99367905;0.9936889;0.99370015;0.99371177;0.993722;0.99373335;0.9937439;0.99375457;0.9937667;0.99377626;0.9937871;0.9937978;0.9938101;0.9938198;0.9938298;0.9938398;0.99384934;0.99385905;0.99386895;0.99387974;0.9938899;0.9939027;0.993913;0.99392295;0.9939337;0.9939432;0.993952;0.9939603;0.9939694;0.9939794;0.9939678;0.99397916;0.99398774;0.9939976;0.994008;0.9940184;0.994029;0.99403757;0.9940457;0.9940336;0.99379873;0.9938099;0.9938195;0.9938283;0.9938377;0.99384624;0.9938552;0.99386406;0.99387383;0.9938826;0.99389136;0.99390095;0.9939098;0.99392045;0.9939297;0.9939393;0.99394715;0.99395585;0.9939645;0.9939747;0.9939843;0.99399394;0.99400204;0.994012;0.99402213;0.9940301;0.99403834;0.99404705;0.99405485;0.99406326;0.9940729;0.99408054;0.99408805;0.994096;0.9941046;0.9941142;0.9941221;0.9941322;0.99414;0.99414754;0.99415535;0.99416476;0.9941724;0.99418193;0.9941905;0.9941991;0.99420804;0.994216;0.99422514;0.9942328;0.9942421;0.99424917;0.99425787;0.99426633;0.99427307;0.994281;0.99428946;0.99429774;0.9943071;0.9943148;0.9943214;0.9943304;0.99433964;0.9943488;0.994356;0.99436384;0.99437094;0.99437857;0.9943876;0.99439573;0.9944029;0.9944099;0.9944177;0.99442554;0.9944335;0.9944425;0.99445033;0.99445856;0.99446654;0.9944748;0.994483;0.9944912;0.9944988;0.9945063;0.9945142;0.9945212;0.9945283;0.9945363;0.9945439;0.99455065;0.99455845;0.9945665;0.9945747;0.9945821;0.9945886;0.9945948;0.99460083;0.99460757;0.99461555;0.9946232;0.99463135;0.99463814;0.9946457;0.9946528;0.99465954;0.99466616;0.9946726;0.99467975;0.99468666;0.9946935;0.9947014;0.99470824;0.994715;0.9947214;0.99472815;0.99473566;0.99474216;0.9947489;0.9947555;0.9947621;0.9947692;0.99477565;0.994783;0.99479026;0.9947799;0.99478686;0.9947932;0.9948002;0.99480706;0.9948142;0.9948208;0.9948271;0.99483395;0.99484;0.99484664;0.9948532;0.9948601;0.99486643;0.99487233;0.99487895;0.99488646;0.99489313;0.9948989;0.9949053;0.99491185;0.9949198;0.99492544;0.9949316;0.99493814;0.99494547;0.9949523;0.994958;0.99496394;0.99496996;0.9949754;0.9949817;0.99498683;0.9949927;0.9949995;0.9950064;0.9950127;0.99501836;0.99502593;0.995032;0.9950374;0.9950433;0.9950489;0.9950544;0.99506116;0.9950672;0.99507326;0.9950787;0.99508375;0.99508965;0.9950945;0.99509937;0.9951049;0.99511075;0.9951172;0.9951245;0.99512994;0.9951359;0.9951406;0.9951464;0.99515206;0.9951572;0.99516255;0.9951681;0.99517393;0.9951793;0.99518526;0.99509686;0.9951036;0.995109;0.9951154;0.9951207;0.9951263;0.9951317;0.9951375;0.9951435;0.99514925;0.99515486;0.99516076;0.9951661;0.9951718;0.9951784;0.9951836;0.9951891;0.99519545;0.99520123;0.9952069;0.99521226;0.9952165;0.99522203;0.9952277;0.9952339;0.99524015;0.995246;0.9952513;0.99525636;0.9952626;0.9952674;0.9952725;0.9952768;0.995282;0.99528766;0.995293;0.9952991;0.995305;0.9952957;0.9953008;0.9953056;0.99531084;0.99531585;0.99532104;0.9953264;0.9953324;0.995337;0.99534154;0.9953315;0.9953357;0.99534184;0.995348;0.99535394;0.99535847;0.99536335;0.99536854;0.9953737;0.99537945;0.9953841;0.99538904;0.9953934;0.99539816;0.9954026;0.9954081;0.995413;0.9954174;0.99542254;0.995427;0.99543214;0.99543726;0.99544185;0.9953747;0.9953655;0.99535626;0.99536186;0.99536717;0.99537224;0.99537724;0.99538285;0.99538887;0.9953932;0.9953981;0.99540365;0.99540913;0.99541456;0.99541974;0.9954242;0.99542934;0.99543375;0.9953957;0.9953858;0.99537706;0.9953824;0.99538743;0.99539286;0.99539804;0.9954026;0.99540806;0.9954133;0.9954186;0.9954232;0.99542755;0.9954324;0.9954372;0.9954423;0.99544626;0.9954506;0.9954561;0.99546117;0.9954654;0.99546975;0.9954755;0.99548006;0.99548495;0.99549043;0.9954959;0.9955008;0.9954499;0.99545425;0.9954593;0.9954627;0.99546754;0.99547297;0.9954778;0.9954832;0.99546087;0.9954646;0.9954693;0.99547374;0.99547845;0.9954833;0.9954875;0.9954919;0.99549574;0.9955002;0.99550503;0.9955096;0.9955147;0.9955193;0.9955235;0.9955285;0.995533;0.99547046;0.9954747;0.9954788;0.9954704;0.9954746;0.9954796;0.9954845;0.9954886;0.9954939;0.99549806;0.99550295;0.9955078;0.9955122;0.9955159;0.9955205;0.99552554;0.9955299;0.9955348;0.99553996;0.9955446;0.99554944;0.99555403;0.9955578;
0.2125;0.30201343;0.32467532;0.40655738;0.3773585;0.4365256;0.46628132;0.49916527;0.54531944;0.577027;0.57340026;0.5934959;0.60500544;0.60301507;0.606203;0.619842;0.6255178;0.6363636;0.6458944;0.6578765;0.66270626;0.67424244;0.6867833;0.6894554;0.69961345;0.71041447;0.71692306;0.7270936;0.73396677;0.74311924;0.75188303;0.7592433;0.76617956;0.77226514;0.77952754;0.7856049;0.7916667;0.79688066;0.80219007;0.80762625;0.81201744;0.81663394;0.8208;0.825;0.8290076;0.8329356;0.83592147;0.8391267;0.8430933;0.84573;0.84844387;0.8511826;0.8535565;0.85652065;0.85943776;0.8618989;0.86440676;0.8669202;0.86915886;0.8713531;0.8733891;0.8755002;0.8775153;0.8788139;0.8805591;0.882107;0.88359135;0.88531923;0.8870871;0.8886256;0.8904003;0.8921812;0.8936451;0.8954394;0.8970803;0.89845157;0.89985794;0.9012259;0.9025065;0.9034247;0.904778;0.906047;0.9069153;0.90800846;0.90917873;0.91021967;0.9111811;0.9121085;0.9132174;0.91418135;0.9151497;0.91615874;0.9169856;0.9178561;0.9187203;0.9197039;0.9205298;0.92119604;0.9220241;0.922708;0.92335916;0.9240302;0.92474985;0.925456;0.92613935;0.9267723;0.9273664;0.92796934;0.9287429;0.92933214;0.9298769;0.93052477;0.93108505;0.93173563;0.93239033;0.93297684;0.9335846;0.934166;0.9347449;0.93529886;0.9357558;0.93624955;0.9367713;0.9372706;0.9377621;0.9382053;0.93869567;0.93923724;0.9397693;0.93989825;0.940366;0.94080186;0.9413408;0.9417984;0.94220185;0.94268674;0.94307226;0.9434357;0.94386697;0.9442478;0.94472605;0.945106;0.94548076;0.9459073;0.9462712;0.9466704;0.946567;0.94689935;0.9472811;0.94768614;0.94799525;0.9483475;0.94867194;0.9490105;0.94934016;0.94967;0.9499825;0.9503084;0.9506599;0.95097286;0.9512943;0.9515911;0.9519449;0.9522378;0.95255476;0.95288694;0.95298445;0.95325965;0.953494;0.9537372;0.954011;0.9542962;0.9545491;0.95482045;0.95509213;0.95532244;0.9555813;0.9558134;0.9560901;0.9563634;0.9565972;0.9568318;0.9570639;0.95731574;0.95757395;0.9577765;0.95802003;0.9582274;0.9584808;0.9587163;0.9589022;0.9591126;0.9593122;0.9595099;0.9597113;0.9597179;0.95991385;0.96008855;0.9602972;0.96052;0.96074295;0.96093166;0.96111596;0.96131414;0.96148455;0.9616407;0.9618159;0.96197945;0.96220356;0.9623737;0.96256405;0.9627333;0.96295106;0.9631357;0.9632975;0.9634741;0.9636856;0.9638335;0.9640117;0.9641971;0.9643827;0.9645621;0.9647397;0.9649176;0.9650621;0.96519905;0.96537447;0.9655296;0.96567726;0.96584386;0.96600884;0.96614844;0.96629673;0.9664242;0.96640605;0.96655905;0.9667355;0.96687037;0.9670454;0.9670572;0.9672057;0.96735287;0.96747875;0.9676055;0.9677437;0.9678985;0.9680378;0.9681602;0.968273;0.9684228;0.96854734;0.96866417;0.96878856;0.96890527;0.96877325;0.9689105;0.9690564;0.96917987;0.96929437;0.9694175;0.9695287;0.9696343;0.9697407;0.96987116;0.96999747;0.9700672;0.9701674;0.970282;0.9704032;0.9705204;0.9706235;0.9707273;0.9708478;0.97094;0.97102594;0.97114396;0.97127366;0.97137433;0.97139394;0.9714976;0.97161686;0.9717203;0.9718283;0.9719382;0.9720326;0.97212774;0.9722144;0.9723031;0.9723938;0.9724903;0.9725747;0.97266495;0.97275835;0.9728536;0.97295314;0.9730434;0.9731403;0.9732329;0.97333694;0.9734258;0.97352123;0.97360885;0.97370297;0.9737929;0.9738926;0.97397214;0.97404766;0.9741262;0.9742099;0.9742964;0.97439456;0.9744832;0.97457117;0.97465855;0.9747345;0.97480464;0.9748819;0.9749565;0.9750613;0.9751422;0.9752257;0.9753035;0.97537357;0.9754351;0.9755065;0.97556937;0.9756319;0.9757162;0.97579783;0.9758711;0.9759439;0.9760221;0.9760804;0.97614425;0.9762164;0.9761694;0.9762458;0.97632354;0.976398;0.97645515;0.9765362;0.9766075;0.976682;0.97675055;0.9768142;0.9768811;0.9769449;0.97702444;0.9770901;0.9771554;0.97722733;0.97729707;0.9773638;0.97743016;0.9774927;0.97754467;0.9775697;0.977633;0.97770184;0.97776616;0.9778292;0.9778837;0.97794694;0.9780171;0.9780788;0.97813445;0.9781978;0.9782561;0.9783093;0.9783693;0.97842824;0.9784853;0.9785451;0.9785915;0.97863925;0.9787013;0.97875154;0.978816;0.9788702;0.97886;0.97891533;0.978839;0.9787586;0.9788159;0.9788678;0.97892237;0.9789679;0.9790263;0.9790822;0.97913283;0.9791875;0.9792354;0.97927886;0.97933275;0.97937936;0.9794236;0.97946835;0.9795268;0.979576;0.97962624;0.9796852;0.9797302;0.9797777;0.97983104;0.97987676;0.9799282;0.97997546;0.9800185;0.98006403;0.980108;0.9801492;0.9801909;0.98022914;0.9802711;0.9803084;0.98035514;0.9803998;0.98044485;0.9804979;0.9805469;0.9805969;0.98063666;0.9806788;0.98073363;0.98077536;0.9808181;0.9808655;0.98091745;0.98095477;0.98099434;0.9810403;0.98107827;0.981125;0.98116386;0.9812148;0.98125446;0.98130494;0.9813419;0.9813862;0.98142797;0.98146844;0.981507;0.98155165;0.9815977;0.9816452;0.981687;0.98174065;0.98178476;0.98182255;0.9818651;0.98190206;0.98182577;0.9818681;0.98190045;0.9819327;0.9819708;0.98201025;0.9820532;0.9819772;0.9817824;0.9818251;0.9818623;0.981755;0.9816487;0.981685;0.9816362;0.9816482;0.98154193;0.9815205;0.9812775;0.98119116;0.98123264;0.981131;0.98106104;0.98056346;0.98048794;0.9801938;0.98023355;0.9800762;0.980111;0.98014957;0.980188;0.98022854;0.98026663;0.980309;0.9803529;0.9803965;0.9804378;0.9804697;0.9805102;0.9805531;0.9805948;0.98063153;0.98066974;0.9807104;0.9807467;0.98078126;0.98081577;0.9808542;0.9808843;0.9809205;0.9809544;0.98100364;0.9810444;0.9810749;0.9811058;0.9811467;0.98118335;0.9812144;0.9812563;0.98129207;0.98133117;0.98136663;0.9814054;0.98144156;0.9814786;0.98151785;0.98155165;0.9815916;0.98162174;0.9816552;0.98168945;0.981724;0.981759;0.9817952;0.9818313;0.98186815;0.98189604;0.9819336;0.9819705;0.98200405;0.9820388;0.98207074;0.98210573;0.9821334;0.9821645;0.9821897;0.9822278;0.9822595;0.9822942;0.98232126;0.9823544;0.98239356;0.9824247;0.9824535;0.98248136;0.98241574;0.9824462;0.9824795;0.9825084;0.9824704;0.9824488;0.98235816;0.9823639;0.98212975;0.98188955;0.98189783;0.9812274;0.98056275;0.9802589;0.9798638;0.97949296;0.9791882;0.978979;0.97877544;0.97840816;0.977756;0.97727436;0.9770525;0.9764944;0.97603685;0.97548616;0.97484696;0.97458285;0.97436863;0.9738965;0.97364223;0.9729812;0.9720916;0.97164875;0.9707953;0.97033435;0.9698532;0.96945876;0.9690872;0.9682169;0.9673818;0.96683633;0.9663071;0.96596783;0.9654271;0.9649625;0.9645615;0.96418715;0.96384966;0.96331173;0.96286625;0.9622381;0.96157765;0.96124715;0.96092814;0.9606345;0.9605426;0.96010333;0.9596053;0.9592367;0.9588634;0.9583259;0.95815134;0.9577346;0.9572818;0.95674646;0.95616543;0.95588726;0.9551906;0.95473576;0.95419145;0.9538894;0.953163;0.95228195;0.95164007;0.95091087;0.95004684;0.949814;0.9494721;0.94908494;0.9486186;0.9479964;0.9476467;0.9473979;0.94699836;0.94674796;0.9464228;0.9461166;0.94576114;0.9455147;0.9451451;0.9448238;0.9445223;0.9441758;0.94379973;0.9433839;0.94304174;0.94248563;0.9418695;0.941027;0.9407818;0.9399046;0.9392768;0.9389824;0.9385167;0.93822926;0.9379309;0.9375337;0.9371611;0.93702984;0.9368269;0.9367274;0.9365641;0.93615973;0.9358312;0.93570447;0.93554986;0.9350023;0.93435;0.93388563;0.933782;0.93320477;0.9329578;0.9324417;0.93178004;0.9311945;0.9303689;0.9296347;0.92900336;0.9286044;0.9279904;0.92715126;0.9267737;0.9261527;0.92578065;0.9250457;0.92429113;0.9238348;0.92313784;0.9226634;0.9220187;0.9214577;0.9209454;0.9203867;0.9199419;0.91919905;0.91864604;0.9180831;0.917447;0.91692144;0.91626143;0.9157132;0.91470295;0.91365725;0.91256934;0.9116903;0.910893;0.9101132;0.9091521;0.9083071;0.90746635;0.9064492;0.9057148;0.90487826;0.9040503;0.9034266;0.9025285;0.9019805;0.90101826;0.90013826;0.8992927;0.89831567;0.89768827;0.8971651;0.8962821;0.8956773;0.89514333;0.89439493;0.89358085;0.8927305;0.8920461;0.89132214;0.890557;0.8894524;0.8881656;0.8871046;0.8861059;0.8850857;0.8841983;0.8835688;0.882774;0.8819303;0.88106203;0.88041186;0.87970215;0.8790763;0.8786469;0.87811637;0.8776209;0.87695414;0.8764408;0.8756049;0.87511766;0.8746972;0.8743591;0.8739114;0.87364024;0.8734041;0.87325585;0.8728998;0.87255114;0.8721841;0.8716058;0.8713939;0.8713204;0.8707957;0.87072545;0.8705559;0.8703399;0.86999893;0.86959285;0.86944556;0.8690323;0.8689404;0.8689037;0.8686713;0.8686474;0.86844176;0.86830103;0.8683687;0.8680725;0.868071;0.8679905;0.8679868;0.8679504;0.867935;0.8679428;0.86778915;0.8677737;0.8673941;0.86708325;0.86702895;0.86674225;0.8666415;0.8664359;0.86630034;0.8660296;0.8658039;0.8655902;0.86550087;0.8651531;0.86490804;0.86463565;0.86459285;0.86462015;0.86445147;0.86422026;0.8639559;0.86387587;0.8634293;0.86317325;0.86299163;0.8626292;0.8620101;0.8615788;0.8610541;0.86029154;0.8597504;0.8591919;0.85854447;0.8578463;0.8572801;0.8566017;0.85590154;0.8553513;0.85472256;0.85421294;0.85379165;0.8532937;0.8528553;0.85228556;0.8517761;0.85137147;0.8508885;0.8504971;0.84988195;0.8494585;0.84871274;0.84790474;0.8475373;0.84725076;0.84667736;0.8459477;0.84528184;0.84459263;0.8437319;0.8428767;0.84216106;0.8413954;0.840521;0.8396883;0.83867615;0.837485;0.83647054;0.8355329;0.8343375;0.8334498;0.83247155;0.83146924;0.8304036;0.82932764;0.8282675;0.8272883;0.8263505;0.82536286;0.82422227;0.82329136;0.8225172;0.82165444;0.8208064;0.8199472;0.818847;0.81790274;0.81689703;0.8160714;0.8151715;0.81431144;0.8132515;0.8122321;0.81142837;0.81060123;0.80970085;0.80876505;0.807819;0.807024;0.8061687;0.805414;0.80454975;0.8034782;0.8026058;0.80179656;0.80074453;0.79975617;0.7986852;0.7978838;0.79697824;0.79617745;0.7954993;0.79468703;0.79410344;0.7932977;0.79266745;0.7922162;0.7917771;0.791203;0.790945;0.7903494;0.79015917;0.7898015;0.7895382;0.7891993;0.78882176;0.7886341;0.78820866;0.7880325;0.7878729;0.7874844;0.78739774;0.78715247;0.7870295;0.78717464;0.786997;0.78705776;0.7869046;0.7867951;0.7868999;0.78681475;0.7870239;0.78700787;0.7870682;0.78720015;0.7872654;0.7874428;0.7875906;0.7876958;0.7879149;0.7881181;0.788179;0.78838545;0.7885642;0.7887234;0.7888017;0.7889331;0.7890831;0.7892638;0.7894646;0.7896703;0.7898816;0.7900744;0.7902713;0.79046774;0.79068637;0.7909195;0.79115504;0.7913782;0.79160976;0.79181415;0.79207134;0.7923485;0.792525;0.79276574;0.79291815;0.7931434;0.7933215;0.7934964;0.7936913;0.79392064;0.79412633;0.7943403;0.79450476;0.7947007;0.7948876;0.79510856;0.7953005;0.79550916;0.7957202;0.79590815;0.79612976;0.7963254;0.796496;0.796613;0.79678506;0.79697955;0.7970625;0.7972702;0.79749423;0.79772055;0.79791015;0.7981217;0.7983355;0.79855996;0.79875356;0.79902667;0.7992276;0.79947203;0.79970765;0.79985803;0.8000491;0.8002616;0.80047095;0.80069065;0.8008991;0.80107737;0.80126613;
0.5301205;0.42424244;0.525641;0.58957654;0.6;0.6065217;0.6356877;0.6583748;0.6875934;0.71925133;0.74452555;0.764574;0.78215766;0.7969052;0.8116592;0.8235294;0.8346457;0.84398216;0.8512748;0.8584906;0.8648649;0.8727273;0.8780488;0.8833333;0.8878804;0.8919753;0.89541835;0.8989413;0.9020979;0.90527743;0.90869564;0.91161615;0.91456467;0.91735536;0.9195094;0.921875;0.9240781;0.925952;0.9282542;0.9298363;0.9315515;0.9332486;0.9348635;0.9364022;0.937833;0.9392713;0.9405099;0.94163424;0.94301224;0.94431186;0.94542617;0.9464149;0.9463525;0.9473296;0.9477756;0.94877875;0.9496621;0.950606;0.9514934;0.95225465;0.95297194;0.9537176;0.9544976;0.9550842;0.9558643;0.95638126;0.9569206;0.9575639;0.95809895;0.95874715;0.95932204;0.9598438;0.96030873;0.96087664;0.96143544;0.9619249;0.962389;0.9628738;0.96334636;0.96383727;0.9642384;0.96475196;0.9650282;0.96544033;0.9650779;0.9647187;0.96515733;0.96505624;0.96395856;0.96421146;0.9639349;0.9635863;0.9639523;0.96420455;0.96462166;0.96456856;0.96492434;0.965292;0.9656566;0.96598184;0.96631885;0.9666143;0.9668616;0.9671561;0.9674994;0.96771336;0.967997;0.96827567;0.96859217;0.96886826;0.9691358;0.96940243;0.9696826;0.9698504;0.97014576;0.9700405;0.9702006;0.97048473;0.97007203;0.9698218;0.9689606;0.96858925;0.96744084;0.9667992;0.96611977;0.9652183;0.9628775;0.9617145;0.9613123;0.9591816;0.9579226;0.9569339;0.95396316;0.95203096;0.94858664;0.94615984;0.9452958;0.9428681;0.9394865;0.9385549;0.93782383;0.93613636;0.9356671;0.9348248;0.93471676;0.93487185;0.9351273;0.9352285;0.9354204;0.93564445;0.93568337;0.93600774;0.93635964;0.9359286;0.9355728;0.93604106;0.93609244;0.93602294;0.9359651;0.936172;0.9359006;0.93543607;0.9351011;0.93453157;0.93447524;0.9338312;0.9338124;0.9336828;0.9335543;0.9324653;0.93170655;0.9303876;0.9299044;0.92876315;0.9277329;0.927332;0.9267154;0.92512167;0.9235062;0.92358387;0.92206836;0.92227185;0.92211384;0.9207233;0.9199483;0.91848254;0.91669035;0.915907;0.9144644;0.91277605;0.9121758;0.9105056;0.9101982;0.9088481;0.9073872;0.9066911;0.9057266;0.9038048;0.90016717;0.8989818;0.89852387;0.8981622;0.89621717;0.89455473;0.8932146;0.89222217;0.89062804;0.88962203;0.88867635;0.88791627;0.887556;0.88706636;0.88551956;0.8839002;0.8815195;0.8801676;0.8779351;0.8770357;0.8753718;0.8741542;0.8733614;0.87332296;0.8735392;0.8734192;0.8724285;0.87076074;0.87049305;0.86974543;0.8687667;0.86765814;0.86633235;0.86463356;0.86309046;0.86147183;0.85971284;0.8579504;0.85714287;0.8560772;0.8556344;0.85476696;0.8540813;0.85356176;0.8533721;0.8533508;0.8534741;0.8535343;0.85313475;0.85317993;0.85256344;0.85245025;0.85292554;0.8532741;0.8532125;0.8535279;0.85346586;0.85400283;0.8541634;0.8540116;0.8542579;0.854355;0.8541773;0.8543269;0.8548232;0.8553523;0.8558259;0.85637575;0.85675716;0.85726386;0.8578023;0.8582175;0.8586008;0.8590871;0.8596251;0.85986733;0.8602187;0.86065775;0.8606862;0.86124194;0.86165935;0.86196685;0.8623282;0.8624319;0.8627451;0.8625494;0.86275154;0.8623188;0.8624627;0.8624965;0.8619876;0.86123276;0.8603722;0.8598892;0.8583029;0.85679877;0.8560297;0.8548664;0.8532787;0.8520795;0.8512038;0.85003346;0.8485604;0.8474945;0.84648365;0.8455335;0.8442756;0.8428102;0.8416918;0.84089625;0.8397884;0.8395553;0.8390755;0.83823276;0.8363442;0.83526754;0.83397865;0.8327535;0.83186775;0.83192855;0.83152676;0.8314564;0.8314907;0.83157283;0.8312394;0.8302815;0.82966536;0.8296342;0.8292403;0.8286963;0.8287099;0.8280299;0.8278652;0.8275514;0.8276444;0.8278984;0.82795525;0.8283234;0.8288481;0.82914674;0.8292125;0.8297504;0.8297097;0.82964844;0.8294383;0.82925975;0.8294327;0.82940584;0.8293209;0.8290257;0.82923;0.8293419;0.8293696;0.8288524;0.8288517;0.8286869;0.82904404;0.8285725;0.82825327;0.82808;0.82763636;0.8275465;0.8276105;0.8275505;0.82704437;0.82670444;0.82674104;0.826289;0.8261742;0.8260632;0.8254688;0.82513565;0.8249089;0.824285;0.82402354;0.82368946;0.8232563;0.8230536;0.8235127;0.82368785;0.8233027;0.82316834;0.8231278;0.82262707;0.8227427;0.8220197;0.8210046;0.8207318;0.81988096;0.8193366;0.8189863;0.8181069;0.81734693;0.81623304;0.8151696;0.8144393;0.8136393;0.8129528;0.812481;0.81194824;0.8111559;0.81027377;0.8094394;0.8088618;0.8080133;0.80702394;0.80621463;0.8054254;0.8048403;0.80411285;0.8040173;0.80367535;0.8026097;0.8009762;0.8;0.7984015;0.7970687;0.7959164;0.7944607;0.7929311;0.7911526;0.79010296;0.78918403;0.7878288;0.78662574;0.7852561;0.78435147;0.7835253;0.7818296;0.77986103;0.77809;0.7763486;0.7744711;0.77300763;0.77102137;0.7693328;0.7677225;0.7658601;0.7642643;0.7627684;0.7610228;0.7592852;0.75748646;0.7558566;0.7542565;0.75259507;0.75082785;0.749204;0.7476543;0.74597716;0.7444408;0.74291074;0.7414972;0.7398256;0.73794305;0.73617876;0.7344877;0.7325462;0.73102176;0.729589;0.7280768;0.7266979;0.72521883;0.72372466;0.7219858;0.72029686;0.71859515;0.71712816;0.715585;0.7142325;0.7126815;0.7111371;0.70970035;0.70808846;0.7065839;0.70529354;0.70410925;0.70252544;0.7014246;0.7002159;0.6987416;0.6973824;0.6959548;0.69466054;0.69370717;0.69259083;0.6911541;0.68978256;0.6886058;0.6870933;0.6859445;0.68478084;0.6835277;0.682149;0.68044263;0.6789842;0.6778073;0.67665267;0.6752651;0.673865;0.6725973;0.67106426;0.6697891;0.66860807;0.6672353;0.6660547;0.6647913;0.663789;0.6630366;0.66178757;0.66116464;0.6600977;0.6593156;0.65824807;0.65756;0.6566802;0.65600604;0.6550256;0.6542519;0.65314883;0.65222216;0.6513478;0.6506052;0.64974475;0.6489261;0.6480573;0.6473935;0.64650893;0.64536464;0.64422005;0.64310133;0.6422109;0.64153755;0.64072657;0.63997483;0.6393677;0.6385753;0.637863;0.63740456;0.63621885;0.63535404;0.6345424;0.6337038;0.6332345;0.6324567;0.63177854;0.63127995;0.6304807;0.6294817;0.6285078;0.6274515;0.6269599;0.6262899;0.625574;0.62456036;0.6234867;0.62234145;0.62117046;0.61982477;0.61882675;0.617743;0.6163974;0.61533684;0.6142506;0.6131098;0.61210424;0.6109859;0.6099872;0.60883343;0.60778433;0.60663885;0.6057968;0.6047014;0.6034968;0.6025788;0.6015231;0.60040104;0.59938085;0.5984197;0.59729534;0.596189;0.59532064;0.5943176;0.59333163;0.5922127;0.59101653;0.5901632;0.58905613;0.5879935;0.587015;0.5860131;0.5850544;0.5842977;0.5831993;0.5821051;0.58113295;0.579955;0.57906806;0.57830215;0.57762736;0.5772492;0.57659227;0.5758549;0.5752683;0.5748305;0.5742225;0.5733502;0.5724461;0.57145065;0.57043046;0.5696272;0.5688019;0.5679037;0.56689656;0.56594247;0.5649423;0.5640193;0.56302595;0.5621458;0.561205;0.5603185;0.55950737;0.558748;0.55774945;0.5568382;0.5559538;0.55509603;0.5542527;0.55331737;0.55227923;0.55138576;0.55048347;0.54957247;0.54854834;0.5474585;0.54649985;0.545625;0.54473;0.54386073;0.54305124;0.54219866;0.5413149;0.5405806;0.5396121;0.5387927;0.5379647;0.5370612;0.53616077;0.53527445;0.5344792;0.533586;0.532752;0.53195333;0.531168;0.53038496;0.52962583;0.5288041;0.5280603;0.5273186;0.52648264;0.52562803;0.5249144;0.5240966;0.5232497;0.5224055;0.5215536;0.52076715;0.5198788;0.51915985;0.51826656;0.5174487;0.51668495;0.51592344;0.5150208;0.5142335;0.51349956;0.5127576;0.51197726;0.5112598;0.5104639;0.50970054;0.5089694;0.50828034;0.50739425;0.5065113;0.50567085;0.50486267;0.5041258;0.5033715;0.5026487;0.501928;0.5012772;0.50054103;0.49988422;0.49921948;0.49856612;0.49792403;0.49729326;0.49655926;0.49579898;0.49509776;0.4944174;0.49376714;0.49315616;0.49260288;0.4917706;0.49100628;0.49028143;0.48956797;0.48890272;0.4881749;0.48753175;0.4867348;0.48605898;0.48533958;0.48460415;0.4839885;0.4833293;0.4826629;0.48204318;0.48135346;0.48070142;0.47998;0.47934052;0.47868508;0.47800493;0.4774323;0.47682595;0.47621235;0.4755043;0.47479838;0.4742421;0.47366977;0.47308156;0.47242588;0.4719525;0.47132564;0.47071758;0.47013667;0.46942103;0.46887726;0.46816546;0.467498;0.46695867;0.4664122;0.46569112;0.46508914;0.4645137;0.46400616;0.4633505;0.46275455;0.46208593;0.4613946;0.46086925;0.46035329;0.45973238;0.45909688;0.45854428;0.45787966;0.45723313;0.456685;0.45602578;0.45535243;0.45472896;0.45410722;0.4535189;0.45294797;0.45227578;0.4517001;0.45118085;0.45056877;0.4499505;0.44935733;0.44868797;0.44812912;0.44758713;0.4468922;0.4462917;0.44564676;0.44508016;0.4444616;0.44394365;0.4434345;0.44296438;0.44241214;0.4418311;0.441199;0.44053873;0.43996263;0.43944767;0.4388521;0.43830264;0.43781373;0.43718567;0.43664038;0.4360744;0.43549526;0.43499067;0.4345237;0.43386146;0.43328092;0.43275255;0.43223265;0.43169963;0.43119663;0.4306375;0.43019414;0.42971602;0.42922473;0.4286849;0.42816767;0.42769402;0.42724964;0.4266726;0.42614618;0.425677;0.42522284;0.42470694;0.42403954;0.42347807;0.42300093;0.422518;0.42206365;0.42158282;0.42110994;0.4206723;0.42011288;0.41956174;0.41903237;0.41848406;0.41789672;0.4174052;0.4169416;0.4164456;0.41601092;0.4156038;0.41507772;0.41456622;0.41400307;0.41359985;0.41317767;0.41266426;0.4121784;0.41176564;0.41127536;0.4107732;0.41029173;0.40983737;0.40933225;0.4088929;0.40835145;0.40786284;0.40734974;0.40699774;0.40658253;0.40602174;0.40552598;0.40505043;0.40456966;0.40414047;0.40367445;0.4031342;0.40263292;0.40223196;0.4019471;0.4015886;0.40129596;0.40088058;0.40055862;0.4001788;0.3997568;0.39937568;0.3989156;0.3985087;0.39825884;0.39798558;0.39767566;0.39733037;0.3971744;0.396986;0.3970078;0.39671293;0.3968471;0.39707845;0.3970089;0.39683357;0.39665;0.39648142;0.3961214;0.39579755;0.39567912;0.39544705;0.3952326;0.3947826;0.39436284;0.39390856;0.3933966;0.39293867;0.39247015;0.39195606;0.39154807;0.39112353;0.3907115;0.3903466;0.38994196;0.38952085;0.38910645;0.38863552;0.38823444;0.38783416;0.38739482;0.3869451;0.3865191;0.3860601;0.38562474;0.38519603;0.384757;0.38441437;0.38396594;0.38356882;0.38312235;0.38276038;0.3823713;0.3819664;0.38150707;0.38105989;0.38065776;0.38021803;0.37974647;0.37931433;0.3788668;0.37839314;0.3778827;0.3775143;0.37714663;0.37669343;0.37625742;0.37579027;0.37539917;0.3750356;0.3746674;0.37427333;0.3738801;0.37351945;0.37315422;0.3727844;0.37238374;0.37203652;0.371606;0.37122878;0.37085235;0.3704871;0.37009135;0.3696705;0.36924025;0.3688782;0.3685787;0.36817673;0.3677859;0.36739078;0.36696583;0.36656225;0.36616468;0.36578318;0.3654025;0.36501753;0.3647142;0.36431557;0.3639379;0.3635962;0.36322004;0.36285466;0.36251;0.36216596;0.36183253;0.36148977;0.36105856;0.3607074;0.36026818;0.35991362;0.35954013;0.3592017;0.35882482;0.35844383;0.358088;0.3576454;0.35730568;0.3568844;0.3565461;0.35625187;0.35589555;0.35552555;0.3551611;0.35486913;0.35452992;0.35420087;0.35391045;0.3534876;0.35316524;0.35275364;0.35239014;0.3519709;
0.46052632;0.44966444;0.4977778;0.4903226;0.4972973;0.50577366;0.5220729;0.5227656;0.5477612;0.5615894;0.56235296;0.5669206;0.56740445;0.5804327;0.5957821;0.61133933;0.6340524;0.6475771;0.6631653;0.6760187;0.6908859;0.7039072;0.7170362;0.7287472;0.7396672;0.7493553;0.7594059;0.7673528;0.7751041;0.78428763;0.7908778;0.79758435;0.80474085;0.8103785;0.81548977;0.820598;0.825054;0.829951;0.8342428;0.8384308;0.8425656;0.8462512;0.84930235;0.85254854;0.8556579;0.8582677;0.8616173;0.86462396;0.86717683;0.86974;0.8723069;0.8745806;0.876962;0.87946427;0.8818955;0.88369876;0.88493085;0.8861958;0.8879036;0.88978314;0.8913139;0.8931976;0.8946131;0.8961887;0.89790845;0.8994903;0.90078485;0.90251136;0.9038799;0.90551937;0.9069285;0.9079021;0.9093417;0.9107369;0.91183835;0.9130818;0.91430557;0.91521925;0.91618496;0.9172541;0.9182557;0.9192994;0.92030394;0.9212334;0.9221046;0.92294466;0.9239432;0.92477876;0.92551744;0.92637396;0.9271572;0.9278818;0.9285611;0.92930883;0.93001133;0.9307487;0.9314421;0.9321777;0.9328704;0.9334952;0.9341613;0.9348142;0.9354289;0.93599063;0.936559;0.93719745;0.9378232;0.93829787;0.93890196;0.9394869;0.94000244;0.9405666;0.94115543;0.9416361;0.9421158;0.94264776;0.9431307;0.9436249;0.944117;0.944532;0.9448731;0.9452891;0.9457944;0.94617903;0.9466277;0.94712;0.9474973;0.9478693;0.9482958;0.9487792;0.9491805;0.94958067;0.9500101;0.95036244;0.9507394;0.9511543;0.95154315;0.95189303;0.9522888;0.9526508;0.95298046;0.95332325;0.95359564;0.9538994;0.95422894;0.9545497;0.9549113;0.9552469;0.9555335;0.9558046;0.95609194;0.9564141;0.9567582;0.9570333;0.9572901;0.9575585;0.9578056;0.957901;0.95817137;0.9584522;0.95868456;0.9589994;0.9592492;0.95949596;0.9596971;0.95991254;0.9600773;0.9603264;0.9605535;0.9607084;0.96089387;0.9611172;0.96137106;0.961586;0.9618015;0.9619769;0.9621852;0.9624225;0.96260625;0.9628411;0.96308947;0.96329665;0.96348006;0.9636669;0.9638572;0.964061;0.9642626;0.9644212;0.96460617;0.9647867;0.96499753;0.9651936;0.9653658;0.9655817;0.9656623;0.96586233;0.9660231;0.9661754;0.9663195;0.9664895;0.9666488;0.96668667;0.96686107;0.96702284;0.9671787;0.96732026;0.96746063;0.9676145;0.9677939;0.96796924;0.9681163;0.9682741;0.9684164;0.96857715;0.9687324;0.96887064;0.9690115;0.96915483;0.96930444;0.9694451;0.9695845;0.96971714;0.9698614;0.9699898;0.9701082;0.9702523;0.9703844;0.9705032;0.9706349;0.9707602;0.97087777;0.97101617;0.9711333;0.9712495;0.9713664;0.97147584;0.97159576;0.9714318;0.97149616;0.971156;0.9705028;0.97042966;0.9696165;0.96940464;0.9690297;0.9689584;0.9688555;0.9688195;0.96833974;0.9683599;0.9678629;0.9675044;0.96730465;0.9671255;0.9668881;0.96679974;0.9669145;0.9670198;0.9664363;0.9665408;0.9663112;0.96579486;0.9658255;0.9655927;0.9652813;0.9650177;0.9647006;0.9645326;0.9645227;0.9642662;0.9636454;0.9635278;0.9635532;0.9631499;0.96273506;0.9623486;0.96196944;0.96182287;0.96147364;0.9607467;0.9601262;0.9596494;0.95912653;0.95876485;0.95818603;0.95764065;0.9574777;0.9573853;0.9573015;0.95706743;0.9569089;0.95699763;0.95688665;0.95693123;0.95686436;0.95635784;0.95602405;0.9561237;0.955955;0.95607203;0.95585215;0.95589674;0.9554915;0.9551288;0.95487624;0.9547213;0.95445585;0.95401347;0.95383275;0.95344096;0.95311826;0.95307714;0.9529068;0.9526706;0.95271623;0.95253086;0.9520156;0.9519243;0.9518777;0.9517016;0.9518289;0.9516102;0.95176315;0.9518597;0.9516449;0.9517591;0.9519333;0.95203406;0.9521361;0.9522511;0.9523887;0.9525178;0.9524963;0.95264155;0.952784;0.95293504;0.9530814;0.9532417;0.95338243;0.953515;0.9536541;0.9537906;0.95392084;0.9538708;0.95401806;0.95412344;0.9542514;0.95436805;0.95452094;0.95466757;0.9547873;0.9549237;0.9549642;0.9547836;0.9545558;0.95463645;0.9546208;0.9545557;0.9545693;0.9544793;0.9544896;0.95459783;0.9544966;0.9542834;0.95406115;0.95397735;0.9532957;0.95297647;0.95229936;0.95165336;0.9509416;0.9500145;0.94963014;0.94912505;0.94847214;0.9477152;0.9466581;0.94576406;0.94534606;0.94404703;0.94369084;0.94287026;0.942084;0.94197005;0.94180155;0.9414532;0.9409597;0.94073176;0.940346;0.9399807;0.93961924;0.9393242;0.9390515;0.93862915;0.9382468;0.9379308;0.9377456;0.9371073;0.93691236;0.93663013;0.9364435;0.9361111;0.93611836;0.93615746;0.9360077;0.9356634;0.93547535;0.93527126;0.9350935;0.93504494;0.93476766;0.93490523;0.9345542;0.9345491;0.9343843;0.9342653;0.93422663;0.9343061;0.93435526;0.934464;0.9344869;0.9346068;0.9346335;0.9345587;0.9343262;0.93386316;0.93333334;0.932963;0.93228775;0.9319254;0.93119466;0.9308135;0.9306599;0.93032545;0.92995304;0.92987484;0.92956054;0.92949015;0.9289477;0.9282551;0.92778796;0.92740977;0.92713326;0.9264034;0.92594045;0.9254172;0.92436445;0.9233468;0.922437;0.92107224;0.919314;0.9183298;0.9168543;0.91507983;0.9135759;0.91149634;0.9098652;0.90829426;0.9067965;0.9050884;0.90330654;0.9019779;0.90039414;0.8989589;0.8973885;0.8961536;0.89480036;0.89322364;0.891844;0.89023;0.8886168;0.8872631;0.8858082;0.8845152;0.88306737;0.8815522;0.8798515;0.878389;0.8766241;0.87503844;0.8729721;0.8709399;0.86917317;0.86722404;0.8655743;0.8640386;0.8625471;0.86143833;0.85999286;0.8586701;0.8575951;0.85634923;0.85521704;0.8537869;0.8522349;0.850762;0.84901184;0.84761137;0.84611046;0.8444897;0.8426867;0.84121007;0.8394437;0.8374578;0.83614606;0.8347727;0.8332276;0.8316662;0.8298265;0.82838666;0.8267566;0.82534903;0.8237308;0.8222692;0.8205562;0.8192336;0.8178727;0.8164106;0.8150169;0.813397;0.8119927;0.8105515;0.80915695;0.80760163;0.8059079;0.8046937;0.8032373;0.80162305;0.79993397;0.798515;0.7970607;0.79579264;0.79436827;0.79292905;0.79151493;0.7902247;0.78876096;0.78696835;0.78549707;0.7841873;0.7828236;0.78138715;0.77972436;0.77827996;0.7769176;0.77557904;0.7742831;0.77299154;0.77176094;0.7704778;0.7688235;0.76723236;0.76581526;0.76442194;0.76301515;0.7618714;0.76056576;0.758972;0.75769454;0.7564758;0.7552067;0.75394183;0.7525734;0.75138897;0.75015473;0.7488;0.7475033;0.7463348;0.74516994;0.74402624;0.742641;0.7415749;0.74019873;0.7389663;0.7375825;0.73630714;0.7350533;0.7340773;0.7326606;0.73136824;0.7300127;0.72886455;0.7277535;0.7265119;0.725191;0.72424096;0.72292835;0.72160393;0.72038317;0.71928144;0.7180849;0.7169249;0.7156711;0.71450275;0.71337044;0.7121291;0.7107477;0.70946753;0.7082556;0.7070637;0.7057019;0.704361;0.70318216;0.7019291;0.700696;0.6996226;0.6982583;0.6970227;0.6956992;0.6945798;0.693586;0.6923973;0.69122773;0.69008255;0.68898654;0.6879338;0.6866598;0.6856291;0.68452716;0.68344355;0.6823486;0.6813308;0.68022794;0.6793335;0.6783685;0.677086;0.67593884;0.6747522;0.6737281;0.67287946;0.67194694;0.67087424;0.66983336;0.6687532;0.66757745;0.66650456;0.665421;0.66446704;0.66375333;0.66269267;0.6616631;0.6606783;0.65957224;0.65853864;0.6575357;0.65649474;0.6554707;0.65444994;0.6533781;0.6522963;0.6512315;0.6500495;0.64913905;0.64821786;0.64704674;0.6460388;0.64494145;0.6441637;0.6433354;0.64224726;0.6412672;0.64038277;0.63941574;0.6384703;0.6376565;0.63663906;0.63565046;0.6345244;0.6335551;0.6326649;0.6316507;0.6306144;0.62959415;0.62872756;0.6276884;0.6267024;0.6257817;0.6250372;0.62414604;0.62320817;0.62233454;0.6212796;0.62016726;0.6193751;0.61834234;0.6174581;0.61646783;0.615613;0.61480844;0.61394626;0.6130149;0.61220527;0.611137;0.6102496;0.6095651;0.6086117;0.60775506;0.6068307;0.60587424;0.60485107;0.60390085;0.602919;0.60211277;0.6013546;0.60059834;0.59988964;0.59896624;0.59810245;0.59739965;0.5965404;0.5956836;0.59472823;0.5938542;0.5931167;0.59226966;0.5915361;0.5907046;0.59003013;0.5891809;0.5884989;0.58770883;0.5869318;0.58602613;0.5854057;0.584483;0.5836929;0.582851;0.58196855;0.581271;0.5804468;0.5796782;0.57899666;0.57809407;0.57715195;0.5763499;0.5756447;0.5748573;0.5741034;0.5733515;0.5725704;0.57181215;0.57093173;0.57005405;0.56930244;0.56852204;0.5677642;0.56691664;0.5663055;0.5656957;0.5650366;0.5642779;0.5635112;0.5626763;0.56198406;0.56129354;0.56052494;0.5598281;0.5591825;0.55848897;0.5577576;0.5568905;0.55621237;0.5555066;0.55476356;0.5540906;0.55330276;0.5524494;0.5517917;0.5510971;0.5502121;0.5495032;0.5488049;0.54807025;0.5474421;0.546749;0.5460104;0.54532087;0.54453903;0.5439002;0.543188;0.5424029;0.54173183;0.5410438;0.5403483;0.53972846;0.5391654;0.5384931;0.53781325;0.5371443;0.5365318;0.53594804;0.53520197;0.53452134;0.5339329;0.5333367;0.53266984;0.5319598;0.5313232;0.5307507;0.5299923;0.5292182;0.5285705;0.5278536;0.5271034;0.52654874;0.52592504;0.52523285;0.52460355;0.523819;0.5231844;0.522508;0.5217902;0.521195;0.5205581;0.5200515;0.5194859;0.51888734;0.5181113;0.5174055;0.51671857;0.5162109;0.51558614;0.515005;0.5143664;0.5138633;0.5132693;0.51272666;0.51215196;0.5115287;0.5109152;0.5102041;0.5096514;0.50902605;0.50835294;0.50774705;0.50709367;0.5064257;0.50574327;0.5051112;0.50448877;0.50393236;0.50340927;0.5027991;0.5022464;0.501639;0.5011127;0.5004604;0.49987316;0.49932683;0.49876595;0.4981197;0.49756938;0.49702024;0.49644107;0.49589443;0.4953023;0.494665;0.49406806;0.49341077;0.49278602;0.49221665;0.49159494;0.49102068;0.49047828;0.48994467;0.48957315;0.48905677;0.48845822;0.48783848;0.4872203;0.48663375;0.486131;0.48562187;0.485069;0.48458442;0.48398933;0.48355338;0.4831125;0.4827871;0.4823871;0.48193434;0.4815515;0.48119155;0.480802;0.48069355;0.48025927;0.47985083;0.4795033;0.47910458;0.47855577;0.47806734;0.47759238;0.47708315;0.47647333;0.47605312;0.4756458;0.47507533;0.47454175;0.47402355;0.47342867;0.47298345;0.4724616;0.471969;0.47151956;0.47090992;0.47042754;0.46980682;0.4692155;0.4687574;0.46829325;0.46767125;0.46722302;0.4667688;0.46630174;0.46584928;0.46534988;0.46483108;0.46432024;0.4639056;0.4634239;0.4628891;0.46233532;0.46183667;0.46138614;0.46100354;0.46050107;0.45995966;0.4594395;0.45897365;0.45844245;0.45794556;0.45742992;0.45702088;0.456435;0.45599493;0.4554968;0.45488867;0.45435384;0.4539373;0.4533982;0.45291865;0.45247886;0.4520077;0.45153752;0.45095918;0.450536;0.45004332;0.449641;0.44913754;0.44866058;0.448191;0.44770342;0.44719794;0.4468196;0.44622186;0.44573855;0.44526255;0.44475636;0.44426998;0.44382817;0.44333142;0.44284198;0.4424092;0.44197106;0.44152766;0.44105446;0.44063744;0.44012335;0.43960434;0.43916196;0.4386878;0.43824497;0.43779698;0.43729562;0.43679538;0.43639845;0.43605018;0.43566057;0.43527764;0.43480587;0.43433514;0.43390697;0.43351525;0.4331479;0.4327103;0.43235612;0.43185535;0.43139097;0.43098032;0.4305295;0.43013218;0.42975307;0.42936298;0.42889234;0.4284459;0.42797148;0.42753848;0.4270603;0.4266751;0.42627338;
0.52380955;0.5625;0.5480769;0.54873645;0.54901963;0.6;0.6245211;0.6570946;0.6876877;0.7111717;0.7274969;0.74665177;0.76180696;0.77599245;0.78812057;0.80215234;0.8111285;0.8187221;0.82853127;0.83635145;0.8435897;0.85012287;0.8577259;0.86368716;0.86986667;0.8755102;0.8796251;0.8838095;0.8875576;0.8908277;0.894418;0.8982061;0.89814067;0.90082324;0.90354556;0.90612245;0.9092214;0.9115385;0.9138577;0.91577893;0.91783047;0.91947806;0.9213064;0.9229598;0.9244325;0.9263035;0.92787915;0.9292901;0.9309875;0.93235296;0.933787;0.9353272;0.9365756;0.9377154;0.9389184;0.93981045;0.940479;0.9416857;0.94270366;0.94352525;0.9444806;0.9453692;0.94625235;0.9470418;0.9478084;0.948553;0.9492164;0.94998044;0.9507787;0.9515702;0.952221;0.9528632;0.9536232;0.9543835;0.9550404;0.95563257;0.9562916;0.9568151;0.957;0.9574749;0.9579873;0.9585542;0.9590541;0.9596244;0.9601051;0.96062875;0.9610272;0.96149826;0.9617994;0.9616562;0.96207094;0.96256226;0.96295774;0.9633807;0.96373415;0.96408087;0.9644787;0.96481603;0.9651932;0.9655172;0.9658353;0.966178;0.9664755;0.96677613;0.96716195;0.96750677;0.9678209;0.96809417;0.9683438;0.968627;0.9688684;0.96912783;0.96942925;0.9697527;0.97004217;0.9702825;0.9705091;0.97076476;0.97100013;0.9712443;0.97147197;0.97170216;0.9719287;0.97216636;0.9723942;0.97260416;0.9723974;0.9720997;0.9723014;0.972503;0.97272086;0.9729353;0.97311455;0.9733072;0.9735486;0.97371984;0.97391886;0.97408783;0.97428626;0.9744745;0.974667;0.97486603;0.97504586;0.9752209;0.97542465;0.9756076;0.9757684;0.9759654;0.9761089;0.97627354;0.97644;0.9765699;0.9767263;0.97686684;0.9769901;0.97714096;0.9772632;0.9773917;0.97723335;0.97696155;0.9769281;0.97697234;0.97639;0.97636783;0.97556317;0.97545916;0.9744497;0.9736451;0.9727817;0.9728811;0.9725123;0.97167504;0.9714481;0.97131425;0.97029704;0.9695591;0.9690607;0.968803;0.9678768;0.967194;0.96645415;0.9652813;0.9639556;0.9626621;0.9621384;0.9612999;0.9613954;0.96089387;0.9607802;0.96046996;0.9602722;0.96018064;0.95908225;0.9586525;0.9579373;0.957414;0.95684654;0.95666313;0.95684355;0.9564588;0.9562799;0.9557741;0.9545101;0.95442826;0.95384026;0.95372736;0.95327103;0.95291364;0.95270145;0.9522855;0.9517637;0.9513376;0.95003086;0.9497818;0.94896585;0.94882727;0.9490569;0.9492968;0.94903845;0.94922155;0.9494546;0.9496736;0.9498818;0.950103;0.95034546;0.95061153;0.9508349;0.95101666;0.9512195;0.95147073;0.95168364;0.9518674;0.95206875;0.95225763;0.95242906;0.9526257;0.95282596;0.9529164;0.95305604;0.9524437;0.9524487;0.9524147;0.9524585;0.9525534;0.9525219;0.9523963;0.9522463;0.9517509;0.95092124;0.9497363;0.94819254;0.9474125;0.9462573;0.94587857;0.944522;0.94348943;0.9422801;0.9412816;0.9399074;0.9383329;0.93697286;0.93510085;0.9326918;0.9307212;0.9292643;0.927152;0.9260284;0.9243334;0.9235259;0.9216903;0.91995525;0.91884154;0.91758853;0.9159886;0.91508436;0.9140345;0.912853;0.91208845;0.91066366;0.9100113;0.9082629;0.90651757;0.9046775;0.9029469;0.9012734;0.8999723;0.8983908;0.8965185;0.8953738;0.89327323;0.8918024;0.8903552;0.88931435;0.8879159;0.88588053;0.88360167;0.88281596;0.88162035;0.88062733;0.8803434;0.87959105;0.87808293;0.87718534;0.8767332;0.87581784;0.8747517;0.8740801;0.8740938;0.87414443;0.87368375;0.8739485;0.87414247;0.8742404;0.87438476;0.8738524;0.873704;0.8733222;0.8730627;0.8727996;0.8725802;0.872294;0.87198526;0.8715086;0.87111366;0.8704893;0.86971146;0.8690361;0.868088;0.86750525;0.86628187;0.8648843;0.8633085;0.86122257;0.86014736;0.8588681;0.857126;0.85564744;0.85410476;0.852689;0.85128045;0.85028666;0.8489131;0.84803694;0.84660244;0.8451529;0.843465;0.84215736;0.8408047;0.8394445;0.8382275;0.83735734;0.83623797;0.83493143;0.8335264;0.8322903;0.83098066;0.8308826;0.83041024;0.8300199;0.8299864;0.8296953;0.8290411;0.8285059;0.8284894;0.8280797;0.8272573;0.82672626;0.82617295;0.82626164;0.8254803;0.82506424;0.82439023;0.82413954;0.8241046;0.8237207;0.82281023;0.8223987;0.82210934;0.82224476;0.8222075;0.8219897;0.8218261;0.8215459;0.8212537;0.82132167;0.8213011;0.8213002;0.8210871;0.82121575;0.82117385;0.8210765;0.82077193;0.82118535;0.82132643;0.8216958;0.8216473;0.82206416;0.8225382;0.82298034;0.82343197;0.82381725;0.8242588;0.8246307;0.8250509;0.8255319;0.82594216;0.82637304;0.8268131;0.8271949;0.8276252;0.8280756;0.8285016;0.82895285;0.8293362;0.82976687;0.83009785;0.83056235;0.8309386;0.83138245;0.83182937;0.8322211;0.8325952;0.83299387;0.83339065;0.8337337;0.8341321;0.8345132;0.8349181;0.8352701;0.8355953;0.83597475;0.8363324;0.8367034;0.8371176;0.8374455;0.8378263;0.83818084;0.8385778;0.8389777;0.8393465;0.83967996;0.8400024;0.84034747;0.84070057;0.84097624;0.84132653;0.8416988;0.84202725;0.8424382;0.84273577;0.8430322;0.84342873;0.84380496;0.84416115;0.84448856;0.8448055;0.84517515;0.84546244;0.84578437;0.84615386;0.84648615;0.84680384;0.84711146;0.8474746;0.8477969;0.8481871;0.84849775;0.8488158;0.84920925;0.8495922;0.8498718;0.8501799;0.85051185;0.8507797;0.851109;0.8513996;0.851722;0.85200614;0.8523382;0.85265255;0.85292494;0.85322464;0.8535312;0.85384846;0.85417235;0.8544352;0.85475653;0.8548966;0.85513306;0.85527277;0.8554663;0.85556215;0.8557545;0.8560529;0.8563423;0.8566498;0.8569407;0.8572304;0.8574735;0.8577648;0.8580399;0.8583177;0.8585496;0.8588403;0.859089;0.85933685;0.85956174;0.85980797;0.86004597;0.86028683;0.86056316;0.8608348;0.86113054;0.86143583;0.861754;0.8619961;0.8623082;0.8625731;0.8628405;0.86307883;0.86335117;0.8636433;0.8638581;0.86409295;0.86436474;0.8646286;0.86489147;0.8651329;0.8653938;0.86566716;0.86588573;0.86612695;0.86632735;0.8665903;0.8668456;0.8671098;0.86733025;0.86754346;0.867831;0.8680588;0.86830205;0.8685476;0.86879224;0.8688841;0.8691304;0.86937255;0.8695853;0.86980367;0.87008744;0.8703323;0.87051386;0.87075406;0.8710027;0.87123173;0.87147236;0.87167525;0.87192035;0.87211573;0.8723683;0.87260467;0.87284017;0.8730268;0.8732458;0.8734341;0.8736815;0.8738834;0.87399966;0.8742063;0.8744475;0.8746586;0.8748689;0.87508434;0.8752148;0.8753623;0.8756304;0.8758429;0.87607765;0.8762972;0.8764791;0.87664634;0.87687516;0.87704974;0.87725466;0.8774785;0.8776764;0.877907;0.87812287;0.8783573;0.8785935;0.8787961;0.8790116;0.87921274;0.8794159;0.8794482;0.87965035;0.8797947;0.87999284;0.88007563;0.88022554;0.88039356;0.8804319;0.8802324;0.880412;0.8805171;0.88063085;0.8806727;0.88080776;0.8807205;0.88083375;0.8808262;0.88090575;0.8810885;0.8813258;0.88148516;0.88164926;0.88184863;0.88203204;0.88225037;0.88243765;0.8826494;0.88281286;0.8830208;0.883233;0.883442;0.8836205;0.88379353;0.8839636;0.88413805;0.88432914;0.88452446;0.88470453;0.88485986;0.88503885;0.8852053;0.8853521;0.88554394;0.88573277;0.8859329;0.88611335;0.88628614;0.8864655;0.88659966;0.8867358;0.8868997;0.8870468;0.88720286;0.88739556;0.88757837;0.88779044;0.8879926;0.8881575;0.8883515;0.88852894;0.8887239;0.8889092;0.8890961;0.8892667;0.88944125;0.88963753;0.88981754;0.889997;0.8901516;0.89030576;0.8904332;0.8906041;0.8907722;0.89095294;0.89112;0.8912823;0.8914613;0.8916097;0.8917727;0.89190954;0.892112;0.89225435;0.89236885;0.8925337;0.89269185;0.8928641;0.89299613;0.8931654;0.8933237;0.8935023;0.8936844;0.8938721;0.89403975;0.89419955;0.89433235;0.89450145;0.894672;0.89483595;0.8949611;0.89510006;0.89524466;0.89541286;0.8955386;0.8956959;0.89584684;0.8959973;0.89616305;0.89630866;0.8964519;0.8965791;0.89673716;0.8968676;0.89701706;0.89717764;0.8973031;0.8974359;0.89756453;0.8977158;0.89784944;0.897998;0.89814985;0.89827675;0.89839005;0.89854455;0.8986948;0.8988409;0.89897907;0.89911133;0.8992581;0.89936924;0.8995263;0.8996552;0.8997857;0.8999287;0.9000621;0.90019333;0.9003497;0.90048736;0.9006283;0.9007491;0.9008606;0.90098256;0.9010882;0.9012114;0.9013521;0.90148175;0.9016004;0.9017312;0.9018599;0.9019738;0.90209264;0.90221685;0.9023546;0.90248334;0.9026031;0.9027484;0.90289164;0.90301377;0.9031442;0.9032657;0.9034159;0.90352994;0.90366745;0.9038029;0.90395314;0.90409446;0.90424544;0.90436757;0.90449107;0.9046341;0.9047486;0.90487194;0.90497595;0.90509623;0.9052096;0.90534395;0.90542734;0.90553665;0.9056653;0.9057967;0.90592945;0.90591;0.9060438;0.9061644;0.9062799;0.9063903;0.9065116;0.90662944;0.9067342;0.9068436;0.90696055;0.9070993;0.9072219;0.90733325;0.9074599;0.9075863;0.9077045;0.9078302;0.9079416;0.90804195;0.90817744;0.9082727;0.9083861;0.9084916;0.90859836;0.9087323;0.90885216;0.9089702;0.9090864;0.90918726;0.90930146;0.9094183;0.9095274;0.90963924;0.9097582;0.9098591;0.9099568;0.9100661;0.9101766;0.9102942;0.9104041;0.91050065;0.91062754;0.91074395;0.91084844;0.91096425;0.91108555;0.91118777;0.91129696;0.9114088;0.91151315;0.911613;0.911724;0.9118304;0.9119282;0.9120511;0.91215396;0.9122439;0.91235054;0.9124555;0.9125672;0.91268134;0.9128008;0.91291296;0.9130111;0.9130855;0.9131942;0.9132943;0.91334206;0.9134623;0.9135577;0.9136529;0.9137573;0.91384536;0.9139196;0.9140288;0.91412973;0.914233;0.9142643;0.9142875;0.91439563;0.91438794;0.9143501;0.91440815;0.9143814;0.91435695;0.91442007;0.9144804;0.9145124;0.91453546;0.9146105;0.91471034;0.9147942;0.91488576;0.914985;0.9150878;0.9151697;0.91525006;0.91536784;0.91545814;0.9155766;0.91566396;0.915769;0.91586614;0.91593504;0.9159524;0.91603506;0.91613525;0.91621757;0.9162922;0.9163792;0.9164635;0.91657275;0.91666794;0.91675913;0.91685516;0.91694224;0.9170279;0.91711956;0.91720855;0.9172962;0.9173934;0.9174818;0.9175774;0.9176666;0.91775197;0.9178506;0.9179259;0.91801804;0.9180954;0.9181872;0.9182847;0.91838086;0.9184636;0.91856045;0.9186595;0.91875833;0.91884977;0.9189363;0.91903204;0.91910833;0.9191919;0.9192545;0.9193389;0.9194302;0.9195061;0.91959465;0.9196842;0.91976887;0.91984993;0.9199354;0.92001384;0.9201082;0.92017704;0.92025846;0.9203374;0.92043096;0.92051405;0.92057884;0.92066395;0.92076015;0.92085725;0.92094964;0.921016;0.92110795;0.92119414;0.92126673;0.92135483;0.92141634;0.92147887;0.9215274;0.9216148;0.9216943;0.92177474;0.92185503;0.92192966;0.9220151;0.9220948;0.9221723;0.9222387;0.9223115;0.9223896;0.92247725;0.92256474;0.9226477;0.9227455;0.9228228;0.922903;0.92299914;0.9230801;0.9231556;0.92322886;0.9233115;0.9233886;0.92346245;0.9235277;0.92360234;0.92367995;0.923771;0.92383885;0.92391497;0.92399716;0.924076;0.9241465;0.9242333;0.92430556;0.9243982;0.9244855;0.92457056;0.9246493;0.92471457;0.9247808;0.92487025;0.9249402;0.92501515;0.9250879;0.92514944;0.92523;0.9253224;0.9253886;0.9254556;0.92550653;0.9255754;0.92564404;0.9257146;0.925788;0.92587703;
0.47777778;0.5974843;0.5760369;0.5880282;0.5869565;0.5688487;0.5463138;0.54651165;0.5575221;0.57887703;0.59227985;0.60734147;0.61625516;0.6387833;0.6524064;0.6694491;0.6885759;0.7064897;0.7234191;0.73589915;0.7484197;0.7595166;0.7678883;0.77734375;0.78651685;0.7967397;0.80469894;0.81179243;0.817725;0.82345134;0.8291952;0.8345085;0.8386575;0.8426656;0.84665644;0.85089684;0.85532993;0.8587611;0.8620332;0.8647916;0.86796826;0.871124;0.8748824;0.878019;0.8807175;0.8831625;0.88580424;0.888454;0.89026403;0.89279956;0.895;0.89703226;0.899064;0.9007463;0.9028251;0.9045683;0.90625;0.9080221;0.9096058;0.91125447;0.91263413;0.9138229;0.9153226;0.9151299;0.9165121;0.9178166;0.9182528;0.91963756;0.9207151;0.9219736;0.9233371;0.9244164;0.9254658;0.9264997;0.9275697;0.9286838;0.9296188;0.93043476;0.93142855;0.9322484;0.9331476;0.93402326;0.93470955;0.93543285;0.93626;0.93704677;0.9377954;0.93852645;0.9392767;0.93995583;0.94074076;0.9414718;0.9421441;0.9428171;0.94345117;0.9440176;0.9445351;0.9450505;0.94557095;0.946046;0.9465409;0.947068;0.9475646;0.9480453;0.9482519;0.9481723;0.94802624;0.94727826;0.94777656;0.94822824;0.9484892;0.9478712;0.9481732;0.9477577;0.9458438;0.9456731;0.9446942;0.9427617;0.94168323;0.9381364;0.935158;0.93359166;0.9308761;0.93001276;0.92597663;0.92273915;0.91979665;0.9154147;0.91230583;0.9064274;0.9002414;0.89365524;0.88725007;0.88183784;0.8761849;0.8703416;0.86438555;0.85744333;0.8518237;0.84611756;0.8389149;0.8336897;0.82929534;0.8235078;0.817875;0.81209815;0.8069828;0.80100036;0.79581153;0.7898538;0.78446466;0.7796905;0.77477324;0.7699176;0.76310414;0.75845736;0.7541838;0.74876845;0.74392366;0.7390194;0.73466045;0.7310075;0.7265068;0.722643;0.7186473;0.71418333;0.70983064;0.7056972;0.701118;0.6965437;0.6925631;0.6888394;0.6850508;0.68073475;0.6761668;0.67236465;0.66790795;0.66405034;0.66013986;0.6566596;0.6529305;0.64947855;0.6461095;0.642545;0.6392017;0.6356227;0.6318608;0.62836325;0.6252527;0.6223024;0.6187815;0.6159764;0.6123174;0.6086602;0.60582316;0.6026882;0.599265;0.5959596;0.59276885;0.59011644;0.5878343;0.5848441;0.5817333;0.57906634;0.57679445;0.57398874;0.5715014;0.56896335;0.565519;0.562751;0.560535;0.55788493;0.5552941;0.5524549;0.5497793;0.5473633;0.5451009;0.5426272;0.5404037;0.53758544;0.5351793;0.5323835;0.53018034;0.5276846;0.52505857;0.52251935;0.52030635;0.5180222;0.5160548;0.51363117;0.5110845;0.5090827;0.50703907;0.5050403;0.50297254;0.5007538;0.49872094;0.496677;0.49464974;0.49258485;0.49077874;0.48903915;0.48694143;0.48486158;0.48290345;0.4808837;0.47862518;0.47674233;0.47479883;0.47297084;0.47115687;0.46960256;0.4678387;0.4662092;0.46463913;0.46255416;0.46084276;0.45902646;0.45720112;0.45518222;0.45352483;0.4517429;0.45015562;0.44837758;0.44685835;0.4452388;0.44360903;0.44214368;0.44049314;0.43902677;0.43710095;0.43582642;0.4342857;0.43306935;0.4315273;0.43005803;0.42837355;0.42694595;0.42538658;0.4236984;0.42222223;0.4207563;0.41930056;0.41771856;0.41601336;0.4143603;0.41310057;0.41154605;0.41002196;0.40871388;0.40737712;0.40606746;0.40443763;0.40311053;0.40191817;0.40055385;0.3990034;0.39760587;0.39625308;0.39483997;0.39340234;0.39231813;0.39072847;0.38947278;0.3881915;0.38688526;0.3856541;0.38411787;0.38270813;0.38158455;0.3802417;0.37894025;0.3776477;0.37636393;0.37526152;0.37418115;0.37320018;0.3719927;0.37070104;0.36949447;0.3682503;0.36710468;0.3657721;0.36458248;0.36329755;0.36222634;0.36088532;0.35990047;0.35883483;0.35778975;0.35690692;0.35601428;0.35498556;0.3539348;0.35264048;0.35142443;0.35044938;0.34952062;0.3484342;0.3473949;0.34638858;0.34533483;0.34444615;0.3435094;0.34256464;0.3416511;0.34060007;0.3396841;0.33870906;0.33757433;0.33648506;0.33554083;0.33461437;0.3337427;0.33280143;0.33189002;0.3309958;0.33021578;0.32949993;0.32854632;0.32759818;0.32683408;0.32614467;0.32508066;0.32415238;0.32321775;0.3223987;0.3215553;0.3206475;0.31989306;0.31914213;0.3184173;0.31739238;0.31659728;0.31587285;0.3149305;0.31413668;0.3133687;0.31244123;0.31162742;0.31092554;0.31017318;0.30925384;0.3084459;0.3076211;0.30666438;0.30589077;0.30508992;0.30417982;0.30337763;0.30255926;0.3017656;0.300966;0.3002811;0.2994094;0.29874152;0.29812613;0.2973555;0.29657906;0.29589447;0.29522273;0.29449606;0.2937056;0.2931012;0.29241347;0.29163417;0.29093444;0.2902099;0.28938627;0.2887716;0.2881873;0.28754085;0.2868698;0.2861836;0.28561878;0.2849838;0.2843156;0.28357878;0.28304207;0.28225857;0.28157654;0.2809506;0.2803274;0.2797157;0.27918625;0.27852777;0.27801177;0.277479;0.2769995;0.2762919;0.27564713;0.27504748;0.27438334;0.27379754;0.27316436;0.2724927;0.27184907;0.27129042;0.2706769;0.27002558;0.26936117;0.2687483;0.26817828;0.26747513;0.26691842;0.266364;0.26570177;0.2650976;0.26443824;0.26385543;0.26333696;0.2627359;0.2621912;0.26154965;0.26100984;0.26042694;0.25977144;0.259209;0.25873843;0.25818047;0.25767663;0.25711587;0.25639635;0.25589216;0.25533912;0.25473064;0.25413942;0.25365123;0.25309354;0.25256673;0.25190777;0.25128737;0.25080305;0.25029966;0.24977745;0.24927817;0.24873266;0.24821009;0.24763507;0.2470831;0.2465949;0.24606785;0.24557662;0.24504721;0.24446018;0.2439687;0.24353863;0.24309033;0.24266335;0.24217907;0.24170323;0.24122925;0.24072486;0.24024828;0.23979278;0.2393454;0.23893146;0.23842396;0.23791231;0.23745935;0.2369956;0.23652118;0.23610453;0.23563369;0.235214;0.23467308;0.23427513;0.23384808;0.23337404;0.23296236;0.23252803;0.23209532;0.23156863;0.2311038;0.23063488;0.23017378;0.22970277;0.22929221;0.2287898;0.22834766;0.2278783;0.22739933;0.22699697;0.22658458;0.2261509;0.22573023;0.22533938;0.22498372;0.22457299;0.22403513;0.22363342;0.22318877;0.2227735;0.2223708;0.22198053;0.2215916;0.22121496;0.22073102;0.22033025;0.21988247;0.21944723;0.21905644;0.21870433;0.21839583;0.21797703;0.21759674;0.21720727;0.21680348;0.21641162;0.21602117;0.21560624;0.2152187;0.21485823;0.21446824;0.21406436;0.213662;0.21331686;0.21294759;0.21254438;0.21215272;0.21185242;0.21145333;0.21115004;0.21080308;0.21037343;0.20997989;0.20963186;0.20926547;0.2088955;0.20851232;0.20817879;0.20782226;0.20747656;0.20706034;0.20670764;0.2063514;0.20597275;0.20564258;0.20530877;0.20495264;0.20462573;0.2043138;0.20396575;0.2036512;0.20331462;0.20297913;0.20269507;0.20231605;0.20198385;0.20164822;0.20132272;0.20099828;0.20066142;0.20028548;0.20000446;0.19963542;0.19931638;0.19898072;0.19866377;0.19833031;0.19802853;0.1976972;0.19737999;0.19702488;0.19668828;0.19636999;0.19607843;0.19578347;0.1954681;0.19513679;0.19478124;0.19452387;0.19425036;0.19398181;0.19364299;0.19333032;0.19305186;0.1927659;0.19248082;0.19216777;0.19190904;0.19163875;0.19131213;0.19100288;0.19067436;0.19038332;0.19012131;0.18979985;0.18946746;0.1891721;0.1888737;0.18859999;0.18826391;0.1879959;0.18770903;0.18747391;0.18714182;0.18689255;0.1865974;0.18630318;0.18604073;0.18575595;0.18552186;0.18525395;0.18497539;0.18468626;0.18442455;0.18412204;0.18386193;0.18354625;0.18323913;0.18298523;0.18266512;0.18236095;0.1820947;0.18184027;0.1815682;0.18127131;0.18098271;0.18071683;0.18042998;0.1801621;0.17989503;0.17959282;0.17936683;0.17910925;0.17882746;0.17853592;0.17824534;0.17802624;0.17776898;0.17745984;0.1772007;0.17692141;0.17666037;0.17640704;0.17617516;0.17590253;0.1756273;0.17533241;0.17502485;0.17477277;0.17450786;0.17421332;0.17398043;0.17370783;0.17341934;0.17315516;0.17288513;0.17264251;0.17239393;0.17221871;0.17198123;0.17175098;0.17148858;0.1712564;0.17102808;0.17078413;0.17052792;0.170308;0.17006932;0.16982809;0.16957474;0.16931576;0.16906075;0.1688319;0.16855936;0.16833502;0.16804835;0.16785046;0.16759986;0.16732815;0.16711019;0.16683388;0.16659246;0.16636407;0.16612095;0.16591224;0.16571629;0.16548115;0.16524364;0.16500074;0.16479181;0.16455023;0.16432741;0.1640842;0.16382676;0.16357906;0.16334994;0.16312739;0.16292614;0.16272537;0.16248395;0.16224322;0.1620149;0.16179597;0.16158053;0.16134249;0.16110224;0.16086559;0.16064689;0.16050243;0.16031338;0.16010766;0.15990815;0.15969777;0.15951629;0.15935215;0.15915453;0.15897427;0.15876634;0.15858977;0.15836889;0.15816534;0.15795119;0.15775424;0.15753016;0.1573012;0.15707566;0.15687542;0.15673074;0.1565478;0.15634352;0.15613706;0.15593655;0.15577437;0.1555694;0.15534887;0.15515426;0.15494026;0.15472952;0.15454592;0.15435481;0.15415095;0.153974;0.1537422;0.15356094;0.15339842;0.15323626;0.15301709;0.15280636;0.15260914;0.15242796;0.15221368;0.15198457;0.15177667;0.15155144;0.1513702;0.15120211;0.15100649;0.15083414;0.15064704;0.1504453;0.15023403;0.15004842;0.14984827;0.1496661;0.14947441;0.14930555;0.14921758;0.1490222;0.14882982;0.14865267;0.14845388;0.14830208;0.14814205;0.14797631;0.14779879;0.14760716;0.14749369;0.147315;0.14712471;0.14694451;0.1467839;0.1466117;0.14644706;0.14626138;0.1460904;0.14591509;0.14573312;0.14557044;0.14538698;0.14524093;0.14507705;0.14490654;0.14472246;0.14455044;0.14435801;0.1441938;0.14402305;0.1438389;0.14366898;0.14347889;0.14328928;0.1431184;0.14295925;0.14277102;0.1425991;0.14242534;0.14224751;0.14209479;0.14192674;0.14177693;0.14160295;0.14144494;0.14126733;0.14107247;0.14089799;0.14073715;0.14057449;0.14041218;0.14023498;0.14008655;0.13992538;0.13971034;0.13958898;0.13943328;0.13928223;0.13911216;0.13894679;0.13879037;0.1386407;0.13848923;0.13835724;0.13822336;0.13807705;0.1379099;0.13774526;0.13758522;0.13740458;0.13725162;0.1371136;0.13696963;0.13681346;0.13666596;0.13649185;0.13633472;0.1361697;0.13601947;0.13585931;0.13569134;0.13554421;0.13538924;0.13522853;0.13506415;0.1349305;0.13477291;0.13460761;0.13445278;0.1343043;0.13417616;0.13399237;0.13386284;0.13371764;0.13354503;0.13338669;0.1332307;0.13308294;0.13290606;0.1327649;0.13261622;0.13247177;0.13231403;0.13217023;0.13200739;0.13185267;0.13173495;0.13159627;0.1314329;0.1312872;0.1311571;0.1310139;0.13087483;0.13072275;0.13059565;0.13043289;0.13028184;0.13015561;0.13002399;0.12988512;0.12974843;0.12959896;0.12944426;0.1293215;0.1291897;0.12903781;0.12887521;0.12870748;0.12856224;0.12842649;0.12829834;0.12813212;0.12798089;0.12783183;0.127694;0.12757634;0.12743723;0.12734655;0.12718461;0.12705716;0.12690671;0.12677802;0.1266496;0.12651254;0.12639353;0.12627298;0.12613319;0.12601137;0.12588978;0.1257245;0.12559295;0.12545118;0.12539154;0.12530074;0.12514932;0.12500173;0.12487699;0.12471624;0.12460241;0.124475025;0.12437708;0.124243304;0.12412862;0.1240022;0.12387945;0.12378074;0.12364654;0.12350587;0.123382404;0.123252444;0.12312612;0.123021886;0.122897714;0.12275037;0.12260672;0.12249837;0.12235198;0.12220594;0.12209168;0.12195287;0.12181108;0.12169755;0.12157932;0.121479325;0.12136478;0.12123577;0.12109564;0.120980196;0.12086497;0.12075644;0.12063033;0.120522216;0.120407864;0.12028409;0.12014615;0.120027706;0.1199111;0.119777195;0.11967696;0.119575314;
0.49315068;0.45185184;0.4056604;0.45454547;0.47058824;0.5296912;0.5494737;0.56962025;0.5899054;0.5901408;0.6145038;0.64849186;0.6773163;0.7;0.7219203;0.73109967;0.74230146;0.7559115;0.76359683;0.77117485;0.7812298;0.7900929;0.8007055;0.81026787;0.81740063;0.82319295;0.8308458;0.83693045;0.84339017;0.8481465;0.8524306;0.8573227;0.8612245;0.86577183;0.8699809;0.87388724;0.8767669;0.879646;0.8827586;0.8858677;0.88899773;0.8913044;0.89375;0.8959608;0.89859825;0.9008457;0.9028571;0.9048685;0.9069513;0.90857756;0.9106439;0.9123937;0.9141197;0.9158208;0.91717416;0.9187963;0.92013156;0.9215505;0.92281497;0.9239884;0.9252911;0.9265024;0.9275053;0.9285864;0.92948985;0.9306264;0.93165827;0.9325397;0.9335678;0.93433756;0.9346044;0.9354292;0.93622166;0.93711036;0.9379747;0.93882644;0.9396552;0.94050306;0.9411966;0.94187427;0.94245934;0.94322133;0.9438901;0.9446238;0.9452164;0.9458649;0.9464648;0.9471006;0.94776917;0.94839776;0.9490417;0.9496772;0.950196;0.9506971;0.9512091;0.95169693;0.95217514;0.95260465;0.953078;0.9534915;0.9540091;0.954461;0.95487434;0.95529777;0.9558274;0.95626676;0.9566097;0.9569798;0.9574125;0.95776904;0.9581452;0.95849967;0.95889264;0.95929265;0.95962334;0.95997196;0.9603009;0.9605747;0.96092504;0.96127796;0.96160305;0.96193117;0.96224546;0.9625587;0.96287477;0.96318555;0.9634718;0.96378034;0.96407247;0.964308;0.9644036;0.9647203;0.96398133;0.96386147;0.9641502;0.9640167;0.9628538;0.96170336;0.9609246;0.95978117;0.958814;0.956917;0.9548702;0.9529016;0.9499722;0.9492414;0.94806975;0.9468577;0.94603604;0.94420564;0.9407579;0.9383283;0.9358637;0.9329492;0.92863953;0.9260855;0.92327434;0.9198506;0.9156058;0.9128686;0.9084929;0.9051204;0.9010031;0.89825106;0.89594156;0.89169556;0.88622516;0.88141537;0.876109;0.8704549;0.8655035;0.86125815;0.85592693;0.85039973;0.8454601;0.8394294;0.833861;0.8294841;0.8254608;0.8215373;0.8169867;0.8123669;0.80779904;0.8026994;0.7988734;0.7938285;0.79008645;0.7858767;0.7829287;0.77868503;0.7743787;0.7703879;0.7669163;0.7636866;0.76032716;0.7564795;0.751801;0.7477861;0.74456483;0.74097395;0.7376142;0.734236;0.73040605;0.72752386;0.7242847;0.72032297;0.7168222;0.71335524;0.7098761;0.7064308;0.70252764;0.6991089;0.69546086;0.691375;0.68866336;0.6858029;0.68288165;0.6797345;0.6767819;0.6734855;0.6704649;0.66739064;0.66466385;0.6613655;0.6590408;0.6561481;0.65316486;0.6505528;0.6475443;0.6446011;0.64187074;0.63908947;0.6361859;0.6330186;0.63027745;0.6278806;0.62486583;0.62236977;0.619963;0.61698925;0.61428255;0.61217487;0.60981256;0.6079692;0.6056392;0.6033928;0.60099965;0.5988957;0.5965707;0.59442323;0.5918793;0.58938843;0.5868562;0.5847162;0.5826531;0.5796312;0.57724214;0.57481295;0.57255226;0.5698687;0.567734;0.5653551;0.56313944;0.56102633;0.55873144;0.55695945;0.5546421;0.55250937;0.55025613;0.5484831;0.5463434;0.5445686;0.5422732;0.5404719;0.53844655;0.53646237;0.53426045;0.53235817;0.5308002;0.5289983;0.5270077;0.5251566;0.52329373;0.52159154;0.5198515;0.51780784;0.51599663;0.51417416;0.5122934;0.51068544;0.50915784;0.50752294;0.50601417;0.5043074;0.5028405;0.50120044;0.49945828;0.49766102;0.49576557;0.49443626;0.49269682;0.49140573;0.48992604;0.48839056;0.48656493;0.48500788;0.4832496;0.48177662;0.48034024;0.4788647;0.47719237;0.47534788;0.47398397;0.47270864;0.47127953;0.46957996;0.46820933;0.46668917;0.4653353;0.46379483;0.46241906;0.46076348;0.45938656;0.4581126;0.45688337;0.45558575;0.45429546;0.452753;0.45153394;0.45039472;0.44900608;0.4474812;0.44616872;0.4448955;0.4433985;0.442247;0.4408555;0.4396473;0.43846306;0.43719882;0.43601057;0.43493125;0.4336533;0.43226463;0.4309016;0.42964718;0.4286157;0.42740753;0.42614052;0.4249952;0.42387226;0.4227391;0.42148352;0.42026728;0.41931206;0.41831374;0.4171;0.4162217;0.4149267;0.41385627;0.41265285;0.4115635;0.41035813;0.40925056;0.40811887;0.40679896;0.40568078;0.40446523;0.40318352;0.4021435;0.40106526;0.40000722;0.39896914;0.39795074;0.3968237;0.39583036;0.39488423;0.39384452;0.39271268;0.39182302;0.39059246;0.38963005;0.38882253;0.38792318;0.38691974;0.3859429;0.38489622;0.3838818;0.38283303;0.38189533;0.38109335;0.3801772;0.37914854;0.37824172;0.37719777;0.3760318;0.37517792;0.37426466;0.3732551;0.37233862;0.37140173;0.37040755;0.3694803;0.36847186;0.3675787;0.366702;0.36587784;0.36479273;0.3638814;0.36308175;0.36223823;0.3612217;0.3604689;0.35964912;0.35894942;0.35800913;0.35733885;0.3564299;0.35558268;0.35459176;0.3538324;0.3530875;0.3524131;0.35177475;0.3510942;0.35010594;0.34939873;0.34865043;0.3478179;0.3468697;0.34608892;0.34526855;0.34449494;0.34388494;0.34313878;0.34247;0.34178272;0.3411297;0.3402176;0.33938316;0.33871856;0.3378296;0.33714023;0.3361064;0.33531228;0.33468375;0.333846;0.33316278;0.33243242;0.33166552;0.33089224;0.33013242;0.32940546;0.3286622;0.3279417;0.3272824;0.32643312;0.32577989;0.3250815;0.32442412;0.32377973;0.3230428;0.32234678;0.3216257;0.32088926;0.32018393;0.31952783;0.31880093;0.31810477;0.31743893;0.31673962;0.31606144;0.3153143;0.31463325;0.31395513;0.31332427;0.31260765;0.31199098;0.311403;0.3106254;0.3100773;0.30941004;0.30880588;0.30816123;0.3074253;0.3068714;0.30629408;0.30573583;0.3051712;0.30452484;0.3038562;0.30337325;0.3028587;0.30226335;0.3017032;0.30106327;0.3004016;0.29984292;0.29932415;0.29872653;0.29823568;0.29772246;0.29706743;0.2963756;0.29567912;0.29505664;0.29445243;0.29386628;0.2931893;0.2925695;0.29206786;0.29135308;0.29075631;0.29013154;0.28953975;0.28908554;0.288453;0.28804785;0.28751686;0.28702503;0.2864978;0.28597254;0.28541973;0.2848764;0.28437164;0.283825;0.28335294;0.28277412;0.28230557;0.2817023;0.2812016;0.28063864;0.28014874;0.27958998;0.27913895;0.27857018;0.27801767;0.27745345;0.2769054;0.27645606;0.2759394;0.27553433;0.2750894;0.27450982;0.2740411;0.27350637;0.2729805;0.27244994;0.27207977;0.27161977;0.2711574;0.27071175;0.27027225;0.26981848;0.26951578;0.2692541;0.26889923;0.26860622;0.26847386;0.26830384;0.26828974;0.26887733;0.2700994;0.27111515;0.27196375;0.27308452;0.27439794;0.27560344;0.27683923;0.27805373;0.2792812;0.2804536;0.2817743;0.28309023;0.28436774;0.2854902;0.2868025;0.28795055;0.2888889;0.2900135;0.291151;0.29216322;0.29344103;0.29475215;0.29592308;0.29734892;0.29846287;0.29968578;0.30092043;0.3022464;0.30358323;0.30478835;0.30586308;0.3068716;0.30779868;0.3090049;0.31017578;0.31128055;0.31247467;0.3136338;0.31489667;0.3160783;0.3172406;0.31853586;0.31952307;0.3206888;0.3217903;0.32290328;0.32396767;0.32504365;0.3260121;0.32690358;0.32792586;0.32880566;0.32986614;0.33095258;0.33196247;0.33315864;0.33424896;0.33533573;0.33657753;0.33764234;0.3387324;0.33970463;0.3406883;0.341669;0.34271756;0.34379095;0.3448468;0.34588528;0.3469763;0.34803587;0.34897354;0.35014042;0.3512308;0.35212523;0.35315418;0.3541389;0.35524315;0.35626224;0.35725108;0.35823685;0.35907173;0.3601324;0.36112273;0.36218992;0.36331993;0.36434013;0.36526474;0.3663576;0.36745977;0.36849287;0.3695226;0.37040624;0.37152028;0.37242413;0.37327397;0.37433943;0.37532464;0.37647226;0.3775142;0.37846416;0.37942383;0.38038054;0.38143453;0.38252237;0.383482;0.3843022;0.38516968;0.38609642;0.38713107;0.38813773;0.3893487;0.39028722;0.3911501;0.3919984;0.39278403;0.39378422;0.39462525;0.39554763;0.39645532;0.39716998;0.39802533;0.39894927;0.39977598;0.4008121;0.4017392;0.40252322;0.40325856;0.40418974;0.40516436;0.40588167;0.40670097;0.40763295;0.4084016;0.40939674;0.4103544;0.4111501;0.412007;0.41262883;0.413362;0.41421697;0.4151254;0.4159529;0.41677803;0.41766748;0.41846564;0.4192285;0.4201545;0.42094588;0.42178982;0.42266405;0.42332888;0.4240573;0.42497882;0.42590818;0.42677;0.42752197;0.42833617;0.42913738;0.4300321;0.4307119;0.43145356;0.4323094;0.43322572;0.43406573;0.43487188;0.43566534;0.43644616;0.43721443;0.4379393;0.43868288;0.4394348;0.4401642;0.44096333;0.44168875;0.44251406;0.44323546;0.44409665;0.44499555;0.44586137;0.44668442;0.44748503;0.44823352;0.44900978;0.4497343;0.45052612;0.45120725;0.45190635;0.45259386;0.45327964;0.4540125;0.45469475;0.45541412;0.45612192;0.45680857;0.45751274;0.45825353;0.4589348;0.45957613;0.46030176;0.46093032;0.4615859;0.46227777;0.4630339;0.46375972;0.46447417;0.46522418;0.46599072;0.46663406;0.46731302;0.4680088;0.46873045;0.46938562;0.4700576;0.47071868;0.47125006;0.4720907;0.47276494;0.47342837;0.4739543;0.47468704;0.4753186;0.47594866;0.47675654;0.47740996;0.47814202;0.4788009;0.47944924;0.480211;0.480847;0.48159587;0.4821495;0.48280707;0.4835503;0.48423913;0.48492613;0.48546404;0.4861305;0.48684695;0.48744106;0.48808527;0.48870218;0.48937735;0.49009332;0.49073935;0.49145997;0.4921279;0.4928109;0.49344167;0.49404573;0.49460658;0.49520835;0.49587473;0.49640656;0.49711117;0.4977725;0.49851447;0.49911466;0.49966428;0.5003516;0.500923;0.5015174;0.5020861;0.502694;0.50321156;0.50379246;0.50438815;0.5049343;0.5055832;0.5061826;0.50665313;0.5072976;0.50788486;0.5084312;0.50903946;0.5096299;0.5102116;0.5107446;0.51139396;0.51187015;0.5124232;0.5128818;0.5134249;0.5138893;0.51449186;0.51503897;0.51567703;0.51622915;0.5167341;0.517322;0.5179008;0.51838714;0.51894826;0.51950806;0.5200817;0.5204884;0.5210296;0.5215621;0.52212334;0.5226385;0.5231898;0.5236878;0.52434033;0.5249024;0.5254264;0.52597857;0.5265148;0.5270791;0.5276494;0.5281891;0.5287422;0.52936643;0.52995294;0.5307182;0.5313732;0.5318973;0.5324274;0.5329634;0.5335552;0.5339963;0.5345571;0.53508824;0.5357523;0.5362807;0.5367307;0.537341;0.5378309;0.5383965;0.5388841;0.53942627;0.53993255;0.54041004;0.54087967;0.54142404;0.54196024;0.54240614;0.5429264;0.5434318;0.54393613;0.5444393;0.54492784;0.5454559;0.5460151;0.54648006;0.5470515;0.54757464;0.5479896;0.54848385;0.5489571;0.549416;0.54992044;0.55050313;0.55091935;0.55143356;0.55194664;0.5524323;0.5529104;0.55342007;0.5539025;0.5544295;0.55487084;0.55534375;0.555835;0.5562607;0.55671775;0.5572509;0.55775714;0.5581792;0.55865145;0.55914813;0.55964375;0.5601129;0.56059366;0.56109226;0.56161493;0.5620924;0.5625814;0.5630318;0.56346256;0.5639858;0.56450784;0.5649543;0.56546783;0.56594926;0.5663989;0.56676686;0.5672086;0.56763715;0.56803435;0.5684735;0.5688753;0.569337;0.5697977;0.5702816;0.5707524;0.5712943;0.57175684;0.5722244;0.5727029;0.57312065;0.57350785;0.5739359;0.5743513;0.5748724;0.5752505;0.5756221;0.5760812;0.57651;0.57695556;0.577406;0.57781464;0.5781992;0.5786528;0.57912856;0.5794702;0.579898;0.58033645;0.5808544;0.58124495;0.58166337;0.58210385;0.58252054;0.5830047;0.5834821;0.58389044;0.58426964;0.5846426;0.5850542;0.5854876;0.58593124;0.5863572;0.5868269;0.58723426;0.5876909;0.5880855;0.58850694;0.58891654;0.58933085;0.5897608;
0.20512821;0.41379312;0.51363635;0.5694444;0.6243094;0.6537585;0.6770428;0.6666667;0.69022554;0.67957276;0.685049;0.68594104;0.69456065;0.69827586;0.7122558;0.7133333;0.7214398;0.72599703;0.7312806;0.7410359;0.74559194;0.75134814;0.7597477;0.7668508;0.77349526;0.7772152;0.7794621;0.7790862;0.7797619;0.7824546;0.7849186;0.7913907;0.79735154;0.79945374;0.80341554;0.80787635;0.81073344;0.8154596;0.8172262;0.82187706;0.82624114;0.8301887;0.8344066;0.83827496;0.8422437;0.84549356;0.8486123;0.85152596;0.85452586;0.8574446;0.8598131;0.8623502;0.8653702;0.86809963;0.8704104;0.87282145;0.8748841;0.8769371;0.87881505;0.88063663;0.88253206;0.88456607;0.886745;0.8883836;0.8901099;0.8914791;0.89296335;0.89457244;0.8960539;0.8969778;0.8982765;0.899834;0.9010749;0.90214455;0.9019258;0.90320307;0.9036458;0.9047701;0.9060119;0.9071906;0.9077862;0.90778524;0.90828353;0.90816164;0.9092917;0.9081696;0.9081947;0.9062119;0.9046903;0.90351266;0.8989175;0.8952312;0.8906652;0.8896269;0.88547057;0.8811867;0.87908316;0.87683326;0.87580734;0.87421805;0.8724161;0.8690616;0.86756164;0.8646713;0.86112875;0.8578419;0.8540191;0.8512132;0.8461632;0.8414384;0.83821595;0.8355872;0.83215964;0.83054394;0.8244301;0.8220039;0.8173893;0.8146067;0.8111693;0.80903965;0.8041429;0.8018714;0.7997196;0.7969652;0.7922188;0.7883035;0.7847956;0.7802574;0.77460873;0.7699224;0.7653609;0.76124495;0.7570019;0.7535873;0.7511539;0.74839026;0.74486834;0.74227697;0.73897654;0.7356158;0.73269105;0.72983116;0.7261295;0.72221196;0.7189794;0.714741;0.7121404;0.70827717;0.7068119;0.70311254;0.6994892;0.6959412;0.6922475;0.68787223;0.6849914;0.68141896;0.67776364;0.6742953;0.67125916;0.66924036;0.6672442;0.6639089;0.6610197;0.65848523;0.65667796;0.65422505;0.6510425;0.64773804;0.6452578;0.6421473;0.63872474;0.63628626;0.6315547;0.6276994;0.62422216;0.6205492;0.6176603;0.61429316;0.61059976;0.6069057;0.6037874;0.60065717;0.59777635;0.5948799;0.5916709;0.5879914;0.5852305;0.5817539;0.5782777;0.57528496;0.5726817;0.569431;0.5669194;0.5635791;0.5609274;0.55849004;0.55626184;0.554014;0.5508236;0.5481807;0.54585266;0.5430061;0.5405441;0.5380339;0.53526807;0.532634;0.5298551;0.5269699;0.52424955;0.521855;0.5191215;0.51635176;0.51354724;0.5108365;0.5082484;0.5060908;0.50398237;0.50183016;0.49990883;0.4978515;0.4960801;0.4938168;0.4915153;0.48920608;0.48665917;0.48456645;0.48235017;0.4794265;0.47747853;0.47546384;0.47294888;0.47072962;0.46895295;0.46709034;0.4653594;0.46426764;0.46381763;0.46338743;0.4633198;0.46326497;0.46256742;0.46252054;0.46272647;0.46225747;0.4620921;0.46275336;0.46368325;0.46469676;0.46612293;0.46737802;0.46825147;0.4698022;0.47126317;0.47251946;0.4734297;0.47410667;0.4759474;0.47690016;0.4787392;0.4801733;0.48126334;0.48321536;0.48486528;0.48609996;0.48740125;0.48871732;0.48967743;0.49087852;0.49182025;0.49317625;0.4940095;0.4954683;0.49660096;0.49741057;0.49831226;0.49889454;0.4994491;0.5007398;0.5013564;0.5031989;0.5046994;0.5064196;0.5077781;0.50945425;0.51093835;0.51266235;0.5143293;0.51562786;0.5174298;0.5188662;0.52051294;0.52195275;0.52370805;0.52542907;0.52709514;0.5285381;0.52988815;0.53143954;0.53295994;0.5345118;0.53633994;0.5379101;0.5392677;0.54079807;0.54199904;0.5437096;0.5453877;0.54679954;0.54806656;0.54946184;0.5508869;0.5523793;0.55391866;0.55563545;0.55711514;0.5585665;0.55991626;0.5612944;0.5624271;0.56393445;0.5653775;0.5666859;0.56800425;0.5692793;0.5706522;0.5720163;0.57347566;0.57487357;0.57612556;0.5774212;0.5787427;0.58003914;0.58159447;0.5831548;0.584375;0.5856044;0.5868916;0.58813846;0.5892976;0.59051406;0.59167576;0.592594;0.59360254;0.5947937;0.5958846;0.59713966;0.59847903;0.5996418;0.6006158;0.6017813;0.60286504;0.6037935;0.6048366;0.606022;0.6070828;0.60829854;0.60943425;0.6104912;0.6116573;0.6127308;0.61367065;0.61474717;0.61577564;0.6165688;0.6175732;0.6186969;0.6198003;0.620952;0.6219609;0.6231941;0.6242448;0.6250624;0.625983;0.6272034;0.62824506;0.62892747;0.6299595;0.6310635;0.6320966;0.6328163;0.6338651;0.63488257;0.6358187;0.6366873;0.63767666;0.6386482;0.6396393;0.6404406;0.6414219;0.64249516;0.6434048;0.6441533;0.6452462;0.6462015;0.64716345;0.64804953;0.6488861;0.64982176;0.6506945;0.65157443;0.6524269;0.65310365;0.65407395;0.6547795;0.65532947;0.6561111;0.65698737;0.6576594;0.6583095;0.6589754;0.6597572;0.6604369;0.66137534;0.6620387;0.6629149;0.663925;0.6645785;0.66536605;0.66597044;0.6664352;0.6669919;0.6674099;0.667993;0.66807365;0.6686108;0.66901165;0.6694412;0.67015773;0.67056096;0.67103314;0.67100286;0.67100257;0.6715961;0.6718812;0.67226505;0.6726261;0.67279565;0.67314565;0.67345273;0.6736312;0.6736744;0.67405987;0.6741506;0.67462283;0.67519;0.6757046;0.6761967;0.67671776;0.6770984;0.67773294;0.6780339;0.6786238;0.679232;0.67996264;0.6807922;0.68146944;0.682153;0.68284285;0.68348396;0.68422264;0.6848945;0.68560857;0.6862745;0.68691975;0.687598;0.6882644;0.6889368;0.6896942;0.69031674;0.6911371;0.69190115;0.6924976;0.6932893;0.6938633;0.69435847;0.69484353;0.6953948;0.6961211;0.6967853;0.69736296;0.6980633;0.6987438;0.6994296;0.70007116;0.70075905;0.7012973;0.7018579;0.7024569;0.70309365;0.70375174;0.704375;0.70494807;0.7054634;0.7060086;0.7066695;0.7072415;0.70781124;0.70846415;0.70901126;0.7096048;0.7102035;0.71088374;0.7115;0.71206826;0.71258193;0.7132059;0.7138122;0.7143341;0.71500975;0.7156232;0.7161973;0.71668863;0.7171928;0.71781874;0.71831167;0.7188822;0.7193858;0.7199806;0.7205444;0.7210066;0.72153795;0.72211665;0.7226438;0.723141;0.7236156;0.7241093;0.7247188;0.72524303;0.725779;0.72629243;0.7268243;0.7274354;0.72785485;0.7284547;0.7290318;0.7295331;0.72999924;0.73061615;0.7310786;0.7315939;0.7321053;0.73255616;0.7331419;0.73360217;0.7341189;0.7346272;0.7351208;0.73557425;0.7359881;0.7365209;0.7370705;0.737599;0.73818165;0.7387057;0.73927104;0.7396733;0.7401114;0.74060935;0.7411054;0.7416178;0.7421464;0.7426667;0.74315494;0.743489;0.74400973;0.7444211;0.7449025;0.7453229;0.7457419;0.7462535;0.7467513;0.7471423;0.74755025;0.7479271;0.74830294;0.74876386;0.7491773;0.7496293;0.7500057;0.750398;0.75084;0.75126916;0.7517137;0.7521678;0.752598;0.7529544;0.75334305;0.7537471;0.7541498;0.75456214;0.754995;0.75542086;0.75578547;0.7561328;0.7564737;0.7568406;0.757244;0.7576514;0.75800407;0.7584302;0.7588389;0.7592674;0.75962067;0.7599886;0.7603502;0.7608464;0.7612158;0.76161516;0.7619925;0.762343;0.7627386;0.76310736;0.7634902;0.7638414;0.76426744;0.76465666;0.76501447;0.76536614;0.7658317;0.7662556;0.7666681;0.76710874;0.7674837;0.7678035;0.76818603;0.7685771;0.7689571;0.76938915;0.76973754;0.7701041;0.7704215;0.77077633;0.7710776;0.77147317;0.7718485;0.772232;0.7726331;0.7730187;0.773403;0.773702;0.7740049;0.77434874;0.77471006;0.7750471;0.77537864;0.7756771;0.7760158;0.7763445;0.7766767;0.7770668;0.77741045;0.7777845;0.77814835;0.7785289;0.77888584;0.7792017;0.77951664;0.77979976;0.7801526;0.7804956;0.78082;0.7811304;0.7815181;0.78180045;0.78210807;0.78252256;0.78285813;0.7831328;0.7834281;0.78379494;0.7841394;0.7845293;0.78479546;0.78508204;0.7854476;0.7857617;0.7860874;0.78640795;0.78672755;0.7870669;0.7873721;0.78766423;0.78800464;0.78833175;0.788613;0.78889763;0.7891653;0.7894444;0.7897671;0.79005665;0.7903534;0.79068124;0.7909882;0.79131806;0.7916548;0.79194707;0.7922779;0.7925762;0.79289716;0.7931704;0.7934545;0.7936953;0.7939702;0.79430234;0.7945872;0.7948483;0.7951164;0.7954029;0.7956505;0.79593545;0.7962045;0.7965445;0.79681945;0.7971312;0.79742324;0.7976772;0.797964;0.7982351;0.79849446;0.79876417;0.79908466;0.7993455;0.7995983;0.79988694;0.80018204;0.80046904;0.80071545;0.8010081;0.80125314;0.80152273;0.80180943;0.8020561;0.8023555;0.80263984;0.8029552;0.80322725;0.80346334;0.8037059;0.80401087;0.8043079;0.8045762;0.8048299;0.8050622;0.8053077;0.8055698;0.8058244;0.80605084;0.8062973;0.80658066;0.8068422;0.8071036;0.8072799;0.8075366;0.80778587;0.80802375;0.80806494;0.80833596;0.8085762;0.80885905;0.8090666;0.8093314;0.80957574;0.80984247;0.8100822;0.81032133;0.8105925;0.8108401;0.8111163;0.8113981;0.81163067;0.81185627;0.81211025;0.8123283;0.8125394;0.812766;0.8129762;0.8132176;0.81341726;0.81365436;0.81385195;0.81408167;0.81427944;0.8145488;0.81480485;0.8150291;0.81528693;0.81551313;0.81575114;0.8159885;0.81622833;0.8164614;0.8166633;0.8169014;0.8170902;0.8173454;0.8175787;0.8178053;0.8180284;0.818284;0.81849986;0.8187481;0.8189421;0.81915647;0.81939703;0.81962806;0.8198496;0.8200589;0.8202677;0.820432;0.8206253;0.82083863;0.8210689;0.82127535;0.8215219;0.8217157;0.82189184;0.82206476;0.8223005;0.8224898;0.82272726;0.82294416;0.82316905;0.8233934;0.8235945;0.8238178;0.8240855;0.8243103;0.8245093;0.8247694;0.8249729;0.82517606;0.8253565;0.82553935;0.8256859;0.82591766;0.82613784;0.82634646;0.8265956;0.82680863;0.82703197;0.827233;0.82744986;0.82767695;0.8278442;0.8280192;0.82819384;0.8283761;0.8285661;0.8287583;0.82892877;0.8291122;0.8293084;0.8295201;0.8297101;0.8299182;0.83011526;0.83034587;0.8305497;0.8307401;0.8308989;0.83109885;0.83126724;0.8314664;0.8316959;0.8318837;0.8320762;0.83227086;0.83246505;0.8326715;0.8328267;0.83300436;0.8331817;0.83339643;0.8335704;0.8337817;0.8339849;0.83421016;0.83437496;0.8345519;0.83475816;0.83493423;0.83516186;0.83535683;0.8355119;0.835711;0.83586544;0.83601475;0.836176;0.8363612;0.83654845;0.83674014;0.8369314;0.83714145;0.83733654;0.8375072;0.8376967;0.8378689;0.8380337;0.8382195;0.83838594;0.83860886;0.8388146;0.8389916;0.8392105;0.8393843;0.8395858;0.8397704;0.8399639;0.8401779;0.84037966;0.8405717;0.8407495;0.84094065;0.8411199;0.8413468;0.84154105;0.841703;0.8418578;0.8420236;0.8421891;0.84235877;0.84250325;0.8426767;0.84288347;0.8430651;0.84323955;0.843427;0.84358734;0.84375846;0.8439181;0.844084;0.84422314;0.8443929;0.84456223;0.8447093;0.8448801;0.845044;0.8451967;0.8453469;0.84549683;0.8456768;0.8458282;0.8459836;0.8461302;0.8463022;0.84644383;0.8465895;0.8467754;0.8469354;0.84709924;0.84726274;0.84743434;0.8475781;0.84777224;0.8479448;0.8481065;0.84826577;0.8484163;0.84858954;0.84873116;0.8488471;0.8489965;0.8491291;0.8492903;0.849445;0.84959936;0.8497904;0.84992975;0.85007906;0.8502199;0.85036457;0.85052115;0.8506875;0.85082924;0.85098284;0.8511321;0.8512951;0.8514678;0.85163206;0.85176;0.85191166;0.852079;0.852232;0.8524005;0.8525548;0.85269696;0.8528487;0.85300994;0.8531277;0.85326684;0.8534174;0.85357153;0.853737;0.853873;0.8539991;0.8541617;0.85431814;0.8544916;0.85466844;0.85482764;
0.40697673;0.4640523;0.42533937;0.40333334;0.43193716;0.46929824;0.46285716;0.4858569;0.49251497;0.5020408;0.514393;0.53959274;0.563278;0.58021134;0.5954546;0.607445;0.6224329;0.6335821;0.6436208;0.6556157;0.6673102;0.67634344;0.6909518;0.6962168;0.7082885;0.7166494;0.7204783;0.72613907;0.7337032;0.74008024;0.74482757;0.7479132;0.7508104;0.75754017;0.76009136;0.76568884;0.7692308;0.7756252;0.78060526;0.7856903;0.79026955;0.7949212;0.79711056;0.80214065;0.80617136;0.81103975;0.8150372;0.8193242;0.82336885;0.8272363;0.83022827;0.83341914;0.8360365;0.83893454;0.8417319;0.84517825;0.847693;0.8496747;0.8526196;0.85467595;0.8567006;0.858885;0.8606152;0.86259544;0.86460507;0.8668584;0.8686131;0.87081337;0.8728165;0.8746615;0.87635946;0.8779201;0.8794867;0.88090426;0.8823743;0.88382936;0.88533;0.8870293;0.88819873;0.8897209;0.89101917;0.89212584;0.89349115;0.8947368;0.8960372;0.8974034;0.8985439;0.8996438;0.90081125;0.90183306;0.9027465;0.9037147;0.9047619;0.9053779;0.90646553;0.9074627;0.9085674;0.9094198;0.91037995;0.91121113;0.91232324;0.9133156;0.9141727;0.91499084;0.9158262;0.9164956;0.9172808;0.9181235;0.91882795;0.91958994;0.9203085;0.9210335;0.92170775;0.9225;0.92322206;0.92392194;0.92463535;0.92525834;0.9258289;0.9263991;0.9269688;0.9276023;0.92823285;0.9287824;0.92924684;0.92987937;0.93041897;0.930965;0.9315673;0.932138;0.93264353;0.9331965;0.93369323;0.93420917;0.9347957;0.9352496;0.9357101;0.93623275;0.9367039;0.9372167;0.93764967;0.938059;0.93842804;0.9389134;0.9393403;0.9397668;0.9401599;0.94061846;0.9410326;0.9414147;0.9417606;0.9421642;0.9425622;0.9429997;0.9433223;0.9437143;0.94405293;0.94442075;0.9447837;0.9451789;0.9455777;0.9458943;0.946265;0.9465605;0.94685715;0.94713336;0.9474407;0.947757;0.9480571;0.9483866;0.9486512;0.9489572;0.9492635;0.9495349;0.94984204;0.9501493;0.95041513;0.9507042;0.95097154;0.95127976;0.9515228;0.95178133;0.9520053;0.9523042;0.9525856;0.95283973;0.95310134;0.9533434;0.9535663;0.95379704;0.95402867;0.95427406;0.954501;0.95471936;0.9549668;0.95519304;0.9554049;0.9555753;0.95580447;0.9560521;0.9562794;0.95649266;0.9567327;0.9569359;0.9571231;0.95733386;0.9575481;0.95780396;0.9580325;0.9582371;0.9584397;0.95855844;0.9587811;0.95894724;0.9591607;0.9593592;0.9595308;0.9597208;0.9598868;0.9600759;0.9602439;0.9604153;0.9605995;0.9607772;0.9609511;0.96113497;0.96129876;0.9615044;0.96165156;0.96179986;0.961967;0.96211505;0.9622925;0.9624683;0.9626168;0.96277475;0.9629082;0.9630595;0.9632324;0.9633893;0.9635286;0.96334463;0.96346396;0.96340656;0.96356344;0.96371496;0.9638692;0.9639503;0.96411395;0.9641973;0.9643202;0.96440214;0.9645594;0.9646778;0.9646854;0.96478134;0.9648526;0.96498644;0.9651392;0.9652817;0.965432;0.9655615;0.9656512;0.9657702;0.96589005;0.9659723;0.9661162;0.9662284;0.96637183;0.96648407;0.9666055;0.9667227;0.9668538;0.9669742;0.96708566;0.9671899;0.9673047;0.96741235;0.9675459;0.9676629;0.96780676;0.967931;0.9680528;0.96817064;0.9682936;0.9683949;0.9684896;0.9686013;0.968702;0.9688036;0.9689102;0.9690147;0.96911997;0.96923286;0.9693198;0.9694327;0.969553;0.9696546;0.96974736;0.9698544;0.9699567;0.97005165;0.97015256;0.97025543;0.9703433;0.97044355;0.97053415;0.97061646;0.9707009;0.97080004;0.9708935;0.9709776;0.9710674;0.9711592;0.97127616;0.97136414;0.9714516;0.9715421;0.9716345;0.97172266;0.97182095;0.97190213;0.9719793;0.9720666;0.97216475;0.97223943;0.9723182;0.9724146;0.97249246;0.97257984;0.9726767;0.9727442;0.97285414;0.97292733;0.97300225;0.97308326;0.9731616;0.9732544;0.97332436;0.9733908;0.973459;0.9732919;0.9733642;0.9734527;0.9735262;0.9736126;0.9736852;0.9737706;0.97385746;0.97393674;0.97401553;0.974082;0.97415304;0.9742295;0.97430754;0.9743793;0.9744612;0.9745235;0.97460926;0.9746736;0.9747452;0.9748211;0.97490853;0.97497976;0.97505605;0.9751209;0.9751927;0.9752677;0.975327;0.97539586;0.97545546;0.97551036;0.97557205;0.9756246;0.9756866;0.97575605;0.9758217;0.9758938;0.9759578;0.9760122;0.9760831;0.9761445;0.9762088;0.976277;0.9763398;0.9764064;0.9764718;0.976519;0.97657573;0.9766394;0.9767003;0.9767696;0.97682434;0.9768749;0.97692984;0.97698694;0.9770453;0.977101;0.9771588;0.977214;0.977272;0.97733796;0.9773945;0.97744936;0.97750837;0.9775515;0.9776107;0.9776777;0.9777304;0.9777901;0.9778416;0.97789353;0.9779445;0.978001;0.9780479;0.9781003;0.97814965;0.97819877;0.9782532;0.978297;0.9783468;0.97839916;0.97844857;0.9785052;0.97855204;0.97860336;0.9786592;0.9785553;0.97859824;0.978647;0.9786969;0.97874916;0.97879595;0.97884184;0.97889477;0.97893244;0.97898746;0.9790338;0.9790845;0.97913235;0.9791793;0.9792217;0.9792752;0.9793266;0.97937894;0.97943664;0.97948474;0.97953385;0.97958577;0.9796289;0.9796737;0.9797165;0.9797687;0.9798099;0.97985685;0.97990185;0.97994137;0.9799836;0.98002976;0.9800746;0.98012495;0.98016584;0.98020834;0.9802523;0.98028535;0.98032445;0.9803634;0.98041236;0.98045546;0.9805012;0.98054165;0.9805792;0.98062104;0.9806621;0.9807036;0.98073673;0.98077357;0.9808129;0.9808548;0.9808976;0.9809317;0.9809762;0.9810116;0.98105055;0.98108983;0.98113;0.98117363;0.9812186;0.9812531;0.9812931;0.9813263;0.9813588;0.9813964;0.9814317;0.98147094;0.981507;0.9815449;0.9815772;0.98161584;0.98165435;0.98169214;0.9817303;0.9817639;0.98180467;0.9818394;0.9818225;0.98185617;0.9818926;0.9819341;0.98196775;0.9820033;0.9820386;0.9820672;0.98210603;0.98214054;0.98217535;0.982216;0.9822473;0.98228216;0.9823155;0.98235416;0.98238903;0.98242825;0.982466;0.9824991;0.9825276;0.9825587;0.98258924;0.98262453;0.9826579;0.9826977;0.9827313;0.98275864;0.9827936;0.98283195;0.9828633;0.9828945;0.9829277;0.9829612;0.9829878;0.9830215;0.9830521;0.9830809;0.983113;0.9831445;0.9831743;0.98320645;0.9832364;0.98327076;0.9833029;0.9833297;0.983358;0.9833862;0.9834179;0.98345035;0.98347867;0.98350406;0.983531;0.98356766;0.9835705;0.9835964;0.98360145;0.9836331;0.98365873;0.98369086;0.98371404;0.98373675;0.9837621;0.9837927;0.98382473;0.98385054;0.9838759;0.9839117;0.9839391;0.9839705;0.98397565;0.9839803;0.98398644;0.984012;0.9840364;0.9839026;0.9839326;0.9839643;0.98398936;0.98401797;0.98403734;0.9840661;0.9840948;0.9841205;0.98414683;0.98416984;0.9842003;0.9842278;0.9842534;0.98428035;0.9841288;0.9841569;0.9841782;0.9842009;0.98420286;0.9842265;0.98424935;0.98427874;0.98430145;0.98432475;0.9843518;0.98437464;0.98431605;0.984342;0.98429906;0.98432076;0.98434556;0.9843661;0.984389;0.9844156;0.9844428;0.9844681;0.98449546;0.9845166;0.98454076;0.9845645;0.98459214;0.9846144;0.9846379;0.98466396;0.984686;0.9847103;0.98473054;0.9847563;0.98478425;0.9848069;0.98483044;0.9848517;0.9848745;0.98489946;0.9849243;0.9849497;0.9849741;0.98499745;0.985017;0.9850415;0.9850649;0.98508584;0.98510545;0.98513025;0.98515344;0.98517716;0.9852012;0.98521924;0.9852382;0.9852613;0.9852832;0.9853029;0.98532283;0.98534393;0.98536736;0.9853907;0.98533225;0.9853544;0.98537797;0.98540056;0.9854219;0.98544115;0.98546267;0.98548144;0.9855002;0.98552597;0.9855437;0.9855661;0.98558843;0.985568;0.98559195;0.9856124;0.9856316;0.98565394;0.98567504;0.98569757;0.98571795;0.98574;0.9857575;0.98578113;0.98580104;0.98582596;0.98585016;0.98587126;0.9858909;0.9859141;0.985932;0.985954;0.9859731;0.9859944;0.98600936;0.98603106;0.9860514;0.98607296;0.9860907;0.9861114;0.9861309;0.98615146;0.98617274;0.98619366;0.9862109;0.9862293;0.9862451;0.9862643;0.9862849;0.98630685;0.9863331;0.9863502;0.9863706;0.9863889;0.9864082;0.98642534;0.9864432;0.9864603;0.98648065;0.98649687;0.9865161;0.9865368;0.9865584;0.9865762;0.98659545;0.98661286;0.9866352;0.98663455;0.9865233;0.9865387;0.98655933;0.9865779;0.9865974;0.9866154;0.98663265;0.986652;0.98667157;0.98668885;0.98670393;0.98672235;0.98673904;0.98675764;0.9867759;0.98679626;0.986813;0.9868292;0.9868476;0.9868628;0.9868819;0.9869015;0.98692083;0.9869403;0.9869574;0.9869742;0.9869886;0.987006;0.98702204;0.9870354;0.98705155;0.98706627;0.9870114;0.98702633;0.9870422;0.9870596;0.987079;0.9870954;0.9871106;0.9871274;0.98714525;0.98716396;0.9871806;0.98719853;0.9872191;0.9872365;0.9872505;0.98726535;0.9872835;0.9873012;0.9873155;0.98733366;0.9873488;0.98736537;0.98738086;0.9873967;0.9874088;0.9874266;0.98744255;0.9874591;0.98747885;0.9874976;0.98751366;0.9875324;0.9875478;0.98756516;0.9875825;0.98759764;0.987582;0.9875475;0.98742914;0.9874444;0.9874585;0.98747396;0.9874912;0.9875075;0.98752385;0.98753995;0.9875541;0.98756737;0.98758376;0.987597;0.987611;0.98762417;0.98763937;0.9876549;0.9876717;0.987686;0.98769975;0.9877152;0.9877322;0.98774934;0.987765;0.9877813;0.98779726;0.9878123;0.98782563;0.98783994;0.9878546;0.987869;0.9878814;0.9878972;0.9879098;0.9879249;0.9879403;0.98795474;0.9879701;0.98798466;0.9880017;0.98801845;0.9880346;0.9880492;0.9880607;0.9880764;0.9880909;0.98810494;0.98811823;0.9881328;0.9881481;0.98816144;0.9881735;0.98818773;0.98820007;0.9882182;0.988231;0.98824644;0.9882631;0.9882775;0.9882891;0.9883044;0.9883187;0.9883337;0.98834825;0.98836046;0.988373;0.98838675;0.9884;0.9884135;0.9884268;0.98843867;0.9884525;0.9884659;0.98847836;0.98849297;0.98850626;0.98851883;0.98853266;0.98840714;0.9884194;0.98843205;0.98844606;0.98845893;0.98842454;0.9884385;0.98845154;0.9884644;0.98847777;0.9884916;0.9885049;0.98851967;0.98853415;0.98854715;0.98855925;0.98857045;0.9885822;0.98859614;0.988608;0.98862255;0.988634;0.98864657;0.9886597;0.98867345;0.98868513;0.98869777;0.98871094;0.9887247;0.98873746;0.9887518;0.9887664;0.98877555;0.98878634;0.9887978;0.9888099;0.98882246;0.9888358;0.98884827;0.98880255;0.98881555;0.98882884;0.98884034;0.9888526;0.988864;0.9888749;0.98888874;0.98890054;0.9888408;0.988836;0.9888501;0.98886275;0.9888768;0.98888904;0.9889011;0.98891234;0.9889248;0.9889381;0.9889483;0.9889602;0.9889712;0.9889834;0.9889941;0.9890086;0.98902166;0.98903316;0.989046;0.9890557;0.9890672;0.9890803;0.9890926;0.9891048;0.9891155;0.9891118;0.9890815;0.9890915;0.9891028;0.9891117;0.9891241;0.98913306;0.9891437;0.9891549;0.98916817;0.98918;0.98907846;0.9890904;0.9891034;0.9891157;0.9891266;0.9891391;0.9891507;0.98916036;0.9891708;0.98918205;0.98919183;0.9892047;0.9892163;0.98922664;0.98923737;0.9892476;0.9892598;0.9892691;0.989279;0.98929036;0.9893014;0.98931205;0.9893209;0.98933303;0.9893422;0.9893515;0.9893623;0.98937213;0.98938245;0.9893928;0.98940164;0.989413;0.98942494;0.98943526;0.9894479;0.9894593;0.9894721;0.98948234;0.98949045;0.98950064;0.9895129;0.98952353;0.98953366;0.9895439;
0.46478873;0.4379085;0.49107143;0.5;0.5244216;0.5548387;0.6044362;0.6229774;0.64164305;0.6521181;0.6511085;0.663113;0.6646884;0.67488587;0.6812715;0.6808;0.68735975;0.69857144;0.70751524;0.716763;0.73060477;0.74212366;0.75265807;0.7575431;0.7582645;0.76;0.7614504;0.7640553;0.7694023;0.7761066;0.780133;0.783152;0.78937083;0.7923954;0.79347426;0.7951677;0.79816514;0.8013063;0.8052209;0.8079059;0.81112176;0.813591;0.81516445;0.8149254;0.8086779;0.80881935;0.80702734;0.8069022;0.80698925;0.80763155;0.807732;0.80936706;0.8111992;0.810824;0.8139646;0.81677604;0.82024795;0.82205683;0.82440543;0.8269525;0.82894737;0.8307529;0.8318695;0.83189476;0.83299553;0.8348624;0.8369031;0.83807313;0.83890694;0.84018093;0.84080344;0.84205693;0.84382915;0.8443253;0.84429556;0.84659487;0.8489565;0.8513468;0.8527944;0.8545604;0.8560273;0.8578085;0.85965747;0.8613505;0.8630667;0.8647616;0.86637473;0.86808765;0.8696421;0.8710852;0.8724968;0.8737698;0.87491167;0.87606776;0.87728786;0.87843406;0.87975544;0.8811602;0.88248575;0.8837362;0.88502014;0.8861297;0.8870741;0.8882011;0.88923657;0.8901849;0.89115727;0.89220464;0.89314175;0.89405006;0.8948557;0.8959313;0.89682907;0.8976642;0.89857894;0.89952314;0.9004275;0.9012387;0.9020367;0.9027793;0.90364724;0.90442765;0.9053577;0.90604097;0.9068421;0.9075525;0.9082331;0.90894127;0.90966624;0.9103979;0.91107315;0.9117207;0.91234154;0.91297936;0.91376793;0.9143438;0.91495293;0.9156098;0.9161932;0.9168233;0.9174979;0.9180176;0.9185083;0.9191264;0.9197133;0.92029184;0.920777;0.9212983;0.92173684;0.9222798;0.9228085;0.9233567;0.9238513;0.9242878;0.9248024;0.9253039;0.9258297;0.9263482;0.9268111;0.92726225;0.9277433;0.9279104;0.9284044;0.92885756;0.9292768;0.92968005;0.9300512;0.9305273;0.9308842;0.93126404;0.93162394;0.9320061;0.9323944;0.9328138;0.933213;0.93360746;0.9339482;0.9342271;0.9345664;0.93495935;0.93533355;0.9357081;0.9361243;0.93640333;0.9367251;0.93699;0.9373412;0.9377017;0.93798447;0.9383633;0.93867826;0.9389691;0.9392738;0.9396534;0.9399594;0.9402744;0.94056225;0.9408355;0.9410789;0.9413977;0.9416749;0.9419835;0.9422326;0.94249076;0.94274294;0.94304043;0.94334203;0.9436047;0.9438685;0.94415444;0.9444131;0.94471765;0.9450087;0.9452629;0.94551146;0.94578093;0.94605756;0.9463152;0.9465221;0.9467211;0.9469439;0.94714916;0.9473497;0.947589;0.94780153;0.9480185;0.94820255;0.948389;0.9486335;0.9488463;0.9490953;0.949313;0.9495087;0.94968307;0.9499014;0.95012903;0.9503491;0.95053965;0.9507425;0.950949;0.9511646;0.9513836;0.9515927;0.951787;0.95198226;0.9521503;0.9523427;0.9525031;0.9526926;0.9528907;0.9530747;0.9532597;0.95344573;0.95364237;0.95384216;0.95401406;0.95415914;0.95432854;0.954506;0.954682;0.9548567;0.9550278;0.95517725;0.9553347;0.9554844;0.9556993;0.95587724;0.9560363;0.9562008;0.9563533;0.95653236;0.9567015;0.95685685;0.9570173;0.95719093;0.9573693;0.9574996;0.95764726;0.9577919;0.95794946;0.9580999;0.95824146;0.9583704;0.95851976;0.95866615;0.9587982;0.9589389;0.95885056;0.95898634;0.959125;0.9592589;0.95937544;0.95942277;0.9595582;0.95967454;0.95981;0.9599428;0.96009606;0.96021646;0.96030587;0.9602979;0.9604217;0.9605113;0.96064746;0.96076554;0.96084636;0.96097326;0.96103674;0.9607978;0.96087235;0.9608562;0.9609468;0.9609256;0.96083486;0.9605945;0.96043134;0.96022254;0.95973825;0.9597608;0.959629;0.95929486;0.9587124;0.95857966;0.9581338;0.95806134;0.9578656;0.9576357;0.95773053;0.9577425;0.9576169;0.9575789;0.9576762;0.9576494;0.95723647;0.9571757;0.9572066;0.9572441;0.9573199;0.9573769;0.9574725;0.9575105;0.95763564;0.95777476;0.9578935;0.95801;0.95814025;0.9582522;0.9583793;0.9584963;0.95860475;0.9587158;0.9588587;0.9589499;0.9590606;0.9591646;0.9591525;0.9592572;0.95913;0.95914143;0.959231;0.9591994;0.9593249;0.9592433;0.9591911;0.9590739;0.9584526;0.95827615;0.95800316;0.9581118;0.9581377;0.95817846;0.95818776;0.9582267;0.9580615;0.9580093;0.9580851;0.95821327;0.9583231;0.9584324;0.9585266;0.9586133;0.95873535;0.9588311;0.9589377;0.9590494;0.95916057;0.9592669;0.959356;0.9594668;0.9595716;0.9596813;0.9597767;0.9598853;0.9599838;0.96007925;0.9601675;0.9602567;0.96036273;0.96045893;0.96054816;0.9606578;0.9607513;0.96085596;0.9609575;0.96105725;0.9611527;0.96123624;0.96133083;0.9614149;0.9615223;0.96161544;0.96170443;0.96181023;0.9619008;0.96200067;0.96208304;0.96219033;0.96228033;0.9623746;0.96247196;0.9625653;0.96265584;0.96260303;0.96267676;0.9627746;0.96272075;0.9627972;0.96288145;0.9629618;0.9630396;0.9631227;0.9632032;0.96328557;0.9633665;0.96344817;0.9635228;0.9636004;0.96367115;0.9637569;0.9638336;0.9639262;0.9640087;0.96408856;0.9641703;0.9642516;0.96431124;0.9643877;0.96447015;0.96455747;0.96462244;0.96469027;0.96477544;0.96485096;0.9649221;0.96499896;0.96508574;0.9651579;0.9652429;0.9653265;0.9653946;0.96547544;0.9655599;0.96562713;0.9656991;0.9657716;0.9658478;0.96592075;0.96597594;0.9660541;0.9661137;0.96618265;0.96625507;0.9663556;0.9664236;0.9664978;0.9665596;0.96662766;0.96670467;0.9667657;0.96683013;0.966898;0.9669647;0.9670321;0.9670964;0.9671587;0.96722436;0.9673013;0.96738154;0.96745515;0.96751434;0.9675803;0.9676486;0.9677089;0.9677749;0.96784335;0.96790713;0.96798694;0.9680553;0.9681225;0.968186;0.96825016;0.9683182;0.96838516;0.9684477;0.9685116;0.96857935;0.9686395;0.9686862;0.9687443;0.9688029;0.9687955;0.9687727;0.96882933;0.96842676;0.9684806;0.96853983;0.96857965;0.9685888;0.9686411;0.968571;0.96846676;0.968523;0.96858305;0.96865004;0.9684;0.96833503;0.9683137;0.9682076;0.96815974;0.9681906;0.9682544;0.96819043;0.9682516;0.9683038;0.9683661;0.96842104;0.9684821;0.9685351;0.9685926;0.96865374;0.96871233;0.9687661;0.96882886;0.9688792;0.96894073;0.9688201;0.96887624;0.9689337;0.96898866;0.9690435;0.9691033;0.96916956;0.96922153;0.96928066;0.96934104;0.9694027;0.96947056;0.9695251;0.96958023;0.96963584;0.9696941;0.96974;0.9697893;0.9698477;0.96990234;0.9699617;0.970018;0.97007066;0.9701301;0.97017604;0.97020555;0.9702096;0.9702621;0.9702695;0.970319;0.9703772;0.9704277;0.9704834;0.97050923;0.97056264;0.9705533;0.97040975;0.9703658;0.97033215;0.9703599;0.97036564;0.9703062;0.97017723;0.97008497;0.97006327;0.97000134;0.9698955;0.96994936;0.969909;0.9697409;0.9697915;0.9698345;0.96988404;0.9699348;0.96998674;0.97004044;0.9700841;0.9701335;0.9701899;0.9702462;0.970284;0.9703334;0.9703794;0.9704382;0.97048837;0.9705486;0.9705978;0.97064173;0.9706868;0.970733;0.97077584;0.97082365;0.9708738;0.9709231;0.97095984;0.97100645;0.97105473;0.9711084;0.9711489;0.97120166;0.9712572;0.9713083;0.9713525;0.9714075;0.971458;0.9715126;0.9715622;0.971611;0.97166383;0.9717099;0.97175884;0.9718017;0.9718398;0.97188646;0.9719319;0.9719754;0.9720239;0.97206545;0.97211826;0.9721612;0.9722074;0.9722552;0.972296;0.9723327;0.9723733;0.9724149;0.97245246;0.97249603;0.97253615;0.97257614;0.972616;0.9726569;0.97269875;0.97273386;0.9727727;0.97280604;0.97285014;0.9728919;0.97293305;0.9729719;0.9730128;0.9730546;0.97310376;0.9731432;0.97318304;0.9732301;0.9732734;0.97331494;0.97335166;0.9733956;0.97343415;0.9734685;0.9735001;0.97354144;0.9735817;0.973612;0.97365505;0.9736929;0.9737311;0.9737672;0.97380066;0.9738325;0.97387487;0.97391456;0.9739521;0.9739946;0.9740359;0.9740756;0.9741093;0.9741345;0.97417784;0.97422445;0.9742597;0.9742992;0.9743366;0.974372;0.97441655;0.97445655;0.97448874;0.97451365;0.9745548;0.9745915;0.97461414;0.9746488;0.9746786;0.9747154;0.97475207;0.97478586;0.97482187;0.97485363;0.9748927;0.974921;0.97494876;0.9749862;0.97502303;0.9750184;0.9750596;0.9750939;0.97512674;0.9751631;0.9751802;0.97519636;0.97523385;0.9752694;0.9753026;0.97533524;0.9753683;0.9754035;0.9754372;0.9754766;0.9755057;0.97553873;0.9755717;0.9756076;0.9756399;0.97567385;0.97571117;0.9757406;0.9757691;0.9758027;0.9757964;0.97575814;0.9754586;0.97536606;0.9754;0.975411;0.97542715;0.97546345;0.9754928;0.9755242;0.97555375;0.9755859;0.975614;0.9756438;0.9756744;0.9757045;0.97573364;0.9757653;0.9757985;0.9758299;0.9758448;0.97587657;0.9759007;0.9759298;0.9759617;0.9759861;0.9760076;0.9760368;0.9760643;0.9760963;0.9761294;0.97615874;0.9761917;0.97622293;0.97625285;0.9762855;0.97631407;0.9763438;0.9763702;0.97640055;0.97642964;0.9764583;0.9764797;0.97650343;0.97650063;0.976531;0.97655857;0.97659;0.97661775;0.97664905;0.9766755;0.976707;0.97673255;0.97676426;0.9767728;0.9767488;0.9767823;0.97679186;0.9767219;0.9767492;0.97678024;0.9767917;0.9768199;0.9768305;0.9768567;0.97688705;0.9768336;0.97683346;0.97681135;0.9768052;0.9765912;0.9765789;0.97660893;0.97658986;0.976621;0.9765658;0.9765476;0.97657675;0.9766066;0.9766356;0.9766634;0.9766934;0.9767207;0.976752;0.9767833;0.9768148;0.97684216;0.97687095;0.97689897;0.97693676;0.9769624;0.97698945;0.97701496;0.97704005;0.9770658;0.97701186;0.9770383;0.97706723;0.9770936;0.977117;0.9771429;0.9771651;0.9771919;0.97721833;0.9772468;0.977267;0.97729397;0.9773205;0.97734064;0.9773639;0.97739726;0.97742146;0.97744876;0.9774728;0.9775003;0.977526;0.9775541;0.97758;0.977611;0.9776368;0.9776632;0.9776903;0.97771555;0.97774446;0.97777;0.9777954;0.9778174;0.97784066;0.9778629;0.97789013;0.977915;0.97794074;0.97796077;0.9779841;0.978011;0.97803855;0.97806764;0.97809505;0.97811973;0.9781467;0.97817093;0.9781948;0.97822285;0.9782463;0.9782735;0.9782972;0.97832173;0.97834426;0.9783662;0.9783903;0.978413;0.9784395;0.97846663;0.97848606;0.97850734;0.978532;0.9785583;0.97858006;0.978603;0.97862405;0.9786482;0.97867167;0.9786923;0.97871935;0.97874886;0.97877765;0.9787984;0.97882426;0.9788489;0.97887254;0.9788985;0.9789076;0.9788859;0.9789081;0.97892916;0.97895104;0.97897494;0.9789946;0.97901726;0.97903895;0.9790609;0.9790885;0.97911423;0.9791336;0.97915626;0.97917646;0.9791711;0.9790964;0.9791193;0.97914445;0.9791676;0.9791862;0.97920763;0.9792312;0.979252;0.9792751;0.97929645;0.97931916;0.97934127;0.97936535;0.97938883;0.9794067;0.9794246;0.97944534;0.9794649;0.9794864;0.9795096;0.9795327;0.9795558;0.9795791;0.97960174;0.9796207;0.9796379;0.9796563;0.97967315;0.9796979;0.9797175;0.97973794;0.9797552;0.9797798;0.9798015;0.97982395;0.97984356;0.97986317;0.9798833;0.9799073;0.9799306;0.9799501;0.9799706;0.97998774;0.9800082;0.98002803;0.9800475;0.9800681;0.98008865;0.9801086;0.9801296;0.98014706;0.98017037;0.98018825;0.9802099;0.9802264;0.98024553;0.98026437;0.9802816;0.98030174;0.98032284;0.98034126;0.9803636;0.9803848;0.9804005;0.9804214;0.98043996;0.98045945;0.9804818;
0.7105263;0.6708861;0.65652174;0.6343042;0.66052634;0.6485261;0.6293436;0.62456745;0.6210046;0.6236111;0.63383836;0.6139535;0.62147504;0.61654896;0.61410016;0.61785096;0.6244898;0.630485;0.62390673;0.6273164;0.6268754;0.63102597;0.6421857;0.6516854;0.65843177;0.66701245;0.67115766;0.6816659;0.6876446;0.69344705;0.69608694;0.704;0.7107743;0.7183657;0.7240448;0.7297297;0.7378959;0.74558926;0.75248885;0.7598268;0.7649935;0.77154624;0.7772629;0.7827004;0.78687555;0.79119605;0.7956349;0.79977787;0.80305094;0.8067878;0.8100368;0.8137558;0.8170546;0.8199253;0.8238304;0.8267018;0.8296418;0.8325226;0.8355697;0.837965;0.8404326;0.8430649;0.8452483;0.84769326;0.84996885;0.852117;0.8542045;0.85586125;0.85798466;0.8596934;0.8616003;0.86353344;0.8650868;0.8669978;0.86871254;0.8702441;0.8721259;0.8740418;0.8758372;0.8772496;0.8790768;0.8805748;0.88205546;0.8832364;0.8846522;0.8861955;0.8874358;0.888735;0.89013827;0.89135987;0.8923947;0.89353555;0.89451414;0.8955806;0.89675856;0.8977947;0.89893764;0.8999585;0.90108085;0.9019927;0.9029009;0.9038436;0.90478075;0.9055766;0.9065529;0.9073077;0.9081555;0.90894204;0.9098279;0.9106083;0.91134274;0.9120759;0.912818;0.9135891;0.9143771;0.9151707;0.91595954;0.9168009;0.9174375;0.91812;0.9187184;0.91932607;0.9198448;0.9204621;0.9210785;0.9217109;0.92236656;0.92304415;0.9236617;0.9242059;0.9248597;0.92544854;0.9260131;0.92653185;0.92710227;0.92771447;0.92822397;0.9288316;0.9293117;0.9298467;0.93037367;0.9308663;0.93141717;0.93188244;0.93236035;0.93277544;0.9327972;0.9333394;0.93375856;0.9342557;0.9347104;0.9350835;0.9355039;0.93585104;0.93624485;0.93667245;0.9371216;0.9375107;0.9379322;0.93830097;0.9386705;0.9390203;0.93941665;0.9398129;0.9402629;0.94067246;0.9410094;0.94136626;0.94170475;0.9420994;0.94246596;0.9427694;0.9430519;0.9433624;0.9436303;0.9439389;0.94423133;0.9445715;0.9448867;0.94519824;0.94552267;0.9458069;0.9461202;0.94640225;0.94665;0.9469033;0.94718105;0.9474331;0.9476903;0.94792634;0.94818985;0.9484945;0.9487487;0.9490111;0.94926727;0.9495139;0.949779;0.9500378;0.95026;0.95052737;0.9507986;0.95105034;0.95127016;0.9515301;0.95178086;0.95203537;0.9522966;0.9525116;0.95273083;0.95294803;0.9531723;0.9533945;0.9536293;0.95387346;0.95408326;0.95431983;0.9545227;0.9547407;0.9549287;0.95515114;0.95532477;0.95556504;0.95577323;0.95593137;0.9561282;0.9563101;0.95652175;0.95672107;0.95689297;0.95710915;0.95732063;0.95752263;0.9576981;0.9578795;0.9580496;0.95824;0.9584286;0.9586038;0.9587775;0.9589382;0.95911366;0.95928085;0.959467;0.95962906;0.9597965;0.9599537;0.96014476;0.96031225;0.96046335;0.96063036;0.9607917;0.9609853;0.96113753;0.9612721;0.9613935;0.96156085;0.96170664;0.9618793;0.9620286;0.96210504;0.96222305;0.9623714;0.96253604;0.9626686;0.9627945;0.96292335;0.9630682;0.96319515;0.9633563;0.963485;0.96362907;0.9637739;0.9639318;0.9640636;0.9641697;0.96430326;0.96442187;0.9645518;0.9646585;0.9647748;0.96490043;0.96501344;0.9651541;0.96530193;0.9654239;0.96553844;0.9656701;0.9655172;0.96565276;0.9657697;0.96588904;0.9660138;0.9661173;0.966242;0.96635497;0.9664534;0.96657556;0.9666803;0.9667828;0.96689665;0.9670379;0.96715885;0.96728325;0.96738213;0.9674905;0.9676138;0.96771353;0.96782535;0.9679364;0.9680383;0.9681354;0.968232;0.9683471;0.9684464;0.9685599;0.9686552;0.9687646;0.96882963;0.96892595;0.96903086;0.96912074;0.9692153;0.96930414;0.9693822;0.9694904;0.9695827;0.9696644;0.96975815;0.9698476;0.9699599;0.970053;0.9701383;0.97024;0.970323;0.9704247;0.9705126;0.97061884;0.97070795;0.97079307;0.97088224;0.9709652;0.97103393;0.97112167;0.9712236;0.9713012;0.9713896;0.97149074;0.9715724;0.971646;0.9717203;0.97178984;0.97188276;0.97195905;0.97202635;0.9721061;0.9721759;0.9722495;0.97232383;0.972406;0.97248566;0.9725587;0.9726415;0.9727219;0.9727926;0.97287005;0.97295004;0.9730276;0.97311455;0.9731764;0.97325367;0.9733256;0.97338456;0.97346926;0.9735276;0.97359806;0.9736738;0.9737388;0.97380257;0.9738753;0.97393745;0.9739975;0.9740673;0.97413856;0.9741985;0.9742601;0.9743446;0.9744144;0.9744802;0.9745395;0.97460294;0.97466344;0.97472364;0.9747766;0.97483456;0.974894;0.97496164;0.9750306;0.97509164;0.9751515;0.97520775;0.9752604;0.97532195;0.9753922;0.975449;0.97550476;0.97556347;0.97562677;0.97569454;0.97574997;0.97580194;0.9758616;0.97591704;0.9759683;0.97602403;0.97607404;0.97612387;0.9761789;0.97623056;0.97629964;0.9763554;0.9764116;0.9764653;0.97651577;0.9765712;0.97662795;0.9766814;0.9767442;0.976803;0.9768593;0.9769001;0.9769516;0.9770122;0.97706467;0.9771161;0.9771759;0.9772269;0.97728187;0.9773324;0.97738755;0.9774348;0.97749156;0.9775363;0.9775851;0.9776363;0.97769266;0.97774005;0.97778183;0.9778268;0.97787356;0.9779228;0.9779685;0.9779509;0.9780049;0.9780502;0.9781037;0.9781551;0.9782016;0.9782371;0.97828907;0.97833574;0.978379;0.9784329;0.97848517;0.97852725;0.9785704;0.9786127;0.9786555;0.9787025;0.9787437;0.9787902;0.97884816;0.9789003;0.9789504;0.9789894;0.9790349;0.979079;0.97912174;0.9791673;0.9792102;0.97925764;0.97930783;0.9793479;0.97939587;0.9794436;0.97948605;0.97952825;0.9795737;0.97961783;0.9796623;0.9797189;0.9797613;0.97980183;0.97984886;0.9798874;0.9799291;0.97996354;0.98000705;0.98004556;0.98008335;0.9801264;0.9801644;0.9802007;0.980239;0.980275;0.98030716;0.9803487;0.9803838;0.9804177;0.9804598;0.98050076;0.980543;0.9805723;0.98061323;0.9806565;0.98070014;0.980735;0.98077077;0.9808058;0.9808473;0.98088115;0.9809178;0.9809465;0.98098683;0.9810236;0.9810573;0.9810948;0.9811287;0.9811639;0.98120385;0.9812417;0.9812761;0.98131174;0.9813468;0.9813883;0.98141885;0.9814553;0.9814936;0.9815242;0.9815525;0.98158157;0.9816179;0.98165643;0.981692;0.9817288;0.98176324;0.9817975;0.9818289;0.9818576;0.98188394;0.9819173;0.98195195;0.9819855;0.98201853;0.9820545;0.98208636;0.9821225;0.9821515;0.9821809;0.9822085;0.98223853;0.9822723;0.98229873;0.98232937;0.98236406;0.9823924;0.9824235;0.9824507;0.98248285;0.98251116;0.9825427;0.9825758;0.9826075;0.9826378;0.98266846;0.9826966;0.9827283;0.9827562;0.9826937;0.98267853;0.98271644;0.9827482;0.982779;0.98280495;0.9828356;0.98286927;0.98290205;0.9829276;0.98295623;0.98298633;0.98301125;0.9830427;0.9830733;0.9830983;0.9831264;0.9831536;0.9831799;0.98320544;0.9832339;0.9832623;0.9832962;0.9833198;0.9833498;0.98337704;0.9834012;0.98343045;0.9834563;0.9834884;0.9835162;0.9835378;0.9835648;0.98359203;0.9834433;0.98347074;0.98349583;0.98352516;0.98355156;0.98357713;0.98360515;0.9836316;0.9836548;0.9836825;0.983707;0.9837395;0.9837652;0.9837918;0.9838205;0.9838456;0.98387235;0.9839018;0.98392385;0.98394656;0.9839716;0.9839973;0.9840201;0.9840463;0.9840727;0.98409635;0.98411894;0.9841431;0.98416984;0.9841949;0.9842185;0.9842417;0.9842668;0.9842939;0.9843152;0.9843414;0.9843643;0.9843831;0.98440164;0.98442173;0.98442715;0.9844491;0.9844726;0.9844985;0.984525;0.98444474;0.98446935;0.9843311;0.98433053;0.98423314;0.9840758;0.98403704;0.98399836;0.9840044;0.98378223;0.9837843;0.9838093;0.98383415;0.98385894;0.983882;0.9839018;0.98392737;0.98395056;0.9839782;0.9839994;0.98401725;0.9840402;0.9840606;0.98408085;0.9841058;0.98412794;0.98415244;0.9841788;0.9842022;0.9842271;0.9842492;0.98427397;0.9842974;0.9843223;0.984342;0.9843634;0.9843878;0.9844088;0.98443246;0.98445547;0.9844754;0.98450035;0.98451835;0.98454195;0.9845658;0.9845706;0.9844973;0.98451936;0.9845449;0.98457;0.98459095;0.9846139;0.9846327;0.9846567;0.9846806;0.98470354;0.98472905;0.98475075;0.9847712;0.98479277;0.9848139;0.9848348;0.9848536;0.9848758;0.98489535;0.9849191;0.98493963;0.9849593;0.9849823;0.9850002;0.98502445;0.9850422;0.98506576;0.98508924;0.985111;0.9851286;0.98514503;0.9851639;0.98518735;0.98520964;0.98522973;0.98525214;0.9852729;0.98520046;0.9852185;0.9852368;0.98525614;0.9852581;0.9852736;0.98529464;0.98531353;0.98533344;0.985352;0.9853715;0.9853891;0.9854096;0.9854279;0.9854459;0.9854637;0.98539454;0.9853805;0.98539793;0.9854141;0.9853771;0.98539495;0.98541206;0.98543197;0.98545057;0.98547167;0.9854934;0.9855116;0.98552895;0.985547;0.9855658;0.9855812;0.98560095;0.9856208;0.9856399;0.98565996;0.9856799;0.98570037;0.985717;0.9857366;0.9857578;0.98577213;0.9857891;0.9858063;0.98582613;0.985842;0.9858615;0.9858739;0.9858911;0.9859078;0.9859256;0.98594415;0.9859662;0.9859832;0.98599803;0.98601687;0.9860335;0.98605055;0.9860692;0.98608595;0.98605263;0.9860694;0.9860865;0.9861032;0.98611623;0.986134;0.9861521;0.986167;0.9861858;0.98619986;0.9862169;0.9862362;0.9862532;0.98626786;0.98628086;0.9863025;0.9863148;0.98633045;0.9863458;0.9863632;0.9863814;0.9863992;0.9864146;0.9864302;0.9864472;0.9864634;0.98647696;0.98649156;0.9865064;0.9865225;0.9865381;0.9865552;0.986572;0.9865908;0.98660755;0.9866226;0.98663837;0.98665607;0.98660505;0.9866215;0.9866374;0.9866553;0.9866731;0.9866894;0.98670495;0.9867201;0.9867364;0.9867506;0.98676544;0.9867819;0.9867981;0.9868166;0.9868321;0.9868475;0.9868642;0.9868817;0.98689413;0.98690945;0.98676634;0.9867805;0.98679507;0.9868127;0.9868291;0.98684233;0.9868553;0.9868701;0.9868851;0.9869019;0.9869186;0.9869339;0.98694915;0.98696434;0.98697853;0.9869918;0.98700714;0.98702204;0.98703766;0.9870527;0.98706406;0.9870772;0.9870923;0.9871082;0.9871206;0.98713464;0.98714966;0.9871654;0.9871781;0.98719126;0.987202;0.98721623;0.98723257;0.98724514;0.9872603;0.987274;0.98729;0.98730326;0.9873169;0.9873299;0.98734426;0.98735934;0.9873709;0.9873859;0.9874009;0.9874141;0.98742753;0.98744386;0.98745704;0.9874694;0.98748285;0.98749775;0.98751134;0.9875253;0.987539;0.9875512;0.9875667;0.9875803;0.987595;0.9876073;0.987621;0.98763555;0.98764706;0.9876587;0.9876745;0.98768693;0.9877008;0.9877147;0.98772657;0.9877397;0.987752;0.98776364;0.98777735;0.98778945;0.9878015;0.987818;0.9878318;0.98784727;0.9878326;0.98784506;0.9878588;0.9878717;0.9878834;0.98789525;0.98791075;0.98792255;0.9879359;0.9879491;0.9879615;0.98794544;0.9879584;0.98797125;0.98798275;0.98799455;0.98792094;0.98787594;0.98787314;0.987886;0.9878987;0.9879112;0.98792505;0.9879363;0.98794925;0.98796237;0.9879749;0.9879876;0.987985;0.9879968;0.9880099;0.98802185;0.9880359;0.98804694;0.98805815;0.9880713;0.9880851;0.98809856;0.9881105;0.98812234;0.98813456;0.9881456;0.9881556;0.98816955;0.9881815;0.988195;0.98820674;0.9882186;0.9882303;0.98824257;0.98825485;0.98826855;0.98827994;0.98829263;0.9883048;0.98831713;0.9883305;0.98834294;0.98835576;0.9883669;0.9883781;0.988389;0.98840064;0.98841435;0.98842543;
0.203125;0.23571429;0.27317074;0.34035087;0.36740333;0.38761467;0.43079922;0.47048903;0.47058824;0.50537634;0.5302096;0.55679286;0.57835054;0.6009524;0.6251105;0.6353039;0.6528213;0.6742148;0.6802486;0.6895188;0.7032622;0.70676243;0.7157418;0.72445655;0.7328125;0.74022067;0.74503154;0.75268817;0.75598735;0.76229864;0.77000844;0.77535933;0.78111243;0.785742;0.79000753;0.7923977;0.7943162;0.7955648;0.79932547;0.80006576;0.80441743;0.8060968;0.80707693;0.80563885;0.8071051;0.8098389;0.810452;0.81229234;0.81514657;0.81668;0.82024527;0.8233487;0.826251;0.82955104;0.83297074;0.8357499;0.83843815;0.84060633;0.8426281;0.8449043;0.84682906;0.8480466;0.8493209;0.85211414;0.85353327;0.8557848;0.8580812;0.860333;0.86240834;0.8646288;0.8660296;0.8673941;0.8682918;0.8696899;0.8703114;0.8717232;0.87286234;0.8733766;0.87398785;0.8756451;0.8753076;0.8767834;0.87830263;0.87934303;0.88056207;0.8818168;0.8832061;0.8847023;0.8854757;0.88664204;0.8877685;0.8890013;0.8904891;0.8916479;0.89270747;0.89382;0.89493847;0.8961179;0.8970233;0.89796734;0.89896065;0.90006506;0.90099263;0.90190315;0.902834;0.90377146;0.90472645;0.9055583;0.9059871;0.9068053;0.9077089;0.9086709;0.9094539;0.91034883;0.91117513;0.911926;0.9125553;0.9133708;0.91429526;0.91490066;0.9155901;0.91619563;0.9168464;0.91748714;0.9180746;0.91868806;0.91934305;0.9199377;0.92049086;0.9211092;0.92163044;0.9222704;0.9229539;0.9236029;0.92425585;0.92481714;0.9253486;0.925901;0.9264594;0.92696786;0.9275103;0.9280179;0.92849195;0.9290774;0.92955685;0.93008703;0.9305343;0.93099433;0.9315215;0.9320286;0.9325046;0.9329332;0.93343693;0.9338935;0.9343103;0.93469423;0.93511194;0.93553513;0.93597406;0.9363494;0.93674105;0.9370972;0.93746454;0.9378226;0.9382558;0.93862444;0.9389452;0.9393725;0.9397374;0.94009787;0.9404633;0.94079703;0.9411136;0.94149786;0.94181573;0.9421258;0.9424927;0.94280416;0.9430744;0.9433505;0.9436321;0.9439599;0.94425166;0.9445404;0.9448182;0.9451636;0.9454661;0.9457844;0.94608015;0.94636893;0.94659185;0.94686055;0.94716644;0.9474294;0.9477288;0.94804585;0.94827586;0.9485451;0.9487503;0.9490046;0.9492362;0.94948566;0.94976217;0.94995457;0.9502195;0.9504371;0.95066863;0.9509261;0.95115;0.9513718;0.95163417;0.9518516;0.952085;0.95232207;0.95256555;0.9527892;0.9530193;0.953216;0.9534701;0.95372427;0.9539206;0.9541017;0.95430297;0.9545186;0.95469236;0.9548806;0.95506996;0.9552421;0.95542836;0.95564634;0.9558394;0.9560333;0.9562081;0.95642835;0.956622;0.9567946;0.95696104;0.9571381;0.9572782;0.95745504;0.9576164;0.9578089;0.9579882;0.9581206;0.95827246;0.958412;0.95857954;0.958748;0.9588932;0.9590351;0.959174;0.95935047;0.9595212;0.95968205;0.95984167;0.9599938;0.9601489;0.96032524;0.9605;0.9606492;0.9607793;0.96093434;0.9610606;0.9612173;0.96136695;0.96152693;0.96163607;0.96174836;0.9618939;0.96204025;0.96218735;0.96235716;0.9624781;0.9626236;0.9627788;0.9629291;0.96308357;0.9632227;0.96334857;0.9634563;0.963584;0.96371084;0.9638198;0.96392643;0.9640375;0.96416456;0.96428734;0.9644126;0.9645289;0.96463466;0.96476394;0.96478844;0.9648501;0.9649663;0.96508795;0.9652135;0.96531636;0.9654356;0.9655648;0.9656839;0.96576583;0.96586245;0.96597207;0.9660898;0.9662068;0.9663317;0.9664296;0.9665413;0.9666638;0.96678257;0.96687496;0.96699077;0.9671086;0.96719784;0.9673045;0.9674023;0.9674872;0.9675798;0.9676867;0.9677916;0.96788514;0.9679782;0.9680706;0.9681573;0.9682553;0.96835005;0.9684481;0.96854424;0.96863097;0.96871465;0.96879286;0.9688694;0.9689717;0.9690635;0.9691572;0.96924424;0.9693429;0.9694313;0.96953595;0.9696268;0.96971;0.9697939;0.9698868;0.9699756;0.9700557;0.97014236;0.9702331;0.9703187;0.9703789;0.9704659;0.9705457;0.9706262;0.97069734;0.9707759;0.97087157;0.9709623;0.97103834;0.9711237;0.9712032;0.971278;0.9713641;0.97143805;0.9715211;0.9715984;0.97167635;0.9717529;0.9718392;0.9719087;0.97199;0.9720608;0.9721382;0.97221226;0.9722918;0.972365;0.97244966;0.972523;0.97259015;0.97266275;0.972734;0.97280777;0.97287923;0.9729427;0.9730069;0.97308296;0.97315854;0.97322726;0.9733002;0.9733691;0.97343403;0.97350675;0.973571;0.9736358;0.9737021;0.9737574;0.9738204;0.9738796;0.9739482;0.97401637;0.9740808;0.9741509;0.974119;0.9741196;0.9741151;0.974108;0.97411203;0.9740452;0.97391045;0.97383845;0.97360337;0.9735041;0.9733762;0.97323775;0.9730412;0.9725846;0.9725829;0.97255164;0.9723523;0.9722231;0.97178245;0.97158873;0.9716247;0.97139686;0.9708394;0.97022176;0.97012436;0.9697484;0.9696666;0.9693539;0.9691751;0.96882486;0.96874803;0.96882933;0.9686583;0.96866333;0.9687365;0.9688123;0.9688753;0.9689485;0.96902317;0.96910036;0.9691697;0.9692452;0.96930647;0.9693804;0.9694466;0.9695217;0.969601;0.9696762;0.9697474;0.9698157;0.96987915;0.969937;0.97001237;0.9700803;0.9701374;0.9701943;0.9702562;0.97031265;0.97036797;0.9704352;0.9705021;0.9705661;0.9706163;0.97067815;0.9707532;0.9708195;0.9708796;0.970942;0.9710108;0.9710784;0.97113585;0.97119796;0.9712558;0.97131735;0.9713836;0.9714382;0.9715046;0.9715548;0.97161674;0.97167367;0.9717382;0.9717994;0.9718501;0.9719045;0.9718034;0.9718593;0.9719218;0.9718966;0.9719207;0.9716608;0.9715437;0.97154427;0.97154176;0.97146416;0.9714224;0.97139776;0.9712741;0.97109115;0.97095704;0.97076917;0.9705859;0.9703783;0.9701949;0.97022134;0.9701939;0.97009045;0.97002715;0.9700313;0.9699853;0.97002125;0.9699785;0.9699653;0.97000885;0.9700705;0.97013414;0.97019213;0.9702561;0.97031516;0.97037476;0.9704258;0.97047734;0.9705235;0.9705762;0.970628;0.9706938;0.97074896;0.97080755;0.970863;0.9709204;0.9709578;0.9710192;0.9710761;0.9711196;0.97117096;0.971225;0.971276;0.9713275;0.9713724;0.9714229;0.9714859;0.97153383;0.9715922;0.971644;0.97170115;0.97175944;0.97181684;0.9718699;0.9719234;0.97197944;0.9720251;0.97208273;0.97213614;0.9721974;0.9722457;0.9722884;0.9723331;0.97239214;0.97244567;0.97249305;0.97254753;0.97259456;0.97252196;0.9725754;0.9726235;0.97267205;0.9727204;0.9727616;0.9728083;0.9728511;0.9729052;0.97294956;0.9729995;0.9730473;0.9730919;0.97313875;0.9731905;0.9732383;0.97328526;0.97333395;0.9733855;0.9734326;0.9733232;0.97337455;0.973422;0.97346747;0.97352064;0.9735604;0.9736054;0.9736484;0.97369075;0.9737418;0.9737874;0.973834;0.9738898;0.97393835;0.97397804;0.9740274;0.974068;0.9741124;0.974155;0.9741945;0.97424144;0.9742921;0.9743369;0.97435784;0.9743838;0.97442484;0.97438425;0.97442573;0.9744665;0.9745138;0.97455543;0.9745991;0.9746476;0.97469425;0.9747309;0.9747745;0.974818;0.9748602;0.974905;0.9749416;0.974985;0.97502565;0.9750672;0.975107;0.97514564;0.97518206;0.9752173;0.9752556;0.9752922;0.9753261;0.975363;0.9754034;0.97544533;0.97548395;0.9755214;0.97556436;0.97560364;0.97564787;0.9756909;0.9757283;0.975765;0.9758086;0.9758441;0.975882;0.97591627;0.9759579;0.97599685;0.9760338;0.97606766;0.97610825;0.9761429;0.97617835;0.97621083;0.9762427;0.97628754;0.9763298;0.9763638;0.97640383;0.97643477;0.97647274;0.97651243;0.9765454;0.9765811;0.976613;0.97665036;0.9766918;0.9767201;0.97675204;0.97679263;0.9768281;0.9768634;0.9769009;0.97693324;0.97697324;0.9770176;0.9770546;0.97708696;0.9771166;0.97715414;0.9771889;0.97722137;0.97725457;0.9772913;0.9773309;0.9773625;0.97739094;0.9774237;0.9774572;0.9774872;0.9775162;0.9775473;0.97757876;0.97761697;0.9776486;0.9776751;0.97770447;0.97773165;0.97776043;0.9777896;0.9778271;0.9778582;0.97789335;0.9779217;0.97795546;0.977987;0.9780197;0.978049;0.97807616;0.9780854;0.9781157;0.9781488;0.9781777;0.97820985;0.9782358;0.9782722;0.9783032;0.97833014;0.978361;0.97839093;0.97841847;0.97844905;0.97848237;0.978512;0.9785435;0.9785714;0.9785965;0.97862506;0.97865355;0.97867763;0.97871065;0.97874194;0.97877204;0.9787971;0.97882277;0.9788484;0.97887784;0.97890526;0.9789284;0.9789553;0.9789901;0.979018;0.9790424;0.97901684;0.97903234;0.9790611;0.9790932;0.9791022;0.97911596;0.97909015;0.97912055;0.97915304;0.9791777;0.9792049;0.9792353;0.9792634;0.9792907;0.97932124;0.97934765;0.9793755;0.9793319;0.9793564;0.9793859;0.9794125;0.97943395;0.9794554;0.9794796;0.9795077;0.9795286;0.97955054;0.9795753;0.9796041;0.9796298;0.9796554;0.9796774;0.979706;0.9797341;0.979757;0.97978055;0.9797444;0.9797689;0.979793;0.979815;0.9798383;0.9798609;0.9798865;0.9799069;0.97993714;0.9798788;0.9798705;0.97989696;0.9798766;0.97986704;0.979893;0.9799159;0.9799438;0.97996825;0.9799913;0.980017;0.98004127;0.9800665;0.98009;0.9801118;0.98008484;0.9800897;0.98011374;0.98014164;0.9801665;0.98018646;0.98021156;0.98023397;0.980258;0.9802829;0.980309;0.9803351;0.98036593;0.98039216;0.9804129;0.9804349;0.9804581;0.9804854;0.98050433;0.98052704;0.9805494;0.98057044;0.980593;0.98061836;0.9806396;0.98066473;0.98069113;0.9807144;0.9807369;0.98075783;0.9807815;0.98080635;0.98082745;0.98084885;0.98087287;0.980896;0.9809208;0.98094136;0.98096097;0.98098385;0.981007;0.9810261;0.9810488;0.9810727;0.9810784;0.98107165;0.98109186;0.981112;0.9811386;0.9811601;0.9811824;0.98120296;0.9812278;0.9812515;0.9812742;0.98129827;0.98131996;0.981323;0.9812963;0.98131967;0.9812662;0.981257;0.98128414;0.9813054;0.9813272;0.9813461;0.98136777;0.98138803;0.9814122;0.9814354;0.98145694;0.9814795;0.9815001;0.98151886;0.98149526;0.98151433;0.9815339;0.98155737;0.9815746;0.9815968;0.9816146;0.98163897;0.9816605;0.9816806;0.9816998;0.981722;0.98174417;0.9817679;0.9817886;0.9818079;0.9818279;0.9818471;0.98186815;0.98188674;0.9819058;0.98192644;0.98194814;0.9819732;0.98199344;0.98201334;0.9820406;0.9820588;0.9820791;0.9820941;0.9821104;0.98212636;0.9821476;0.98216736;0.98218876;0.9822098;0.9822295;0.9822455;0.9822664;0.98228806;0.9823091;0.9823291;0.98234826;0.98236793;0.98238647;0.9824068;0.9824258;0.9824458;0.9824637;0.98248106;0.9825009;0.98251724;0.9825382;0.9825577;0.98257416;0.9825783;0.98259914;0.982619;0.9826385;0.9826543;0.9826725;0.9826907;0.9827093;0.9827252;0.98274523;0.9827659;0.98278195;0.98280185;0.9828183;0.98283595;0.9828545;0.9828754;0.98284024;0.9828303;0.98284924;0.9828523;0.98286784;0.9828867;0.98290455;0.9829214;0.98293877;0.9829605;0.9829806;0.9829976;0.98301923;0.98303753;0.9830536;0.9830705;0.98308635;0.9831031;0.98312396;0.9831411;0.98315823;0.9831751;0.98319256;0.98321325;0.9832321;0.98324805;0.9832668;0.9832814;0.98330027;0.98331773;0.9833331;0.9833471;0.98336226;0.98337734;0.9833942;0.98341143;0.98342913;0.9834483;0.9834675;0.98348266;0.9835024;0.9835203;0.98353714;0.98355144;0.98356795;0.9835842;0.9836007;0.9836168;0.98363215;0.98364913;0.9836646;
0.6911765;0.6510067;0.64377683;0.652027;0.67671233;0.6607539;0.6781609;0.6750842;0.6504425;0.64285713;0.6561361;0.6655629;0.6666667;0.6770833;0.69476485;0.71546733;0.73040754;0.74724466;0.7596087;0.7691275;0.7811705;0.79126215;0.79988366;0.8086763;0.81672883;0.82404095;0.83162016;0.8373522;0.8432802;0.849255;0.85374147;0.85866886;0.8629482;0.86733514;0.87130564;0.875;0.8777975;0.8815019;0.884525;0.8865061;0.88910383;0.8918579;0.89428395;0.89654136;0.89870435;0.9007215;0.9028523;0.9047355;0.9065471;0.9078807;0.9094468;0.91048986;0.9118832;0.9130758;0.91249394;0.91299164;0.9122807;0.91300344;0.91341794;0.9133823;0.91416025;0.91229206;0.9117397;0.9106731;0.90942925;0.9069957;0.90691596;0.90463;0.90371096;0.9027162;0.90172315;0.90166074;0.90077317;0.9009631;0.90148664;0.9022836;0.902627;0.90249395;0.9031705;0.9042068;0.9052315;0.9063893;0.90751916;0.9085484;0.90959823;0.9104219;0.9114948;0.912475;0.9135784;0.9145811;0.91548043;0.91641;0.91736734;0.9182913;0.91925204;0.9201345;0.92094314;0.9217785;0.9225228;0.923418;0.9241921;0.9250296;0.9257716;0.9265369;0.92720306;0.9278481;0.9284639;0.9292101;0.92978567;0.9304284;0.93109286;0.93172836;0.93225574;0.93284637;0.9334268;0.9340583;0.9346405;0.9352567;0.93572396;0.9362487;0.9366948;0.9372454;0.93774575;0.9382114;0.93876237;0.93925834;0.9397718;0.9402265;0.94063735;0.9406473;0.94115233;0.9415598;0.9419909;0.94234633;0.9424267;0.9429165;0.943387;0.9438005;0.94421345;0.94462574;0.9449795;0.9453598;0.94575536;0.94611;0.94648486;0.9468252;0.9471805;0.9475264;0.9478866;0.94824183;0.9485831;0.94895613;0.94922113;0.9495717;0.9498871;0.95025;0.9505358;0.9508476;0.9507919;0.9510018;0.9512338;0.95114654;0.9514571;0.95159966;0.95168257;0.9509351;0.9505078;0.9498317;0.9491161;0.94867945;0.94858086;0.9484496;0.94854254;0.94851977;0.9487317;0.9490295;0.9490843;0.9493575;0.9490786;0.9489269;0.94897354;0.94878805;0.94868404;0.9489542;0.94889134;0.94879586;0.94910866;0.9484942;0.94830036;0.94808686;0.94795406;0.94745326;0.9476217;0.9476022;0.9468996;0.9464384;0.9449491;0.9437241;0.9434536;0.9421927;0.9418846;0.9412392;0.94003713;0.93922395;0.93820596;0.937247;0.93600154;0.9342905;0.93304604;0.9317498;0.93025184;0.9285669;0.9283188;0.92794716;0.92777115;0.92752;0.9267536;0.92599916;0.92559344;0.9249602;0.924009;0.92324466;0.9232764;0.9216039;0.92141145;0.9208192;0.9191913;0.9184095;0.91805786;0.91758436;0.91625357;0.915331;0.9149182;0.9144733;0.913968;0.91322714;0.9121379;0.9117947;0.9115074;0.9094382;0.9087906;0.90858895;0.9073694;0.9055675;0.90481955;0.90364486;0.9026747;0.90133727;0.8997997;0.89900297;0.8976437;0.8974112;0.89648926;0.8960288;0.8960292;0.8950442;0.8945906;0.8938113;0.8936889;0.8936247;0.8926233;0.89239144;0.8924187;0.8927406;0.89296776;0.89339536;0.89376384;0.8939812;0.89438415;0.89443284;0.89479953;0.8951429;0.89552534;0.89591515;0.89622086;0.8966156;0.8970174;0.89738625;0.8977673;0.89816993;0.89855975;0.8989273;0.8993113;0.8996925;0.90008485;0.9004835;0.9007955;0.90113324;0.9014916;0.9019018;0.9022456;0.9025735;0.9029215;0.90322727;0.9035399;0.9038505;0.9041851;0.9045217;0.9048602;0.9051921;0.90553427;0.90586144;0.90620714;0.90654206;0.90683776;0.90708274;0.9074074;0.9077057;0.9080021;0.9083322;0.9085616;0.9088133;0.9090441;0.9093048;0.90957946;0.90982944;0.9101314;0.9104314;0.91071427;0.91101784;0.91132677;0.911593;0.9118613;0.91206604;0.912317;0.91258454;0.91287196;0.91319305;0.91346586;0.913737;0.913968;0.9142221;0.91449887;0.91476357;0.9150028;0.91531515;0.9155311;0.91581625;0.9160529;0.9163246;0.91654855;0.9168106;0.91706765;0.91733605;0.9175803;0.91783583;0.9180518;0.91828555;0.9184027;0.9186497;0.918889;0.9191238;0.91933584;0.91933894;0.9195463;0.9198131;0.92002106;0.9202698;0.92046046;0.92068285;0.92088926;0.9210829;0.9212581;0.9214789;0.921661;0.9218853;0.92207175;0.9222823;0.92226756;0.922242;0.92243344;0.92233783;0.92202365;0.92224777;0.92245674;0.92268944;0.92273426;0.9229184;0.923066;0.9231231;0.9232505;0.9234123;0.92360306;0.92382216;0.92399764;0.9242013;0.92436975;0.9245453;0.92468214;0.9248794;0.9249364;0.925066;0.9252429;0.9254597;0.9256474;0.92584926;0.92601997;0.9262298;0.92638636;0.92658174;0.92679334;0.92697924;0.9271521;0.9273338;0.92750496;0.92767775;0.9278616;0.9280137;0.92819583;0.92839587;0.9285691;0.9287833;0.9289639;0.92914355;0.92932236;0.9295116;0.92966586;0.92983526;0.93002176;0.93018055;0.9303519;0.93051803;0.93066794;0.93085;0.9309942;0.93115723;0.93129796;0.93148106;0.93164825;0.93180186;0.93196535;0.93211967;0.93227744;0.9324471;0.93260956;0.93276095;0.9329467;0.93308836;0.9332274;0.9332297;0.9333617;0.9335094;0.9336645;0.93382484;0.9339665;0.93411154;0.9342599;0.93433934;0.93447083;0.93454015;0.9347037;0.93482715;0.9349242;0.9349483;0.93508637;0.93521625;0.93537784;0.935516;0.9356611;0.93580174;0.9359418;0.9360776;0.93619055;0.93631786;0.93644106;0.93651706;0.93666303;0.9367796;0.936765;0.9369058;0.937046;0.93717664;0.9372907;0.9374062;0.9375424;0.9376675;0.93781656;0.937944;0.9380519;0.9381628;0.9383095;0.9384401;0.938577;0.938715;0.93884724;0.938984;0.93912685;0.939254;0.939384;0.93951005;0.9396455;0.9397738;0.93989176;0.940032;0.9401668;0.9402654;0.94037825;0.94049704;0.94062334;0.94075704;0.94086957;0.94101316;0.9411232;0.94124216;0.94138867;0.941505;0.94162244;0.94172555;0.94184667;0.9419658;0.9420708;0.94218594;0.94229466;0.94242245;0.9425317;0.94264656;0.9427639;0.9428734;0.943006;0.9431116;0.94321686;0.94330424;0.94339865;0.94351584;0.9436239;0.94371146;0.9438031;0.9439001;0.94399816;0.9440917;0.94420177;0.94431144;0.9444067;0.94450724;0.9446046;0.9447099;0.94480383;0.94490564;0.94499886;0.94510543;0.9452184;0.9453119;0.9454173;0.94550747;0.9456134;0.9457042;0.9458001;0.945893;0.945979;0.94608706;0.9461711;0.9462849;0.94638;0.9464826;0.94658613;0.9466699;0.9467752;0.9468763;0.9469655;0.9470608;0.94716203;0.9472541;0.94733584;0.94741726;0.9475022;0.9475968;0.9476911;0.94777757;0.94786876;0.94795346;0.94802815;0.94811964;0.94821686;0.94829565;0.9483693;0.9484704;0.94857836;0.94866437;0.94873935;0.94882244;0.9489147;0.94899726;0.94908774;0.94919306;0.94927937;0.94936186;0.9494476;0.94953877;0.94962275;0.9497053;0.94979894;0.9498787;0.9499762;0.95006216;0.9501489;0.9502353;0.9503181;0.9503939;0.9504706;0.9505582;0.9506476;0.95073014;0.9508178;0.95090526;0.95098037;0.951064;0.9511591;0.95123994;0.9513066;0.9513837;0.95146805;0.9515404;0.951621;0.9516961;0.95178884;0.9518529;0.9519346;0.9520003;0.95206285;0.9521355;0.9522038;0.95227194;0.9523656;0.95244855;0.9525272;0.95260864;0.9526858;0.95276564;0.9528372;0.9529136;0.95299375;0.95307755;0.9531591;0.9532226;0.95330065;0.9533755;0.9534433;0.95352846;0.9535997;0.9536571;0.95372796;0.95380145;0.953867;0.9539247;0.9539919;0.95406264;0.9541351;0.9542026;0.954268;0.95433885;0.9544123;0.95448554;0.95455855;0.9546266;0.9547029;0.95478076;0.9548574;0.95492554;0.9549889;0.95506483;0.9551315;0.9552042;0.95527947;0.9553517;0.9554184;0.95546776;0.9555341;0.9556047;0.95566964;0.9557309;0.95579207;0.95586;0.9559155;0.9559691;0.95603216;0.9561029;0.95617425;0.95623416;0.95631117;0.95637155;0.9564335;0.9564935;0.9565619;0.9566182;0.95667684;0.9567362;0.9567844;0.95683086;0.9568982;0.95696706;0.95702815;0.9570965;0.9571556;0.9572302;0.95729715;0.9573573;0.9574074;0.9574689;0.95752287;0.9575889;0.9576628;0.9577195;0.95778656;0.9578373;0.95790476;0.9579504;0.95800877;0.9580677;0.9581233;0.95818985;0.9582444;0.9583003;0.9583569;0.9584211;0.95848364;0.9585381;0.9585933;0.958656;0.9587086;0.95876944;0.95882857;0.95888525;0.95895624;0.95901716;0.9590665;0.95912325;0.9591837;0.95923936;0.9592942;0.9593466;0.95940113;0.9594585;0.9595127;0.95956826;0.9596207;0.95967007;0.9597171;0.9597633;0.9598094;0.95986855;0.95992386;0.95997465;0.96002966;0.9600853;0.96014786;0.9602031;0.96025467;0.9602968;0.9603559;0.96040845;0.96047145;0.9605301;0.9605913;0.9606376;0.96068805;0.9607439;0.960801;0.96085584;0.960914;0.9608435;0.96088636;0.9609374;0.96098685;0.9610342;0.960974;0.9610044;0.96087974;0.96075416;0.96059114;0.9605513;0.9603394;0.96008146;0.95990264;0.9597632;0.9594883;0.9592748;0.95905524;0.9588118;0.9585065;0.95800894;0.95758295;0.9573375;0.9567388;0.9562773;0.95517254;0.95471406;0.9538346;0.9529111;0.9521304;0.95139205;0.95045185;0.9494936;0.9488966;0.9479519;0.9472492;0.94659865;0.9459058;0.94485456;0.9438768;0.9427774;0.94182944;0.9407927;0.93986964;0.93883324;0.9377559;0.9364468;0.9355457;0.93458754;0.9335828;0.9324995;0.93147844;0.93016666;0.9289047;0.9276921;0.9267274;0.92565787;0.9244081;0.92335904;0.9223124;0.92122275;0.9201055;0.91903615;0.9179693;0.91694975;0.9157084;0.91469395;0.9135182;0.9124047;0.9111609;0.90980244;0.9085657;0.90753764;0.9062631;0.9051527;0.9041323;0.9030126;0.90206945;0.90091145;0.89997274;0.89890647;0.89774215;0.89679575;0.89576554;0.89473766;0.89384025;0.8926323;0.89139926;0.89032495;0.8894363;0.8883386;0.88729966;0.8861932;0.8853687;0.88432276;0.88325155;0.88229376;0.88147646;0.88052255;0.8794743;0.87842846;0.87733036;0.8762896;0.8753196;0.8743654;0.8731958;0.8722191;0.8711364;0.8700834;0.86924815;0.8683474;0.86738145;0.8663241;0.86532265;0.8643543;0.863384;0.8625351;0.8614235;0.8605389;0.85937977;0.85831565;0.85728025;0.85620826;0.8553734;0.8544102;0.8533972;0.8523995;0.85132676;0.8503559;0.8494939;0.84841573;0.84723794;0.8464078;0.84549016;0.8444983;0.8435721;0.8426858;0.8418141;0.84093153;0.84001315;0.83902156;0.83823246;0.8371327;0.83621013;0.83537656;0.83434623;0.83333087;0.832429;0.83150446;0.8307417;0.8298454;0.8289021;0.8281319;0.8271438;0.82631856;0.8252646;0.8243801;0.82356995;0.82270116;0.8219184;0.82102907;0.82022554;0.819381;0.8184256;0.8175941;0.81673795;0.81583613;0.81509006;0.8142155;0.81322503;0.8122957;0.8115795;0.810654;0.80971885;0.808914;0.80814564;0.80714667;0.80627745;0.8053986;0.8046023;0.80365807;0.80278486;0.8019365;0.8011128;0.7999829;0.79916316;0.7981522;0.79720044;0.79628474;0.7954951;0.7945834;0.79383075;0.7930012;0.79218453;0.7914365;0.79047835;0.7895447;0.78874624;0.7879825;0.7870879;0.7861513;0.7852608;0.78441614;0.7835624;0.7827869;0.782005;0.7812109;0.7804739;0.7797912;0.7789691;0.7780841;0.7773195;0.77632016;0.77555895;0.7747244;0.7738064;0.77311397;0.7722847;0.7716798;0.7708854;0.77005035;0.7692592;0.7685624;0.7677346;0.766937;0.76633155;0.7654232;0.7646418;0.7637686;0.76300097;0.7622039;0.76139814;0.760728;0.7599048;0.75923723;0.7586323;0.7578852;0.75698656;0.7561918;0.7553885;0.7546782;
0.6375;0.75373137;0.7676768;0.72759855;0.7700831;0.7798165;0.7683168;0.7661431;0.7702703;0.76860625;0.77379483;0.7707151;0.7657379;0.7530982;0.7569507;0.762144;0.77002376;0.7776119;0.78973275;0.7986577;0.8080614;0.8157248;0.82342553;0.829932;0.83792543;0.8443176;0.8505232;0.8563906;0.86149585;0.8664292;0.87113404;0.87458193;0.8785425;0.8820291;0.8854087;0.88921714;0.89243454;0.8950682;0.8979592;0.90085924;0.9035059;0.90545225;0.90794724;0.9098558;0.91207504;0.9140893;0.91573036;0.9174463;0.9189846;0.92061394;0.9221992;0.9237223;0.92518705;0.9264345;0.92778045;0.92911154;0.9302163;0.93142855;0.9322072;0.93349534;0.93436545;0.9353383;0.93636364;0.937383;0.9383576;0.93937564;0.9404432;0.9412224;0.9420597;0.94291675;0.9437278;0.94445467;0.945083;0.9459605;0.94634926;0.9470547;0.9476149;0.9481456;0.9487875;0.94943917;0.9500909;0.9506455;0.95127463;0.95184183;0.95238096;0.95302534;0.95350987;0.9540545;0.9543201;0.95484924;0.9552875;0.95510024;0.95422584;0.9546553;0.9551273;0.9555834;0.9559757;0.95646834;0.9569035;0.9573757;0.95782655;0.958317;0.95871085;0.95912874;0.9594972;0.95982873;0.9602393;0.96064645;0.96106434;0.9613755;0.9617873;0.96216345;0.9625323;0.96287674;0.9632107;0.9635137;0.963787;0.96408063;0.9643814;0.9647046;0.96507555;0.9653675;0.9656731;0.9659479;0.9662112;0.96650213;0.9667292;0.96698403;0.96723837;0.96750534;0.9676962;0.9679494;0.9681795;0.9683939;0.9686702;0.9688902;0.96910113;0.96934754;0.9695669;0.96983165;0.9700244;0.9702342;0.97043014;0.97063696;0.9708543;0.9710579;0.97126126;0.9714388;0.97165453;0.9718471;0.9720421;0.97222465;0.97238094;0.9725308;0.9727513;0.9728949;0.973062;0.9732517;0.9734366;0.9736429;0.97380954;0.9739677;0.97412187;0.9742991;0.9744596;0.974608;0.97480255;0.974945;0.9750859;0.9752387;0.9753858;0.9755274;0.9757008;0.9758553;0.9759735;0.97610843;0.976249;0.9763791;0.9765044;0.97662145;0.9767391;0.9768723;0.9769891;0.9770998;0.9772159;0.97732604;0.9774606;0.9776062;0.9777219;0.9778472;0.977962;0.9780801;0.9781791;0.9783067;0.97842115;0.9785142;0.9786207;0.978739;0.97884196;0.9789397;0.9790311;0.9791326;0.9792291;0.97933;0.97943795;0.9795709;0.9796789;0.9797692;0.9798725;0.97996485;0.98005;0.98015183;0.9802391;0.9803062;0.9803898;0.9804785;0.980563;0.9806303;0.9807227;0.98080856;0.98089594;0.98098135;0.981057;0.981141;0.9812198;0.9813002;0.98139614;0.9814772;0.9815618;0.981654;0.9817328;0.9818275;0.9819069;0.98197335;0.9820373;0.98211884;0.9821897;0.982262;0.9823357;0.9824039;0.98246384;0.98253584;0.98262054;0.98267907;0.98275024;0.9828125;0.9829009;0.9829812;0.9830436;0.98311096;0.9831778;0.9832511;0.9833124;0.98337936;0.98343545;0.9834989;0.9835499;0.98361415;0.9836812;0.98374605;0.98380876;0.983862;0.983923;0.9839747;0.98403;0.98409295;0.9841428;0.9842056;0.9842617;0.9843289;0.9843956;0.98444736;0.984492;0.9845341;0.9845879;0.984648;0.9847068;0.984766;0.9848283;0.98483485;0.9849035;0.9849532;0.985011;0.98506486;0.9851073;0.98517144;0.98521805;0.9852677;0.9853191;0.98537344;0.985434;0.9854783;0.98552364;0.98556805;0.9856231;0.98567015;0.98571044;0.9857563;0.98579735;0.9858401;0.9858801;0.9859279;0.9859815;0.98601705;0.98607427;0.98612255;0.9861616;0.98621166;0.98625135;0.9862943;0.9863429;0.9863928;0.98642397;0.9864602;0.9865036;0.9865512;0.9865997;0.98664886;0.98669606;0.9867402;0.98677355;0.9868139;0.98685235;0.98689705;0.9869366;0.98697704;0.987013;0.987054;0.9870968;0.9871398;0.98717946;0.9872189;0.9872581;0.9872981;0.9872596;0.98729384;0.9873318;0.9873656;0.9874017;0.987441;0.9874329;0.9874719;0.98751354;0.9875506;0.98758215;0.98761785;0.98764724;0.9876793;0.9877121;0.9877494;0.98778135;0.98781776;0.9878503;0.98787993;0.9879171;0.98795134;0.9879796;0.9880135;0.98804545;0.988075;0.9881079;0.98814374;0.988175;0.9882074;0.98824173;0.9882746;0.9883115;0.98834103;0.9883696;0.9884034;0.98843205;0.9884643;0.9884906;0.98852044;0.9885481;0.9885765;0.98860466;0.9886352;0.98866665;0.9886992;0.98872244;0.9887476;0.98860043;0.98863167;0.98866266;0.9886978;0.98872966;0.9887617;0.9887848;0.98881346;0.9888439;0.98886967;0.98889977;0.98889524;0.9889255;0.98895526;0.9889845;0.989011;0.98904246;0.9890756;0.9891052;0.9891297;0.98915195;0.9891805;0.98920673;0.9892364;0.98926765;0.9892911;0.9893203;0.9893431;0.9893672;0.9893912;0.98941714;0.989445;0.9894703;0.9894952;0.98952395;0.98954624;0.9895688;0.9895889;0.9896165;0.98964137;0.98966646;0.98969203;0.9897197;0.98974663;0.9897734;0.9897943;0.98981583;0.9898391;0.98985916;0.98988193;0.9899043;0.9899274;0.9899487;0.9899723;0.98999333;0.9900161;0.99003726;0.99006134;0.9900829;0.99010825;0.9901308;0.99015117;0.9901738;0.99019843;0.99022174;0.99024;0.99025935;0.99028265;0.99030614;0.9903255;0.9903445;0.99036634;0.99038714;0.9904076;0.99043214;0.9904527;0.99047124;0.9904946;0.99051356;0.990537;0.990559;0.9905787;0.99060106;0.990622;0.99063826;0.9906598;0.9906804;0.9907025;0.9907204;0.99073684;0.99075866;0.9907776;0.9907918;0.99080956;0.9908295;0.9908469;0.9908652;0.9908832;0.99089956;0.9909184;0.99093765;0.9909556;0.9909744;0.99099666;0.9910129;0.99103105;0.9910515;0.99106926;0.9910857;0.9911026;0.9911208;0.99113566;0.99115926;0.9911787;0.99119735;0.9912147;0.991233;0.9912502;0.9912667;0.99128455;0.99127376;0.9912922;0.99131006;0.9913281;0.99134517;0.9913628;0.9913825;0.9914004;0.9914152;0.9914301;0.991445;0.9914632;0.99147904;0.99149615;0.9915119;0.99152714;0.9915435;0.99156076;0.99157774;0.99159193;0.99160904;0.9916265;0.9916445;0.9916574;0.9916242;0.9916396;0.9916277;0.9916192;0.9915836;0.9915981;0.99161446;0.99163055;0.9916474;0.9916629;0.99167967;0.991692;0.99170923;0.99172574;0.99174184;0.991755;0.99177074;0.9917887;0.99180347;0.9918184;0.9918346;0.99177724;0.9917918;0.99180585;0.9918201;0.99183524;0.9918508;0.99186736;0.99188066;0.99189633;0.9919089;0.9919222;0.9919393;0.99195194;0.991967;0.991983;0.9919966;0.99201035;0.9920239;0.9920387;0.9920527;0.9920652;0.9920798;0.9920922;0.9921056;0.99211997;0.9921329;0.9920986;0.9921114;0.99212414;0.9921378;0.992149;0.9921625;0.99217474;0.99218893;0.99220145;0.99221605;0.9922308;0.9922442;0.9922569;0.99226826;0.9922791;0.9922926;0.99230456;0.9923179;0.9923293;0.99234515;0.99235785;0.9922836;0.99227387;0.9921992;0.9922141;0.9922267;0.9922395;0.992252;0.99226534;0.99227935;0.99229175;0.99230397;0.99231917;0.9923296;0.99234205;0.9923569;0.99237174;0.99238366;0.99239427;0.9924052;0.9924178;0.9924308;0.99244404;0.99245644;0.9924688;0.99248105;0.99249506;0.9925071;0.9925193;0.99253124;0.992544;0.9925586;0.9925703;0.99258333;0.9925963;0.9926087;0.9926187;0.99263;0.99264103;0.99265295;0.99266493;0.9926775;0.9926902;0.9927004;0.99271244;0.99272364;0.9927345;0.9927463;0.9927575;0.9927683;0.992778;0.99278873;0.9927998;0.9928108;0.9928223;0.9928315;0.9928431;0.99285376;0.99286574;0.99287736;0.99288934;0.9929002;0.9929115;0.992921;0.992931;0.9929427;0.9928143;0.9928266;0.9928381;0.99284726;0.9928583;0.99286896;0.99288034;0.99289185;0.9929016;0.99291;0.99292016;0.9929308;0.9929416;0.99295247;0.99296355;0.9929734;0.9929854;0.9929952;0.9930055;0.9930156;0.9930256;0.9930375;0.9930474;0.9930569;0.9930669;0.99307656;0.99308556;0.99309546;0.9931052;0.9931153;0.993124;0.9931345;0.9931432;0.99315333;0.99316275;0.99313456;0.9931447;0.99315524;0.99316645;0.9931759;0.9931853;0.9931946;0.99320346;0.99321234;0.9932214;0.9932319;0.99323994;0.99324846;0.9932581;0.99326605;0.9932753;0.9932846;0.993294;0.99330425;0.9933143;0.9933237;0.99333334;0.9933435;0.9933516;0.9933432;0.99335116;0.9932324;0.9932426;0.99325204;0.9932611;0.99327123;0.9932806;0.99328923;0.9932995;0.99331;0.99331987;0.9933291;0.9933391;0.99335015;0.9933589;0.99336874;0.99337786;0.9933863;0.9933942;0.9934038;0.99341184;0.9934213;0.99343026;0.9934207;0.99341375;0.9934228;0.99343103;0.9934385;0.9934479;0.9934577;0.9934658;0.99347466;0.993483;0.99349296;0.9935003;0.9935097;0.9935186;0.9935254;0.9935345;0.99354434;0.9935528;0.99356157;0.9935702;0.993577;0.99358565;0.993594;0.99360174;0.99360937;0.99361616;0.9936233;0.993631;0.99363893;0.99364525;0.9936538;0.9936622;0.99366957;0.9936775;0.9936516;0.9936606;0.99366903;0.99367714;0.9936852;0.9936922;0.9936991;0.9937068;0.9937138;0.99372303;0.99372995;0.9937391;0.99374926;0.99375683;0.99376416;0.99377203;0.99377894;0.99378633;0.9937935;0.9937998;0.99380654;0.9938137;0.9938209;0.9938292;0.99383575;0.99384385;0.9938514;0.99385875;0.99386644;0.9938734;0.993882;0.9938906;0.9938985;0.99390584;0.99391395;0.9939215;0.9939286;0.9939354;0.9939415;0.9939487;0.99395627;0.99396366;0.9939717;0.99397874;0.99398667;0.99399406;0.9940015;0.99400926;0.99401623;0.9940226;0.9940302;0.99403745;0.99404526;0.9940524;0.99406046;0.99406743;0.99402726;0.9940336;0.99403983;0.9940302;0.99403673;0.9940429;0.9940498;0.9940581;0.99406517;0.9940731;0.9940809;0.99408823;0.9940948;0.9941007;0.99410796;0.9941144;0.9941206;0.9941274;0.99413466;0.9941417;0.99414897;0.9941561;0.9941008;0.99410933;0.9941163;0.9941232;0.9941302;0.9941364;0.9941431;0.9941505;0.9941567;0.9941624;0.99416965;0.9941767;0.99418366;0.99419016;0.99416655;0.99417377;0.99418056;0.9941879;0.9941942;0.9942012;0.9942082;0.99421525;0.99422246;0.99422956;0.9942362;0.9942427;0.99424887;0.99425644;0.9942632;0.9942694;0.9942751;0.9942818;0.99428856;0.99429506;0.994301;0.99430746;0.99431264;0.994319;0.9943264;0.9943316;0.9943391;0.9943445;0.99435085;0.9943574;0.99436367;0.99436975;0.99437565;0.9943814;0.9943887;0.9943942;0.99439955;0.99440503;0.9943973;0.99440324;0.99440974;0.9944155;0.99442255;0.994429;0.9944351;0.99444056;0.9944463;0.99445176;0.9944586;0.9944637;0.9944701;0.99447507;0.99447995;0.9944853;0.99449116;0.9944977;0.9945035;0.99450994;0.99451613;0.99452174;0.99452704;0.99453366;0.9945387;0.99454457;0.99455047;0.99455637;0.99456245;0.9945679;0.9945731;0.99457854;0.9945845;0.9945905;0.9945965;0.9946027;0.9946074;0.99457055;0.9944786;0.99441373;0.99423647;0.9942426;0.99410856;0.99407315;0.99402314;0.99403065;0.99396616;0.9939306;0.99393696;0.9939429;0.99389344;0.99390006;0.9938366;0.99384195;0.99382144;0.993827;0.9938189;0.9938256;0.9938322;0.9938388;0.9938457;0.9938514;0.99374837;0.9937272;0.9937333;0.99374014;0.99360955;0.99361664;0.9935408;0.99349225;0.9935005;0.99350744;0.9935139;0.9935207;0.99352837;0.99353516;0.9935413;0.9935478;0.9935541;0.99356157;0.99356824;0.99357396;0.9935799;0.99358636;0.9935932;0.99359936;0.9936052;0.99361223;0.9936189;0.9936259;0.9936324;0.9936382;0.9936449;0.9936511;
0.47058824;0.4347826;0.48636365;0.5068493;0.51206434;0.5246637;0.5547025;0.57653064;0.60849774;0.64634144;0.6662561;0.6749717;0.6913319;0.70722055;0.72718894;0.7388646;0.7540453;0.7670713;0.7780188;0.7908719;0.80103695;0.81037676;0.81962395;0.8270423;0.8350349;0.84134364;0.8461153;0.850826;0.8555974;0.86045456;0.86505497;0.86908317;0.87340206;0.87749404;0.88137555;0.88488936;0.8881603;0.89082503;0.89336574;0.8955782;0.8985795;0.90115905;0.9028788;0.90507114;0.90711045;0.90935934;0.9110145;0.9129325;0.9149349;0.91664404;0.91819876;0.9198224;0.9213224;0.9226895;0.9243283;0.9255938;0.92723393;0.9285714;0.9298286;0.93102676;0.9323341;0.9327549;0.9334613;0.933992;0.9346027;0.9345566;0.9350754;0.9361534;0.9370493;0.93787265;0.938791;0.93960357;0.94044983;0.9412193;0.9420212;0.9428521;0.94363004;0.94434875;0.94496506;0.94551283;0.9462115;0.9468575;0.9474626;0.94806236;0.94869757;0.94930947;0.94982916;0.9503764;0.9508072;0.95131874;0.95192736;0.95255584;0.95309323;0.95353186;0.9539624;0.9544043;0.9548631;0.95534974;0.95578974;0.9562212;0.9566443;0.9570536;0.9575168;0.9579646;0.95841914;0.958822;0.95919657;0.95955926;0.95991564;0.96028525;0.96054554;0.96090263;0.9612903;0.9616523;0.9619897;0.96231246;0.9626556;0.9629799;0.96330273;0.9636078;0.96392787;0.96419495;0.96448535;0.9648017;0.9650975;0.9653735;0.9656816;0.96593773;0.96622187;0.9664631;0.96670437;0.96694213;0.9672098;0.9674274;0.9676679;0.9679081;0.96811336;0.9683346;0.9685803;0.9688222;0.9690456;0.9692512;0.9690683;0.9692625;0.96947134;0.9696774;0.9698668;0.9700621;0.97030866;0.9705195;0.97068024;0.9708807;0.97107327;0.971281;0.9714658;0.97166795;0.9718527;0.9720256;0.97223634;0.97239524;0.9725477;0.9727144;0.9728522;0.97302854;0.9731939;0.97335714;0.97352916;0.97369474;0.97386247;0.9740054;0.97415286;0.9742866;0.974407;0.974546;0.97471476;0.97485435;0.9749924;0.9751214;0.97527516;0.9753975;0.9755297;0.97566587;0.97579694;0.97591954;0.9760549;0.9761818;0.97630745;0.97643846;0.9765698;0.97669464;0.97683287;0.9769485;0.97706133;0.9771921;0.97731674;0.97742754;0.9775327;0.9776445;0.9777416;0.97787523;0.97799397;0.97810704;0.97821176;0.9783155;0.9784168;0.978527;0.978611;0.97870266;0.9788059;0.9789013;0.97899723;0.9791016;0.9791799;0.97928506;0.9793853;0.9794885;0.9795868;0.9796665;0.9797718;0.97986865;0.979956;0.9800341;0.9801344;0.9802279;0.9803204;0.98041326;0.98049474;0.9805791;0.9806638;0.9807523;0.9808456;0.9809069;0.98099655;0.98107654;0.98114616;0.9812357;0.9813127;0.981389;0.9814668;0.9815565;0.9816288;0.9817056;0.9817849;0.9818574;0.98193234;0.9820077;0.9820814;0.98216033;0.9822261;0.9822961;0.9823675;0.9824449;0.9825132;0.9825754;0.9826583;0.98271316;0.9827894;0.982856;0.982922;0.9829858;0.9830342;0.98309803;0.9831657;0.9832268;0.9832858;0.9833469;0.98340416;0.9834611;0.98351425;0.983325;0.9832335;0.9832869;0.9833424;0.9834074;0.98346215;0.98352134;0.9835761;0.98362416;0.983683;0.98373276;0.9837916;0.98385316;0.9839096;0.9839634;0.98401904;0.98407507;0.9840325;0.9840986;0.98415154;0.9842086;0.9842593;0.9843148;0.9843591;0.98441964;0.9844797;0.9845436;0.9845908;0.9846482;0.9847038;0.9847686;0.98482126;0.98486817;0.98483026;0.9848869;0.98493844;0.9849903;0.98503786;0.98508835;0.9851373;0.9851897;0.98523986;0.9852814;0.98533535;0.98538077;0.9852582;0.985301;0.9853486;0.9853965;0.9854385;0.98548275;0.9855292;0.9855741;0.98562056;0.9856226;0.9856668;0.98570836;0.98574793;0.9857531;0.9857987;0.98584634;0.98588216;0.98593384;0.9858961;0.9859337;0.98598075;0.98602915;0.9859172;0.9859571;0.9859917;0.98602897;0.9860693;0.9861111;0.98615533;0.9861939;0.9862317;0.9862779;0.98631626;0.98636085;0.9863967;0.9864318;0.9864304;0.9864632;0.986502;0.98653495;0.9865739;0.9866075;0.98664194;0.9866747;0.9867138;0.9867562;0.9867948;0.9868342;0.9868661;0.98690164;0.9869356;0.9869698;0.98701394;0.9869739;0.98700726;0.98703814;0.9870754;0.9871078;0.987147;0.98717624;0.9872127;0.9872536;0.98728144;0.9873183;0.987353;0.98738897;0.98742515;0.98745894;0.9874872;0.9875163;0.9875478;0.98758525;0.98761904;0.98765004;0.9876881;0.98771584;0.98774296;0.9877717;0.9878057;0.9878329;0.98786324;0.9878918;0.9879235;0.987951;0.9879873;0.9880165;0.98804593;0.98807687;0.9881044;0.98813343;0.98816586;0.9881942;0.9882197;0.9882536;0.9882846;0.9883143;0.9883435;0.9883698;0.9883991;0.98842895;0.98845714;0.9884852;0.9885113;0.9885369;0.9885624;0.98858744;0.9886123;0.98864;0.9886679;0.9886928;0.98871905;0.98874336;0.98877436;0.9887977;0.9888242;0.9888519;0.9888774;0.98890454;0.98892564;0.9889532;0.9889793;0.98900586;0.98903066;0.98905164;0.9890786;0.98910207;0.9891334;0.9891577;0.9891808;0.98920316;0.9892251;0.9892538;0.98927754;0.9893021;0.9893214;0.98934704;0.98937124;0.98939633;0.989421;0.9894424;0.98946244;0.98948365;0.98950416;0.989528;0.9895484;0.9895708;0.9895971;0.9896205;0.9896423;0.9896655;0.98968834;0.98971105;0.98973244;0.989755;0.9897774;0.98979914;0.98981845;0.98983884;0.9898621;0.9898869;0.9899059;0.9899288;0.9899519;0.9899737;0.98999465;0.9900121;0.99003005;0.99004656;0.9900666;0.9900882;0.99010783;0.9901296;0.9901504;0.99017084;0.9901931;0.9902158;0.9902347;0.9902537;0.99027586;0.9902939;0.99031407;0.9903362;0.99035376;0.9903729;0.99039215;0.9904121;0.99043465;0.9904288;0.99042076;0.9904451;0.99046654;0.9904871;0.9905023;0.99051946;0.9905368;0.99055356;0.9905715;0.9905387;0.99045014;0.9903884;0.9903556;0.9903728;0.9903914;0.9904139;0.99043185;0.99045026;0.99046755;0.99048626;0.99050397;0.99052304;0.99053913;0.9905532;0.9905699;0.9905868;0.99060243;0.99062157;0.99063826;0.99065536;0.9906732;0.990689;0.9907064;0.9907263;0.99074376;0.9907612;0.99077785;0.9907952;0.99081355;0.9908314;0.9908483;0.9908683;0.9908823;0.9908981;0.99091804;0.99093527;0.9909509;0.9909713;0.9909617;0.99097955;0.9909958;0.99101293;0.9910291;0.99104327;0.9910569;0.99107206;0.99108934;0.9911048;0.9911198;0.9911385;0.9911555;0.9911695;0.9911849;0.9912011;0.991217;0.9912316;0.9912491;0.99126214;0.99127847;0.9912941;0.99130887;0.99132603;0.9913429;0.9913573;0.99137425;0.9913894;0.99140763;0.9914224;0.9914385;0.991453;0.9914656;0.99147844;0.9914926;0.991509;0.99152213;0.99153805;0.99155396;0.9915686;0.9915817;0.99159586;0.9916081;0.9916216;0.9916349;0.9916503;0.9916629;0.9916757;0.99168956;0.99170303;0.99171585;0.99172926;0.9917429;0.9917584;0.9917726;0.9917861;0.9917978;0.99181235;0.99182487;0.9918404;0.9918536;0.99186796;0.9918817;0.9918933;0.9919063;0.9919187;0.9919318;0.99194306;0.991955;0.9919678;0.9919828;0.99199706;0.9920107;0.9920228;0.9920359;0.99205;0.9920608;0.9920727;0.9920848;0.9920975;0.9921103;0.9921258;0.9921404;0.9921531;0.99216396;0.99217623;0.992188;0.9922012;0.99221337;0.99222505;0.9922379;0.99225247;0.9922671;0.9922797;0.9922924;0.9923045;0.9923176;0.9923294;0.9923398;0.9923517;0.9923651;0.9923767;0.9923869;0.9924016;0.9924124;0.99242437;0.9924353;0.9924466;0.9924574;0.9924694;0.9924798;0.9924919;0.9925047;0.9925161;0.99252766;0.9925373;0.99254984;0.9925629;0.9925746;0.9925853;0.99259734;0.9926068;0.9926182;0.9926293;0.9926396;0.9926305;0.9926415;0.99265176;0.9926621;0.99267256;0.992684;0.9926953;0.9927071;0.99271685;0.99272686;0.9927371;0.99274755;0.99275815;0.9927699;0.9927801;0.9927924;0.99280226;0.99281347;0.99282444;0.9928343;0.9928432;0.9928541;0.9928654;0.99287623;0.99288476;0.99289525;0.9929071;0.99291635;0.9929272;0.9929361;0.9929454;0.99295545;0.9929667;0.9929774;0.99298525;0.99299616;0.9930066;0.99301714;0.9930252;0.99303436;0.9930451;0.9930541;0.99306375;0.99307245;0.9930827;0.99309236;0.9931014;0.99311125;0.99312073;0.99313045;0.9931396;0.99315083;0.99316096;0.9931694;0.99317795;0.99318814;0.9931983;0.9932073;0.99321586;0.9932257;0.9932357;0.99324596;0.9932551;0.9932653;0.99327457;0.9932842;0.9932925;0.9933022;0.9933106;0.9933194;0.9933284;0.99333775;0.99334675;0.9933573;0.99336535;0.99337465;0.9933835;0.99339306;0.99340004;0.9934103;0.9934195;0.99342877;0.9934361;0.99344486;0.9934533;0.99346185;0.9934706;0.99347836;0.9934863;0.99349576;0.99350387;0.9935123;0.9935209;0.9935297;0.993536;0.99354523;0.99355465;0.9935638;0.9935713;0.99357927;0.9935871;0.9935963;0.9936058;0.9936146;0.993623;0.99363023;0.9936378;0.99364525;0.9936532;0.99366057;0.99366826;0.9936765;0.9936845;0.99369216;0.9937005;0.99370736;0.99371487;0.9936711;0.9936788;0.99361795;0.99362516;0.9935646;0.9935729;0.9935458;0.9935538;0.99356127;0.99356973;0.9935773;0.993585;0.9935934;0.9936009;0.99360824;0.9936155;0.9936224;0.9936311;0.9936384;0.993646;0.9936535;0.99366206;0.99358815;0.9935144;0.9935232;0.9934312;0.99343795;0.9934134;0.99342126;0.9934295;0.9934374;0.9934442;0.99345136;0.9934588;0.9934663;0.9934745;0.9934835;0.9934907;0.99349785;0.9935069;0.9935149;0.9935229;0.99352974;0.9935371;0.9935442;0.9935526;0.99355966;0.9935664;0.9935734;0.99358124;0.99358934;0.99359703;0.99360424;0.9936108;0.9936179;0.9936255;0.9936334;0.9936402;0.9936475;0.99365467;0.9936635;0.99367297;0.99368197;0.9936894;0.99369603;0.9937032;0.9937108;0.99371976;0.993728;0.9937346;0.99374163;0.9937484;0.9937564;0.99376506;0.9937717;0.993779;0.99378574;0.9937931;0.9938;0.993806;0.99381316;0.99382097;0.9938278;0.9938349;0.993841;0.9938482;0.9938563;0.9938627;0.9938692;0.9938755;0.9938824;0.9938884;0.9938948;0.9939013;0.9939078;0.9939133;0.9939192;0.9939268;0.993934;0.99394065;0.993948;0.99395436;0.9939623;0.9939678;0.99397475;0.99398124;0.9939882;0.99399424;0.99400103;0.99400645;0.994014;0.99402195;0.9940279;0.99403477;0.99404144;0.9940488;0.9940554;0.9940606;0.9940662;0.9940727;0.99407923;0.99408644;0.9940926;0.99409866;0.99410486;0.9941109;0.9941176;0.99412274;0.9941276;0.99413323;0.9941406;0.99414724;0.9941537;0.9941307;0.99406415;0.9940709;0.99407727;0.99408376;0.99394494;0.9939502;0.9939573;0.9939639;0.9939717;0.99397886;0.99398494;0.9939919;0.9939989;0.9940062;0.9940114;0.99401754;0.9940238;0.9940307;0.9940371;0.9940437;0.99405015;0.9940566;0.99406344;0.99406964;0.99407595;0.9940831;0.9940885;0.9940942;0.9941015;0.9941091;0.994115;0.9941206;0.9941264;0.9941324;0.9941381;0.994144;0.9941499;0.9941553;0.99416095;0.9941665;0.99417156;0.9941775;0.9941841;0.9941909;0.99419636;0.9942025;0.99420923;0.99421525;0.99422127;0.9942262;0.99423283;0.99423796;0.9942437;0.9942505;0.994256;0.99426186;0.9942676;0.9942724;0.99427766;0.9942831;0.99428886;0.99429417;0.9942993;0.99430394;0.99431014;0.99431616;0.9943214;0.9943271;0.99433297;0.99433905;0.9943456;0.9943515;0.99435693;0.99436307;
0.56790125;0.6728395;0.66511625;0.6993243;0.6803279;0.7293578;0.7490119;0.7622378;0.7877429;0.79415673;0.81272507;0.82766193;0.835;0.84249085;0.84825236;0.8544;0.8597285;0.8652482;0.8716216;0.8706182;0.873716;0.87724376;0.88144046;0.8846358;0.88973576;0.89215684;0.89540935;0.8950504;0.8973333;0.90008575;0.8992537;0.893848;0.8939158;0.88968647;0.8895841;0.8908375;0.8928448;0.8934592;0.89605266;0.89786685;0.89968354;0.9020395;0.9039976;0.9051724;0.9072944;0.9094522;0.91124094;0.9130553;0.91475147;0.91649216;0.9183308;0.92005014;0.9215638;0.9231511;0.9245149;0.92577946;0.9271856;0.92839503;0.92954946;0.9307275;0.9318376;0.9329832;0.93407726;0.9351758;0.9362892;0.9373527;0.9383575;0.9392381;0.9402398;0.94101334;0.9417883;0.9425432;0.9433392;0.9440449;0.9446949;0.94551665;0.94608754;0.9467268;0.94736844;0.9480879;0.9488536;0.9493812;0.95003134;0.95061153;0.95130515;0.9518054;0.9524094;0.9529707;0.95345783;0.9539815;0.9545001;0.95495623;0.9553385;0.9555862;0.95606494;0.95649827;0.95696914;0.95736796;0.95763934;0.9580846;0.958478;0.95883775;0.9592017;0.9595795;0.95992553;0.9602755;0.9606577;0.9609715;0.9613636;0.96172076;0.9620848;0.96245056;0.9627709;0.9630857;0.9634243;0.96372825;0.96406317;0.96435666;0.96467245;0.96497124;0.9651677;0.9654619;0.96574396;0.96602863;0.96631205;0.9665666;0.96664613;0.96694803;0.96720487;0.96746093;0.9677163;0.9679866;0.9681778;0.9684405;0.9686475;0.9689084;0.96908194;0.9693177;0.9695555;0.9697756;0.9699678;0.9702038;0.9703879;0.9705909;0.9707702;0.97099125;0.9711836;0.9713633;0.9715582;0.9717529;0.9719594;0.97212243;0.972293;0.97249407;0.9726716;0.9728559;0.9730132;0.97316873;0.9733377;0.97349375;0.9736481;0.9731662;0.9732992;0.97345203;0.97360307;0.97375655;0.97392863;0.9741005;0.9742522;0.97439635;0.9745388;0.9746701;0.97479624;0.9749268;0.97508764;0.97521704;0.9753287;0.97547364;0.9755403;0.9755903;0.9756714;0.975685;0.9757455;0.9758591;0.9759819;0.97607994;0.97620213;0.9763264;0.9764706;0.9765953;0.9767171;0.9768313;0.97695386;0.977092;0.9772072;0.97732276;0.9774446;0.9775696;0.9776727;0.97779226;0.9779106;0.978022;0.97811955;0.9782247;0.9783315;0.9784182;0.9785177;0.9786137;0.9786954;0.978807;0.97890687;0.9790201;0.97912186;0.9792125;0.97930866;0.97940016;0.9795057;0.97958446;0.97967356;0.9797631;0.9796849;0.9797867;0.9798827;0.9799837;0.9800639;0.98015046;0.98023057;0.9803213;0.9804112;0.98049915;0.98058414;0.98067385;0.980766;0.9808391;0.9809201;0.9810141;0.9810863;0.9811745;0.9812517;0.98132217;0.9814072;0.98148847;0.9815631;0.98163515;0.98170274;0.9817689;0.98184896;0.9819217;0.9819985;0.9820597;0.98212236;0.9821957;0.9822565;0.98232776;0.9823841;0.9824633;0.98253745;0.98259324;0.98266715;0.9827317;0.9828053;0.9828748;0.9829387;0.98301643;0.9830851;0.9831532;0.98322165;0.98329765;0.98336565;0.98342997;0.9834985;0.9835681;0.98363;0.98369306;0.9837518;0.9838169;0.98387325;0.98393893;0.9839996;0.9840495;0.98411375;0.984168;0.9842161;0.98426825;0.9843157;0.9843757;0.9844289;0.98447615;0.98452866;0.9845933;0.9846429;0.9846868;0.9847352;0.9847866;0.98482907;0.9848859;0.98493564;0.98499036;0.9850336;0.98507917;0.98512965;0.98517716;0.9852257;0.98527014;0.9853086;0.9853619;0.98527473;0.9853272;0.98537433;0.9854218;0.9854756;0.98552364;0.9855689;0.9856175;0.98565865;0.98569834;0.9857431;0.98579115;0.98583996;0.98588103;0.98592293;0.9859618;0.98600835;0.9860478;0.986091;0.98613507;0.986176;0.9862173;0.98626167;0.9862992;0.9863425;0.98638386;0.9864234;0.9864547;0.9864854;0.9865286;0.9862211;0.9862648;0.9863035;0.9863388;0.9863802;0.9864198;0.9864633;0.98650396;0.98654485;0.986583;0.9866179;0.9866561;0.9866937;0.98672897;0.9867621;0.9867986;0.9868343;0.98688054;0.98691916;0.98695666;0.98698777;0.987021;0.98705417;0.9870881;0.9871218;0.9871544;0.98719245;0.9872242;0.9872586;0.9872924;0.9873228;0.987362;0.9873975;0.9874345;0.98747;0.98750174;0.98753864;0.9875748;0.98761255;0.9876427;0.9876753;0.98770905;0.9877421;0.98777294;0.9877973;0.9878325;0.9878653;0.98789346;0.9879293;0.98795795;0.9879893;0.9880197;0.988054;0.98807806;0.9881064;0.9881378;0.9881639;0.98819304;0.98821694;0.988247;0.9882784;0.98831314;0.98834;0.9883675;0.9883972;0.9884252;0.98845494;0.98848975;0.9885165;0.9885421;0.9885676;0.98859257;0.9886178;0.9886426;0.9886661;0.98869246;0.9887187;0.98874587;0.9887726;0.98879987;0.98882556;0.9888526;0.98887914;0.98890764;0.9889322;0.9889601;0.9889854;0.98901033;0.98903847;0.9890672;0.98909104;0.9891154;0.9891391;0.9891643;0.9891893;0.9892156;0.9892463;0.98927104;0.9892966;0.989322;0.9893461;0.9893703;0.98939383;0.9894191;0.98944676;0.98947245;0.9894964;0.98952276;0.98954034;0.9895634;0.98958457;0.98960775;0.9896317;0.98965526;0.98967725;0.9896931;0.9897203;0.9897411;0.98976856;0.9897924;0.9898097;0.9898345;0.9898554;0.98987913;0.9898996;0.9899205;0.9899382;0.9899607;0.9899836;0.9900014;0.99001914;0.9900398;0.9900591;0.9900802;0.99010235;0.99012846;0.99015176;0.99017245;0.99019253;0.9902099;0.9902341;0.99025285;0.99027157;0.99029154;0.9903127;0.99033225;0.99035245;0.9903684;0.99038905;0.99041265;0.990432;0.99044675;0.99046314;0.990479;0.9904981;0.9905177;0.99054015;0.99055874;0.99057955;0.9906;0.9906189;0.990636;0.99065495;0.9906707;0.99069;0.99070877;0.990732;0.9907499;0.99076915;0.99078447;0.9908055;0.9908266;0.99084246;0.9908564;0.9908745;0.99089205;0.9909112;0.9909307;0.99095106;0.99097013;0.9909869;0.9910031;0.99102086;0.9910376;0.99105453;0.99107456;0.9910887;0.9911052;0.9911279;0.9911438;0.99115884;0.9911771;0.9911924;0.9912094;0.9912272;0.99124473;0.99126023;0.9912759;0.991292;0.99130905;0.9913258;0.9913408;0.99135935;0.99137515;0.991391;0.9914083;0.9914231;0.99143755;0.991453;0.99147105;0.99148643;0.99150085;0.99151754;0.9915341;0.991548;0.9915651;0.9915819;0.9915974;0.9916125;0.9916252;0.9916437;0.9916571;0.99166864;0.9916823;0.99169827;0.9917116;0.99172705;0.9917421;0.99175686;0.99176985;0.99178296;0.9917967;0.99181044;0.99182516;0.9918389;0.9918537;0.9918708;0.99188536;0.9918998;0.99191177;0.99192446;0.9919377;0.99195045;0.99196595;0.9919796;0.9919915;0.99200577;0.9920171;0.9920298;0.99204266;0.9920546;0.99207217;0.9920842;0.99209845;0.9921139;0.9921265;0.99213886;0.99215174;0.992167;0.9921803;0.9921926;0.99220467;0.99221915;0.992233;0.9922442;0.9922572;0.99226797;0.99228275;0.992295;0.99230766;0.992322;0.9923361;0.992347;0.99236083;0.99237084;0.9923849;0.99239826;0.99241143;0.9924234;0.9924362;0.99244875;0.9924606;0.99247193;0.9924836;0.9924966;0.9925069;0.99252063;0.9925345;0.9925451;0.9925558;0.99256855;0.99257946;0.9925909;0.9926019;0.9926148;0.9926275;0.9926399;0.99265164;0.9926627;0.99267316;0.9926843;0.9926962;0.9927075;0.9927184;0.9927306;0.9927403;0.9927508;0.9927629;0.9927759;0.9927853;0.99279594;0.9928076;0.9928187;0.99282986;0.99284214;0.9928511;0.99286157;0.9928731;0.9928832;0.992895;0.99290526;0.9929146;0.99292517;0.99293745;0.9929501;0.9929611;0.9929742;0.99298334;0.9929941;0.99300504;0.9930162;0.9930262;0.99303746;0.9930467;0.9930569;0.99306613;0.9930753;0.9930853;0.99307394;0.9930835;0.9930927;0.9931032;0.9931117;0.9931209;0.9931306;0.99313986;0.99315137;0.99316096;0.9931722;0.9931824;0.9931939;0.9932042;0.99321556;0.9932242;0.9932343;0.9932458;0.99325526;0.9932664;0.9932746;0.9932848;0.99329364;0.9933044;0.9933133;0.99332243;0.99333185;0.9933432;0.9933521;0.99334306;0.9933525;0.9933616;0.9933699;0.9933808;0.9933912;0.99339855;0.9934067;0.99341744;0.99342793;0.9934371;0.99344605;0.9934554;0.9934657;0.99347395;0.9934829;0.9934924;0.99349976;0.9935085;0.99351877;0.993527;0.9935355;0.99354523;0.9935549;0.9935637;0.99357164;0.9935805;0.99358827;0.99359524;0.9934245;0.9934351;0.9934437;0.9934517;0.9934609;0.9934701;0.9934803;0.99348944;0.9934983;0.9935074;0.9935158;0.99352366;0.9935329;0.99354327;0.9935546;0.99356365;0.993574;0.9935819;0.99358976;0.9935981;0.9936064;0.9936155;0.9936226;0.9936297;0.9936389;0.99364746;0.9936562;0.99366486;0.99367285;0.99368274;0.99369186;0.99370044;0.9937079;0.9937175;0.9937249;0.9937329;0.9937403;0.9937467;0.99375534;0.99376285;0.9937705;0.9937788;0.993788;0.9937955;0.99380267;0.9938105;0.9938181;0.9938249;0.99381584;0.99382436;0.9938318;0.99383956;0.99373025;0.9937381;0.9937458;0.99375397;0.9937625;0.9937693;0.9937767;0.9937842;0.99379224;0.9937992;0.9938075;0.99381524;0.99382246;0.9938314;0.9938396;0.9938479;0.9938564;0.9938634;0.9938713;0.9938787;0.99388576;0.9938927;0.99389845;0.9939049;0.99391174;0.99391973;0.9939282;0.99393654;0.9939441;0.9939521;0.9939602;0.9939675;0.99397457;0.99398303;0.99399;0.9939978;0.99400544;0.9940134;0.99402106;0.9940281;0.9940361;0.9940432;0.99405056;0.99405783;0.99406457;0.9940737;0.99408066;0.99408865;0.9940001;0.99400765;0.9940149;0.9940225;0.99402857;0.9940368;0.9940432;0.9940502;0.9940565;0.9940635;0.9940701;0.9940773;0.99408406;0.99409163;0.99409807;0.99410456;0.9941119;0.9941193;0.99412537;0.99413216;0.9941378;0.99414384;0.99415;0.9941571;0.9941639;0.99417156;0.9941774;0.994184;0.9941895;0.9941958;0.9942017;0.99420893;0.99421555;0.9942219;0.99422884;0.9942358;0.9942411;0.9942471;0.9942526;0.9942595;0.9942657;0.9942723;0.99427956;0.9942867;0.9942941;0.9943012;0.99430746;0.99431425;0.99432206;0.9943275;0.9943333;0.99433887;0.994345;0.99435246;0.99435914;0.99436474;0.9943712;0.99437654;0.9943825;0.9943873;0.9943938;0.9943996;0.99440694;0.9944122;0.99441785;0.9944232;0.994429;0.99443454;0.9944408;0.9944467;0.9944535;0.99445856;0.99446404;0.9944697;0.994476;0.9944824;0.99448824;0.9944961;0.99450314;0.99450916;0.9945151;0.9945212;0.9945265;0.9945323;0.99453795;0.99454415;0.9945503;0.9945276;0.99453366;0.99454;0.9945467;0.9945531;0.9945588;0.9945372;0.994543;0.9945495;0.99455464;0.9945613;0.9945665;0.9945735;0.99457943;0.99458516;0.9945912;0.9945975;0.99460363;0.99460983;0.99461466;0.9946208;0.99462545;0.9946309;0.99463624;0.9946419;0.99464756;0.99465287;0.9946587;0.9946646;0.99467015;0.994676;0.99468106;0.9946862;0.99469227;0.9946982;0.9947035;0.99470973;0.99471444;0.99472004;0.99472576;0.9947313;0.99473596;0.9947412;0.9947462;0.9947528;0.9947587;0.99476403;0.99476933;0.9947761;0.9947816;0.99478626;0.9947908;0.9947969;0.9948025;0.99480844;0.9948131;0.99481815;0.99482304;0.99482787;0.9948332;0.99483854;0.9948448;0.9948504;0.99485487;0.9948604;0.9948659;0.9948714;0.994876;0.9948812;0.99488664;0.9948918;0.99489635;0.99490106;0.9949058;0.9949105;0.9949157;0.99492174;0.9949279;0.99493307;0.9949379;0.9949429;
0.46341464;0.5769231;0.59166664;0.6257862;0.61577606;0.62839246;0.63669723;0.66450566;0.670537;0.677675;0.6889429;0.7012263;0.72119343;0.7308429;0.74574757;0.7483108;0.7568218;0.7692308;0.7701556;0.77808034;0.7856678;0.7949037;0.7997616;0.8076703;0.814876;0.82241017;0.8290946;0.83537483;0.84165883;0.84685504;0.8517865;0.8566553;0.86132896;0.86597526;0.8700347;0.87311745;0.876421;0.87981457;0.8828641;0.8857627;0.8891812;0.89229786;0.8946546;0.89691037;0.8989808;0.9010279;0.90346605;0.9055758;0.9075192;0.90921336;0.9107994;0.9126264;0.91431475;0.91577107;0.91721934;0.91871685;0.92025554;0.9215367;0.92283034;0.92415035;0.92531025;0.9265475;0.9277909;0.9288279;0.9286455;0.92966676;0.93099296;0.93181366;0.9329173;0.9338334;0.9348608;0.9356769;0.9365665;0.93737483;0.93826276;0.9390179;0.9398181;0.9408121;0.94163555;0.9423109;0.9429803;0.9437265;0.9443546;0.94496;0.94568133;0.9463673;0.9469627;0.9471681;0.947741;0.9479881;0.9483928;0.9489498;0.94831556;0.9481555;0.94865286;0.9480737;0.94864005;0.9490089;0.94948536;0.9499127;0.95037913;0.9509984;0.9515207;0.95192677;0.952472;0.9529278;0.95329326;0.9536761;0.95408666;0.9544511;0.9548863;0.9552758;0.9556902;0.9560763;0.956471;0.95685863;0.95678586;0.9571737;0.9575403;0.9577795;0.958121;0.9584341;0.9587921;0.9590909;0.95941156;0.959753;0.9600845;0.96042717;0.9607395;0.96103495;0.9613339;0.9616672;0.96194506;0.9622113;0.962459;0.96269983;0.9629521;0.9632332;0.9635135;0.9637862;0.9640616;0.9643127;0.9645636;0.964811;0.9651098;0.9653592;0.9655957;0.96583205;0.96603775;0.9662741;0.96650124;0.96669894;0.9669118;0.9671104;0.9672869;0.9674755;0.96767294;0.96786535;0.9680824;0.9682992;0.9685105;0.96870345;0.96886325;0.96902657;0.96919316;0.9693803;0.9695701;0.96976;0.96994036;0.9701493;0.97032267;0.9704918;0.9706499;0.97081304;0.97097445;0.9711868;0.97133976;0.97151256;0.97165567;0.97183096;0.9719917;0.9721629;0.9723158;0.972453;0.97258484;0.97273517;0.972878;0.9730366;0.9732029;0.97333896;0.9734793;0.97362363;0.9737773;0.97390044;0.9740456;0.9741979;0.9743137;0.9744422;0.9745626;0.9746954;0.9748369;0.9749884;0.9751086;0.975218;0.9753328;0.975437;0.9755498;0.97566473;0.9757754;0.97590977;0.97602737;0.9761499;0.97626376;0.976375;0.97648084;0.9765785;0.97667676;0.9767984;0.97690475;0.9770157;0.9771325;0.9772358;0.97733134;0.9774463;0.97754014;0.97764635;0.977749;0.9778546;0.97796047;0.9780488;0.97813135;0.97821575;0.9783145;0.97840863;0.9784983;0.9785969;0.97869223;0.9787855;0.97887325;0.97895086;0.97902447;0.9791195;0.9792148;0.9792809;0.97936684;0.9794543;0.97953546;0.97962487;0.9797036;0.97979474;0.9798786;0.9799523;0.9800454;0.9801126;0.9800828;0.98016804;0.98018616;0.9801647;0.979934;0.97991574;0.97998154;0.9800673;0.9801402;0.98020154;0.98027045;0.9803379;0.98042554;0.98049873;0.98056465;0.98063684;0.980719;0.9807938;0.98086053;0.9809361;0.9810056;0.9810791;0.98114115;0.9811974;0.9812668;0.9813303;0.98141104;0.98147535;0.98153484;0.9816009;0.9816639;0.9817213;0.9817826;0.98184687;0.9819032;0.9819658;0.98203456;0.98209953;0.98216;0.9822329;0.9822989;0.98237073;0.9824293;0.9824907;0.9825439;0.9826052;0.9826623;0.98267937;0.9827366;0.9827987;0.9828499;0.98291713;0.9829795;0.9830266;0.9830845;0.98313105;0.98318607;0.98323786;0.98329073;0.9833454;0.98339546;0.98344314;0.9834982;0.9835495;0.9836066;0.9836639;0.98371685;0.98377013;0.9836925;0.98362005;0.98367447;0.9836448;0.9836974;0.983376;0.9833853;0.98304194;0.9830161;0.983059;0.98307186;0.983086;0.9830589;0.9828694;0.98276544;0.9824126;0.9823009;0.981923;0.98178124;0.98172253;0.98150307;0.9812139;0.98108256;0.9809381;0.98053145;0.9803629;0.9800023;0.9799528;0.9798938;0.9797594;0.9797812;0.9796985;0.9794878;0.9794559;0.97932607;0.979355;0.979352;0.97940546;0.9794594;0.9795228;0.9795754;0.97962093;0.9796841;0.97975063;0.97981155;0.9798684;0.97991127;0.97993165;0.9798766;0.97993344;0.9799522;0.9799701;0.9800177;0.9800694;0.9801236;0.9801733;0.98022896;0.9802809;0.9801921;0.98024046;0.98028857;0.9803405;0.98039216;0.98044425;0.9804907;0.9805362;0.98057956;0.98062533;0.98067945;0.9807208;0.98076206;0.9808057;0.9808556;0.98090523;0.98095846;0.98101455;0.9808328;0.9808807;0.980934;0.9809858;0.9810367;0.98108107;0.9811259;0.98116857;0.9812191;0.9812633;0.9813133;0.9813564;0.98139924;0.9814414;0.9814815;0.9815274;0.98158133;0.9816332;0.9816783;0.9817174;0.9817558;0.9817974;0.9818395;0.98188245;0.9819184;0.9819605;0.9820051;0.98204625;0.98208994;0.98214173;0.98218995;0.98222744;0.9822714;0.9823102;0.9823499;0.9823932;0.98243034;0.98246956;0.9825107;0.98254734;0.9825881;0.98263025;0.98266596;0.9826973;0.98273736;0.9827762;0.9828128;0.98284674;0.9828876;0.98292327;0.98296684;0.98300314;0.9830393;0.9830818;0.9831112;0.98315036;0.9831903;0.98322177;0.9832599;0.9832906;0.9833207;0.9833589;0.9833979;0.9834362;0.9834763;0.9835138;0.98354733;0.9835822;0.98361593;0.9836556;0.98369366;0.9837237;0.9837614;0.9837949;0.9838296;0.98386323;0.9838977;0.98392475;0.9839647;0.984004;0.9840383;0.9840741;0.98410237;0.98413885;0.98417383;0.9842069;0.98424244;0.98427826;0.9843088;0.9843332;0.9843618;0.9843954;0.9844284;0.9844596;0.9844915;0.98452663;0.984562;0.9845968;0.9846327;0.9846655;0.9846958;0.98472756;0.9847588;0.98479146;0.9848245;0.98477656;0.98473364;0.9847613;0.9847969;0.98479855;0.98475355;0.98478454;0.98476654;0.9846912;0.9847206;0.9845458;0.98457414;0.9845013;0.9845356;0.98456883;0.98459804;0.98462164;0.9846487;0.9846808;0.9847131;0.9847444;0.98477185;0.9847995;0.9848298;0.98485917;0.9848831;0.98491305;0.98494023;0.98496956;0.98499054;0.9850182;0.9850513;0.98508424;0.985113;0.9851439;0.98517025;0.98519754;0.9852212;0.9852498;0.98527616;0.98530525;0.98532814;0.98518825;0.98521847;0.9852453;0.98527205;0.9852966;0.98532;0.98534507;0.9853743;0.98540515;0.9853078;0.9853317;0.98536074;0.98538303;0.98540944;0.98543817;0.98546606;0.9854918;0.9855165;0.9855397;0.98556244;0.98558587;0.98561317;0.9855201;0.9854074;0.9854295;0.9854502;0.98538464;0.98510855;0.98513305;0.9851119;0.9849768;0.98461324;0.9842898;0.9841277;0.98362947;0.98327076;0.98305124;0.9826922;0.98214936;0.9816145;0.9812802;0.980991;0.9801909;0.9796388;0.9794409;0.9787785;0.97832143;0.9781073;0.9777843;0.97741354;0.976846;0.9764187;0.9759028;0.97514;0.97414404;0.97332716;0.97274536;0.9715578;0.97070354;0.9702487;0.9699484;0.9697142;0.9695226;0.9695215;0.9695522;0.9696006;0.9696449;0.96961015;0.96966285;0.9697101;0.9697605;0.9698068;0.96986073;0.96990025;0.9699487;0.96999955;0.9700464;0.9700938;0.97014606;0.9701944;0.97024065;0.9702874;0.97033083;0.97037727;0.9704242;0.9704791;0.97052014;0.9705691;0.9706179;0.9706616;0.9707027;0.97074926;0.9707932;0.97083515;0.9708764;0.97092056;0.9709682;0.9710175;0.97106004;0.97110957;0.9711531;0.97119814;0.97124606;0.9712944;0.9713344;0.97137773;0.97142625;0.97146934;0.9715111;0.971554;0.971599;0.971645;0.97168684;0.97172576;0.97176164;0.97180545;0.9718474;0.9718898;0.9719253;0.9719669;0.97200114;0.97204196;0.9720821;0.972121;0.97215706;0.97219795;0.97223985;0.9722772;0.9723189;0.97235334;0.9723953;0.9724317;0.972468;0.9725081;0.9725517;0.972585;0.97262365;0.9726696;0.97271436;0.9727504;0.9727891;0.97282714;0.97285825;0.97289604;0.97293276;0.97297245;0.9730141;0.97304684;0.9730852;0.9731193;0.97316515;0.9732037;0.97324413;0.9732845;0.97331655;0.9733501;0.97339565;0.97343606;0.9734708;0.97350895;0.973538;0.9735729;0.9736108;0.97364956;0.9736822;0.9737178;0.9737528;0.9737857;0.9738215;0.9738625;0.9739015;0.97394186;0.9739268;0.9739718;0.9740099;0.9740445;0.9740752;0.97411007;0.97414684;0.9741801;0.9742148;0.9742512;0.9742951;0.97433037;0.9743665;0.97440106;0.9744398;0.9744387;0.97446895;0.9744977;0.97452724;0.9745637;0.9746;0.97462934;0.9746628;0.97469884;0.9747338;0.9746831;0.9747189;0.97468716;0.974617;0.97465324;0.9746867;0.9747268;0.97475916;0.9747937;0.9748294;0.97486013;0.9748908;0.9749245;0.97495854;0.9749965;0.97502816;0.9750619;0.9750982;0.9751309;0.97516704;0.9752004;0.97522765;0.97525656;0.97528756;0.97531766;0.97534764;0.9752549;0.9752832;0.97531694;0.9753545;0.975383;0.97541225;0.9754397;0.9754756;0.97550887;0.97554284;0.97557634;0.9756056;0.9756385;0.97567046;0.97570115;0.9757305;0.97576386;0.97579837;0.975832;0.9758606;0.9758912;0.975927;0.9759558;0.975989;0.976018;0.9760478;0.97607553;0.9761056;0.9760209;0.9760497;0.9760769;0.9761048;0.97613937;0.97616553;0.9761972;0.976224;0.9762528;0.9762842;0.97631556;0.97634876;0.97637796;0.9764036;0.97643656;0.9764675;0.9764945;0.976528;0.976556;0.97658926;0.97661906;0.9766457;0.9766723;0.9767007;0.9767302;0.97675663;0.976783;0.9768104;0.976837;0.97686684;0.9768952;0.976919;0.9769498;0.9769812;0.9770126;0.9770369;0.9770604;0.97709084;0.97711825;0.9771474;0.9771747;0.9772055;0.9772345;0.97724533;0.97727525;0.97730577;0.97732943;0.97735703;0.97738695;0.9774158;0.97744066;0.97746897;0.97749406;0.9775191;0.97754234;0.9775736;0.97760296;0.97762495;0.9776574;0.97767717;0.97770387;0.9777309;0.9777557;0.97778463;0.977807;0.97783405;0.9778138;0.9777668;0.97778803;0.97781163;0.9778365;0.97786;0.97788304;0.9779091;0.97793275;0.97795767;0.97797954;0.9779984;0.97802514;0.97805226;0.97807854;0.97810185;0.9781261;0.9781539;0.9781797;0.97821;0.978234;0.9782635;0.97828835;0.9783128;0.978334;0.97836095;0.97838396;0.97840565;0.9784234;0.97844595;0.97847587;0.97850186;0.9785287;0.9785498;0.9785759;0.9786007;0.9786279;0.97865164;0.97867465;0.9786995;0.97872907;0.97875535;0.9787835;0.97880715;0.9788317;0.9788596;0.9788856;0.9789032;0.97892356;0.9789469;0.9789672;0.9789889;0.97901154;0.9790332;0.9790566;0.9790785;0.9790994;0.97912204;0.9791477;0.9791676;0.9791892;0.9792114;0.9792308;0.9792553;0.97927976;0.97930145;0.97932637;0.9793512;0.97937363;0.9793981;0.9794154;0.979433;0.9794558;0.97947955;0.9795037;0.9795284;0.9795525;0.9795728;0.97959095;0.9796126;0.9796356;0.9796563;0.97967607;0.97969776;0.979722;0.9797462;0.97976637;0.9797857;0.97980547;0.97982746;0.97984606;0.979866;0.97988516;0.9799106;0.97993016;0.9799519;0.9799734;0.97999084;0.9800105;0.9800285;0.9800492;0.9800666;0.9800869;0.98010725;0.9801253;0.9801461;0.98017013;0.9801881;0.9802077;0.98022854;0.98024803;0.9802699;0.98028797;0.98031324;0.9803334;0.98035264;0.98037213;0.98039;0.9804145;0.9804371;0.980458;0.98047465;0.9804953;0.98051393;0.9805379;0.98055935;0.9805798;0.9805991;0.98061836;0.9806376;0.9806571;0.9806768;0.9806946;0.9807153;0.9807307;0.9807505;0.98073155;0.9807518;
0.63076925;0.6102941;0.5876777;0.60573477;0.63172805;0.6752941;0.71057886;0.74358976;0.770291;0.77868855;0.78686494;0.79157174;0.8004224;0.8128713;0.8207024;0.82978725;0.8361045;0.8446602;0.8478415;0.85534173;0.8626339;0.86819834;0.87398845;0.8790233;0.88323516;0.88692945;0.8917039;0.896042;0.89949286;0.90319717;0.9064779;0.9092423;0.9120968;0.91471046;0.91717327;0.91979396;0.9215545;0.9239888;0.9257746;0.92757475;0.9293126;0.93101263;0.9327368;0.93411905;0.9356363;0.9372481;0.93847024;0.93972903;0.9409854;0.9422975;0.9433325;0.94438773;0.94552726;0.94663405;0.9475078;0.94834125;0.94920784;0.9499426;0.95082337;0.9516522;0.9523705;0.95311826;0.9538917;0.95458335;0.9551256;0.95570904;0.95632136;0.95707816;0.95758754;0.95822954;0.95883685;0.9593814;0.9600513;0.96020263;0.95937276;0.9599227;0.9597432;0.9592466;0.95924926;0.9595385;0.9589109;0.95869386;0.959187;0.9596684;0.96015745;0.96067154;0.96109486;0.96160847;0.9620576;0.96252406;0.9629032;0.9632748;0.9637016;0.96407783;0.9643612;0.9647042;0.965089;0.9653946;0.96572745;0.96608126;0.96640104;0.9667237;0.96708304;0.96736324;0.9676429;0.96800303;0.9682997;0.96857923;0.968873;0.96917266;0.96945184;0.9696861;0.96997035;0.9701932;0.9704715;0.9707006;0.9709496;0.9711812;0.97142214;0.97165585;0.97190136;0.97213656;0.97234064;0.97253585;0.9727371;0.9729585;0.97299016;0.9731946;0.9734154;0.97363794;0.97383004;0.97409326;0.974245;0.97444123;0.97459906;0.9747625;0.9749632;0.9751389;0.9753146;0.975476;0.9756051;0.97577655;0.9759706;0.9761348;0.9762967;0.9764977;0.9766804;0.9768329;0.97699386;0.97712594;0.9772869;0.97743565;0.97757846;0.9777448;0.97789145;0.9780532;0.9781921;0.97832185;0.9784519;0.97861457;0.9787358;0.9788557;0.97898465;0.97911036;0.979243;0.9793706;0.97947687;0.9796049;0.9797233;0.97984666;0.9799607;0.980089;0.98020184;0.9802998;0.9804253;0.98054326;0.9806716;0.98078805;0.98088884;0.9810056;0.9811055;0.98121965;0.98131865;0.9814167;0.98152846;0.9816415;0.98173875;0.98183113;0.9819162;0.9820068;0.9821115;0.98217654;0.98225963;0.9823529;0.9824404;0.9825342;0.9826259;0.9827247;0.98282367;0.98290884;0.9829841;0.9830756;0.9831583;0.9831756;0.9832384;0.9833116;0.9833842;0.98346466;0.98354965;0.9836338;0.9837109;0.98378414;0.9838598;0.9839418;0.984019;0.9840806;0.9841545;0.984217;0.9842868;0.9843607;0.98444337;0.9845149;0.98458946;0.9846624;0.98473376;0.98481345;0.9848807;0.9849465;0.985024;0.98509026;0.98515165;0.9852066;0.9852628;0.98533034;0.9853981;0.98540765;0.98547447;0.9855301;0.98559016;0.9854296;0.9854404;0.9851647;0.98466206;0.98455703;0.9843451;0.98440737;0.98435545;0.9840411;0.9839483;0.9840077;0.98390377;0.9837602;0.9838265;0.9838948;0.98396593;0.9840222;0.9840822;0.98414594;0.98420095;0.984267;0.9843333;0.98428625;0.9843447;0.9844012;0.9844612;0.9844191;0.9844229;0.9844728;0.9845317;0.98429656;0.9838143;0.983723;0.9836323;0.9835993;0.9836697;0.9831101;0.9829845;0.9830443;0.98207265;0.9818938;0.98183805;0.98180354;0.98180443;0.981587;0.9812764;0.9813403;0.981396;0.9814574;0.9815081;0.98156786;0.98162645;0.9816821;0.98173994;0.98179996;0.9818653;0.9819269;0.9819856;0.9820521;0.9821124;0.98217076;0.98223037;0.98229104;0.98234904;0.98240817;0.98247004;0.98252225;0.98258173;0.9826386;0.98268753;0.98274446;0.98279804;0.98284537;0.9829005;0.982948;0.9829952;0.9830494;0.9831118;0.9831773;0.98323387;0.98329216;0.9833417;0.9833909;0.98344606;0.98349464;0.9835484;0.9835978;0.98364687;0.98369634;0.98374546;0.9837996;0.9838494;0.98389375;0.9839495;0.98400414;0.98404574;0.9840941;0.9841421;0.98418736;0.9842374;0.9842876;0.9843345;0.98438233;0.9844305;0.98448014;0.9845241;0.98456776;0.9846172;0.9846627;0.98470503;0.98475003;0.9847849;0.9848243;0.9848697;0.9849166;0.9849559;0.9850045;0.9850439;0.9850836;0.9851225;0.98516893;0.98521125;0.98525715;0.9853017;0.98533684;0.9853782;0.9854156;0.9854576;0.98549515;0.9855377;0.9855837;0.9856232;0.9856578;0.9856902;0.98572147;0.9857541;0.98580426;0.98541415;0.9853764;0.985304;0.98506147;0.984898;0.9849387;0.98497814;0.9850148;0.9850523;0.9850953;0.98510146;0.98506844;0.9850022;0.9850045;0.98486817;0.9847005;0.9847328;0.9845056;0.98450744;0.98447806;0.9841473;0.9840528;0.9840956;0.98413336;0.9841715;0.984146;0.98408324;0.98402387;0.98395634;0.98386514;0.983776;0.98371583;0.98362106;0.98366064;0.98370063;0.9835804;0.9835209;0.9834676;0.98343986;0.98345405;0.98348755;0.98352987;0.98356724;0.98360234;0.98364985;0.98368514;0.98372024;0.9837568;0.98379624;0.983836;0.98387957;0.9839169;0.9838604;0.98389506;0.9838419;0.98388547;0.98386645;0.9837496;0.9837926;0.9837997;0.98367786;0.98349583;0.9832307;0.9828667;0.98262876;0.9823727;0.9820473;0.9818105;0.98110026;0.980338;0.9793388;0.9785823;0.977795;0.97672343;0.97541225;0.97438323;0.9732546;0.9723139;0.9711188;0.9695415;0.9683296;0.96747375;0.9665289;0.9656755;0.9652943;0.96476406;0.96397436;0.9633268;0.9625701;0.9623637;0.9617047;0.96077985;0.9603213;0.9595497;0.95839244;0.9576341;0.9566998;0.95573026;0.9547154;0.95346814;0.9525382;0.9513782;0.9509618;0.95037985;0.9494501;0.94865185;0.9481166;0.9475326;0.9469826;0.9464364;0.9457783;0.94542116;0.94472075;0.944452;0.9441573;0.94325334;0.9431187;0.9427158;0.9417413;0.94150585;0.9410121;0.9405378;0.9398796;0.9392556;0.9383512;0.9377146;0.9372028;0.9367246;0.9363639;0.9355708;0.93490577;0.9344465;0.93401545;0.93368065;0.93357724;0.93312466;0.9327832;0.93253464;0.93218845;0.9320682;0.93199795;0.9317097;0.931649;0.9314547;0.93130165;0.9309479;0.9303972;0.92979014;0.92926955;0.9286386;0.92826706;0.9276023;0.92702335;0.9267364;0.9266249;0.9265995;0.9265731;0.92651623;0.9261599;0.9256794;0.9252432;0.9244346;0.92392516;0.923524;0.9231301;0.9225611;0.92182386;0.92066026;0.92017066;0.9197954;0.91943127;0.9190554;0.9185755;0.9178129;0.9169011;0.91618025;0.91494864;0.9138418;0.9134057;0.9126337;0.9116715;0.91090035;0.91011906;0.9089347;0.9078653;0.90737;0.90671444;0.90593815;0.90520364;0.90415555;0.90337574;0.90250504;0.90187556;0.9013744;0.9005058;0.89998364;0.89935595;0.8982743;0.8972308;0.89607465;0.8951527;0.8939285;0.892947;0.89174116;0.8910543;0.89029294;0.88964313;0.88866246;0.88722837;0.885797;0.88452953;0.8830041;0.8817536;0.8805727;0.879184;0.8781358;0.87692446;0.8758074;0.8742868;0.8728414;0.8716525;0.8703066;0.86912173;0.86761725;0.8663701;0.86542434;0.8641242;0.8629852;0.8618212;0.86047024;0.85917634;0.8579317;0.8568605;0.85562694;0.85438144;0.8529251;0.851548;0.85015684;0.8489733;0.8477378;0.8463223;0.8451311;0.843925;0.84254044;0.84132355;0.8399656;0.8385579;0.837137;0.8356493;0.83439875;0.8328496;0.83176696;0.8302806;0.8289756;0.82756937;0.8261505;0.8246667;0.82329243;0.8219054;0.82064384;0.81935173;0.81809795;0.8169336;0.81567013;0.81430864;0.81318885;0.81166685;0.8102514;0.8089415;0.80788654;0.8064843;0.8051699;0.8041745;0.8029667;0.8019438;0.80066055;0.79946333;0.7983676;0.7970633;0.79592544;0.79469377;0.7935304;0.7925314;0.79140645;0.7900607;0.7889109;0.78760546;0.786542;0.7853234;0.78406125;0.7827561;0.7815648;0.7804551;0.77930194;0.7779971;0.776913;0.7758165;0.77455395;0.7733109;0.7721329;0.77092797;0.76981795;0.7686051;0.7674263;0.76623607;0.7651545;0.7640909;0.7629706;0.7617793;0.76071024;0.7595851;0.758419;0.75730056;0.7561708;0.7552197;0.75409615;0.7529759;0.75183004;0.75057214;0.7496207;0.7486238;0.74753416;0.74679595;0.74587923;0.74499446;0.7443831;0.74354976;0.74298894;0.7424909;0.7419996;0.74169266;0.741704;0.74148273;0.741696;0.7416982;0.74191123;0.74215275;0.742462;0.7428042;0.74313587;0.743438;0.74377286;0.74410206;0.7445112;0.744829;0.74513185;0.74548584;0.7458154;0.7461534;0.74649054;0.7468035;0.7471482;0.7474827;0.7478672;0.74826443;0.7485638;0.7488946;0.74930227;0.7496402;0.75000453;0.7503315;0.75066674;0.75105065;0.7513569;0.75175214;0.75203884;0.7523605;0.75271255;0.7530281;0.75333834;0.7536567;0.75402707;0.75434804;0.7547207;0.7549787;0.75531024;0.7556539;0.75595766;0.756265;0.7565672;0.75686866;0.75718653;0.7575164;0.757807;0.7581565;0.7584795;0.7587678;0.759068;0.7593802;0.7597126;0.76002306;0.7603202;0.7605624;0.7608915;0.76122385;0.7614808;0.7617702;0.762063;0.7623798;0.7626589;0.7629291;0.7632395;0.7635369;0.7638619;0.76414156;0.76442456;0.7647633;0.7650488;0.7653457;0.7656058;0.7659531;0.76628345;0.76659703;0.76689;0.7671941;0.76749736;0.7677645;0.768078;0.7683556;0.76863635;0.7689514;0.7692269;0.76947075;0.76975656;0.77004933;0.770303;0.7705715;0.77088124;0.77115214;0.7714756;0.7717716;0.7720253;0.7723048;0.7726137;0.772873;0.7731392;0.77343094;0.7737331;0.7740047;0.7742905;0.7745777;0.7747993;0.7750978;0.7753147;0.77560085;0.7758826;0.7761053;0.7763967;0.7766438;0.7769121;0.7771508;0.7772342;0.77747035;0.7777275;0.77802163;0.7782471;0.7785364;0.77877855;0.77902025;0.7793039;0.7795586;0.77979857;0.7800521;0.7803261;0.78058195;0.78077936;0.78104454;0.7812545;0.7815011;0.781768;0.7820135;0.7822619;0.78250974;0.782757;0.783055;0.7833113;0.7835874;0.7838424;0.7839835;0.78426117;0.78455496;0.78479075;0.7850092;0.7852507;0.78553176;0.78578544;0.7860485;0.7862843;0.78651303;0.786728;0.78698546;0.7872587;0.7875509;0.78783584;0.7880645;0.78829914;0.78853655;0.7887767;0.78902274;0.78921014;0.7894552;0.78966105;0.789873;0.7901261;0.7903913;0.79066867;0.79091984;0.79117364;0.79136354;0.791591;0.7917896;0.79203176;0.79227656;0.7925271;0.7927457;0.79299194;0.7931879;0.7933773;0.7936127;0.7938785;0.79415286;0.79434353;0.7946197;0.7948523;0.7950417;0.7952825;0.7955561;0.79576546;0.7960106;0.7962168;0.7964518;0.79667723;0.7969082;0.7970709;0.79726803;0.7974559;0.7976731;0.7979343;0.7981446;0.79837507;0.7985873;0.7988286;0.7990458;0.79926836;0.79943204;0.7996159;0.79987216;0.8000813;0.80036527;0.8005792;0.80079263;0.8010113;0.8012411;0.8014703;0.80169606;0.8019071;0.8021007;0.802274;0.80247533;0.80267626;0.80285984;0.8030881;0.80325973;0.80346465;0.80366635;0.8039291;0.8041494;0.8043386;0.8045496;0.8047657;0.80495644;0.8051551;0.8053671;0.8055485;0.80573773;0.8059403;0.8061479;0.8063414;0.8064892;0.8066897;0.8068951;0.8071222;0.80731905;0.80751556;0.8076794;0.8078805;0.8080518;0.8082762;0.8085027;0.80867016;0.80885595;0.8090493;0.809274;0.8094744;0.809656;0.8097801;0.809948;0.81011945;0.81029713;0.81048495;0.81071913;0.81092167;0.8111237;0.81130475;0.8115215;0.8117403;0.81191754;0.8121124;0.81229657;0.81246257;0.8126563;0.81284964;0.8130121;0.8132123;0.8133691;0.81357604;0.8137574;0.813956;0.81406826;0.8142686;0.8144366;0.8146386;0.8148327;0.81500906;
0.5466667;0.537931;0.5520362;0.5218855;0.48459384;0.4965358;0.49407116;0.5255973;0.53996986;0.5567715;0.5750315;0.5825688;0.5901814;0.5930693;0.6073733;0.61962134;0.6397718;0.6592988;0.6752688;0.6894198;0.6999348;0.7119901;0.7204045;0.72940505;0.7402174;0.7494759;0.7576065;0.7615536;0.7708628;0.7765134;0.78464913;0.79023355;0.7904959;0.7957634;0.80085236;0.8048048;0.8086352;0.8118318;0.81701833;0.81943977;0.8243199;0.8283248;0.8318196;0.8331803;0.8332337;0.83474946;0.8357062;0.83869165;0.8413964;0.8447255;0.84548795;0.8469833;0.84950846;0.85195255;0.85447943;0.85721076;0.85950994;0.86205316;0.8642003;0.8664596;0.86850154;0.87075996;0.8725116;0.87445253;0.8765635;0.877551;0.87947494;0.8812696;0.88247824;0.8828244;0.8842758;0.8856082;0.8862385;0.88780314;0.8892066;0.89059466;0.89219266;0.89367175;0.8949153;0.8965287;0.89779097;0.89905566;0.90020925;0.90143085;0.9025157;0.90353197;0.90457135;0.90557414;0.9065984;0.90742123;0.9085681;0.90948904;0.91061133;0.91158015;0.91274977;0.91356474;0.9144119;0.9152774;0.9150088;0.9151474;0.9159809;0.9168309;0.9176746;0.918312;0.91890854;0.91977185;0.9205572;0.9212099;0.92195785;0.9226256;0.92350453;0.9242007;0.92494667;0.9257565;0.92630965;0.9270065;0.9276075;0.928158;0.9286117;0.92913914;0.9296354;0.930171;0.930797;0.9313375;0.93196476;0.9324007;0.9329804;0.93351537;0.9340831;0.93453306;0.9350236;0.9355266;0.9360606;0.9365286;0.9366799;0.93711126;0.937598;0.93804705;0.93853724;0.9390256;0.93948317;0.9398546;0.9402775;0.9406945;0.94106764;0.9415328;0.9419061;0.9422798;0.9426333;0.943064;0.9433929;0.9437627;0.9437434;0.94411075;0.94444925;0.94479793;0.94511884;0.94548696;0.9458228;0.94614094;0.9464241;0.94673085;0.94700783;0.9473425;0.94768155;0.9479867;0.9483092;0.9486523;0.9489788;0.94926506;0.9495402;0.9498281;0.94996893;0.9502087;0.9505072;0.9507871;0.9510266;0.95133376;0.9515753;0.95183605;0.9520976;0.95234925;0.9525843;0.95284814;0.9530852;0.9533367;0.95358557;0.9538252;0.9540492;0.9543003;0.9545551;0.95478797;0.9549996;0.9552094;0.9554418;0.95568705;0.9558753;0.95589036;0.9561237;0.95634276;0.9565451;0.95677155;0.9569499;0.95715797;0.9574146;0.95762104;0.95781994;0.9580578;0.95829844;0.9584964;0.95869774;0.958905;0.95915663;0.95936185;0.9595726;0.9597862;0.9600074;0.9601797;0.9603918;0.9605608;0.96074027;0.9609205;0.9610874;0.9612691;0.9614376;0.9615453;0.96171796;0.961907;0.9621008;0.96225977;0.9624239;0.96259093;0.96275437;0.9628781;0.96299046;0.96310633;0.96327156;0.9634312;0.9635443;0.96371174;0.9638393;0.96396995;0.96412754;0.96427983;0.96442884;0.96455145;0.9646943;0.96484184;0.96498054;0.965105;0.9652267;0.9653624;0.9655007;0.96563244;0.96577764;0.965927;0.96607506;0.9661866;0.96630263;0.9664249;0.9665548;0.9666838;0.96683216;0.96695226;0.9670882;0.9672065;0.9673354;0.9674634;0.96755946;0.9676744;0.96777725;0.9679097;0.9680458;0.96815884;0.9682726;0.9683887;0.9685192;0.9686472;0.96876657;0.9688686;0.9689759;0.9690825;0.96919566;0.9693065;0.96940076;0.96949726;0.96959317;0.96969557;0.96978456;0.96989965;0.9699944;0.97012997;0.97022194;0.97032964;0.97043794;0.97053474;0.97064286;0.97075945;0.97086066;0.97095215;0.9710391;0.9710545;0.9711509;0.9712415;0.9713303;0.9714286;0.97151744;0.97160953;0.97168005;0.9717649;0.9718285;0.9719113;0.9719815;0.9720646;0.9721472;0.9722258;0.97231215;0.9724038;0.97247046;0.9725599;0.9726512;0.97273946;0.9728113;0.9729054;0.972982;0.9730682;0.97314274;0.973229;0.9733114;0.9734075;0.97348887;0.9735622;0.9736458;0.9737076;0.97379035;0.9738809;0.9739531;0.97403324;0.97410977;0.97417355;0.97425133;0.9743225;0.9743933;0.97446173;0.9745288;0.9746044;0.9746855;0.97476417;0.97483253;0.9749083;0.9749788;0.9750413;0.97512054;0.9751984;0.97527575;0.97535264;0.97542256;0.97549295;0.9755676;0.975639;0.9757127;0.97576976;0.9758346;0.97590095;0.975966;0.9760245;0.9760906;0.9761634;0.9762418;0.9763068;0.97636795;0.9764433;0.9765029;0.9765656;0.9766372;0.9767142;0.97677326;0.9768395;0.976893;0.9769528;0.9770115;0.97707474;0.9771288;0.977193;0.9772536;0.9773124;0.9773724;0.97743213;0.9774853;0.97753817;0.977597;0.9776563;0.97771835;0.977777;0.97783536;0.97790015;0.9779661;0.978019;0.9780746;0.9781285;0.9781784;0.9782317;0.9782819;0.97833765;0.9784017;0.9784633;0.9785117;0.978562;0.9786135;0.97867453;0.9787262;0.97878313;0.9788391;0.97888994;0.97893375;0.9789746;0.97903156;0.9790829;0.9791319;0.9791753;0.9792239;0.9792697;0.9793178;0.97937685;0.9794271;0.9794739;0.9795237;0.9795758;0.9796219;0.9796729;0.979723;0.9797741;0.97982305;0.9798724;0.9799122;0.97995496;0.97999936;0.9800497;0.98010105;0.98014057;0.98018354;0.9802281;0.98028034;0.98033226;0.980378;0.98041934;0.9804588;0.9804998;0.9805494;0.9806022;0.9806415;0.98068696;0.98067635;0.9807186;0.98069316;0.98073524;0.9807794;0.98082167;0.98086655;0.9809046;0.9809435;0.9809801;0.9810242;0.9810676;0.9811103;0.9811544;0.98119336;0.98123384;0.9812742;0.98131853;0.9813569;0.9813983;0.9814347;0.98147887;0.98151916;0.98147106;0.98151433;0.98155844;0.98159564;0.9816342;0.9816747;0.98171395;0.9817515;0.98178947;0.9818317;0.9818699;0.9819098;0.9819456;0.9819837;0.98201823;0.98205656;0.98209417;0.9821307;0.98216707;0.98219365;0.9822245;0.98225856;0.9823011;0.9823354;0.98236996;0.9824045;0.982436;0.98247343;0.982508;0.9825424;0.9825794;0.9826172;0.98265207;0.98268867;0.9826938;0.98271966;0.98275185;0.9827956;0.9828266;0.9828588;0.98288774;0.9829171;0.98294896;0.98298204;0.983015;0.9830487;0.9830809;0.9831165;0.98314935;0.9831791;0.98321044;0.98323995;0.98326766;0.9832991;0.98332953;0.98336154;0.9833935;0.98342276;0.98344904;0.9834819;0.9835154;0.98354834;0.9835812;0.9836131;0.9836477;0.98367167;0.9837028;0.9837358;0.9837691;0.9837991;0.9838373;0.9838674;0.98389506;0.9839218;0.9839426;0.9839735;0.9839996;0.98402834;0.9840558;0.98408747;0.9841166;0.984148;0.9841797;0.9842089;0.9842365;0.9842659;0.98430043;0.98433;0.984359;0.98438317;0.984415;0.9844459;0.98447126;0.98449796;0.9845278;0.984554;0.9845837;0.9846089;0.98463625;0.9846645;0.98469555;0.9847222;0.9847505;0.98477733;0.98480755;0.98483694;0.9848614;0.9848871;0.9849152;0.9849397;0.9849686;0.98499465;0.98502743;0.9850492;0.9850777;0.98510337;0.98513126;0.98516047;0.98518384;0.9852088;0.9852344;0.98523974;0.98526716;0.9852908;0.98531675;0.98533505;0.9853624;0.9853858;0.98540777;0.9854297;0.9854519;0.9854766;0.98549575;0.98552316;0.9855473;0.9855704;0.98559815;0.9856211;0.9856452;0.98566675;0.98569286;0.98571616;0.985739;0.98576057;0.9857852;0.98580813;0.98583406;0.98585534;0.98587537;0.9858983;0.985923;0.9859467;0.9859692;0.9859939;0.986018;0.9860408;0.98606324;0.9860888;0.9861108;0.9861289;0.9861525;0.9861764;0.98619926;0.98622143;0.986243;0.9862651;0.9862877;0.9863068;0.9863261;0.98634905;0.98636854;0.9863905;0.9864079;0.9864311;0.9864554;0.9864798;0.98650086;0.9865252;0.9865458;0.98656553;0.98658663;0.9866068;0.98663175;0.9866521;0.9866715;0.98668957;0.98670703;0.98672813;0.98674417;0.9867612;0.9867814;0.9868002;0.9868208;0.98678327;0.9868025;0.9868227;0.9867022;0.98664176;0.9865636;0.9864849;0.9862091;0.9860711;0.9858772;0.98590165;0.9859028;0.98580474;0.98580325;0.9858279;0.98565376;0.9855355;0.9851914;0.98486495;0.98475003;0.9845224;0.98440737;0.98410463;0.98409086;0.9839008;0.9837289;0.9836714;0.983388;0.9833934;0.98335946;0.9831195;0.9828931;0.98253435;0.98232734;0.98201364;0.981512;0.9812514;0.98097867;0.9808008;0.9805234;0.98030615;0.9802985;0.98015696;0.98008776;0.9800565;0.98004377;0.9798674;0.97939354;0.979311;0.97905976;0.9790305;0.9786311;0.9783958;0.9778378;0.977219;0.9770488;0.9768577;0.97677714;0.9767895;0.9766695;0.9765588;0.9764475;0.9762366;0.9761948;0.97611845;0.9761129;0.97574323;0.97548884;0.97521216;0.97505933;0.974953;0.97484654;0.9746619;0.97438806;0.9742206;0.973767;0.973313;0.97313136;0.9726373;0.9722947;0.9719396;0.9714856;0.97118753;0.97094625;0.9706133;0.97029895;0.9699345;0.9697982;0.96933174;0.9692275;0.968695;0.9683354;0.96812975;0.96785617;0.967612;0.9673094;0.9670333;0.9669456;0.9666371;0.9664238;0.9662071;0.966032;0.96600276;0.9659407;0.9659152;0.96581656;0.96585953;0.9658864;0.9658509;0.9658707;0.9658797;0.9658396;0.9658038;0.9658105;0.9657666;0.9657974;0.96575713;0.965768;0.96564245;0.96561193;0.96545655;0.9654263;0.9653519;0.9653998;0.96543074;0.96542156;0.96541995;0.96546286;0.96550626;0.965553;0.9656054;0.9656513;0.9656896;0.9657353;0.96578085;0.9658263;0.96586823;0.9658575;0.96590215;0.96594775;0.9659552;0.9659967;0.9660359;0.9660766;0.9661145;0.9661617;0.9662083;0.9662486;0.96628606;0.966329;0.9663816;0.966421;0.9664679;0.9665071;0.96654403;0.96658736;0.9666246;0.96666235;0.9667027;0.96674347;0.96678257;0.9668263;0.9668705;0.96691513;0.96694905;0.9669839;0.96702033;0.9670624;0.9671065;0.9671447;0.9671865;0.9672256;0.96726096;0.96729726;0.96733403;0.96737015;0.9674062;0.9674316;0.9674711;0.96751153;0.9675508;0.9675906;0.9676251;0.9676631;0.9676975;0.96767336;0.9677122;0.9676554;0.96763194;0.96756136;0.9675971;0.96758527;0.96754396;0.9674758;0.967511;0.9675461;0.9675817;0.96762115;0.96766347;0.96769583;0.96772856;0.9677642;0.9678008;0.9678338;0.9678707;0.96790653;0.9679413;0.9679784;0.96801305;0.96805;0.9680874;0.968128;0.96816427;0.9682004;0.96823406;0.96826524;0.96830064;0.9683351;0.9683703;0.9684065;0.9684468;0.9684823;0.96852624;0.96856153;0.96860474;0.96863616;0.9686736;0.96871465;0.9687467;0.9687816;0.96881634;0.9688482;0.9688782;0.96891415;0.9689486;0.96898025;0.96901685;0.96904784;0.9690802;0.96911883;0.9691578;0.9691926;0.9692256;0.9692625;0.96929306;0.96932936;0.96936065;0.9693897;0.96942043;0.96945155;0.9694804;0.9695163;0.969545;0.9695811;0.96961504;0.96964926;0.96968514;0.96971357;0.96975064;0.9697815;0.96981364;0.96984226;0.9698682;0.96989757;0.9698752;0.9699131;0.96994275;0.9699468;0.96992534;0.969938;0.9699679;0.97000325;0.9700279;0.9700589;0.970092;0.9701263;0.97015494;0.97018695;0.97021806;0.9702529;0.97028005;0.9703101;0.97034264;0.97037214;0.97039956;0.9704302;0.9704616;0.97049254;0.9705193;0.97055095;0.9705846;0.9706173;0.970645;0.9706752;0.97070485;0.9707365;0.9707632;0.9707907;0.9708201;0.9708495;0.9708769;0.9709045;0.97090346;0.9709346;0.97095656;0.97097;0.9710054;0.97098553;0.9709578;0.9707943;0.9707797;0.9707619;0.9706319;0.9706106;0.97056866;0.97056985;0.97054034;0.9705699;0.97058785;0.9705954;0.9705596;0.97049373;0.97046727;0.9702697;0.9701509;0.97002006;0.9698345;0.9698014;0.96959466;0.9694138;0.96934927;0.96931034;
0.46969697;0.4172662;0.4857143;0.5191638;0.55172414;0.5612009;0.596;0.61139894;0.63414633;0.65217394;0.6658416;0.68022597;0.685744;0.6940949;0.7047101;0.720339;0.7378872;0.75261587;0.7664079;0.7777778;0.7877238;0.79987943;0.8079815;0.8170799;0.824617;0.8321537;0.83828545;0.8439116;0.84881604;0.8533569;0.85463125;0.858396;0.8628086;0.8666929;0.8696154;0.87355465;0.876951;0.88033885;0.8829824;0.8860887;0.88833994;0.8914505;0.8937304;0.89598036;0.8981676;0.9006448;0.9031705;0.90509516;0.9070978;0.908871;0.9109535;0.91283107;0.91439396;0.91610986;0.9175383;0.91915095;0.9208868;0.92212266;0.9235626;0.9243567;0.92580503;0.92676115;0.92795265;0.9290913;0.9303086;0.93137455;0.93247527;0.93343747;0.9343978;0.9353064;0.9362974;0.93718916;0.9380563;0.93887794;0.93959254;0.9404263;0.94126767;0.9420659;0.9427756;0.94343066;0.94410753;0.9447773;0.9453701;0.9460101;0.94663537;0.9471809;0.94775546;0.9482785;0.94887555;0.94944406;0.94997066;0.9505295;0.951069;0.9516723;0.9521806;0.9527962;0.95328766;0.9537376;0.9541851;0.9546904;0.955167;0.95555264;0.95595455;0.95637155;0.9567643;0.95716083;0.95753956;0.9578856;0.95830274;0.95870674;0.95906365;0.95941925;0.9597688;0.96008897;0.9604958;0.9608226;0.96114403;0.96148634;0.9617927;0.96211535;0.9624491;0.9627241;0.96302724;0.9633373;0.9635956;0.9638886;0.96422577;0.96454567;0.9648054;0.96508294;0.96533495;0.96560764;0.9659443;0.96616054;0.96638405;0.966621;0.96684813;0.96712303;0.9673934;0.9676348;0.9678302;0.96804124;0.96824956;0.96847266;0.96866095;0.968867;0.9691319;0.96934557;0.9695291;0.96971583;0.96991616;0.97013223;0.97014534;0.9703467;0.97053266;0.9707313;0.9709199;0.9710841;0.97128505;0.9714761;0.9716271;0.9718113;0.9719115;0.9720847;0.9722267;0.97240275;0.9725678;0.9727071;0.97284925;0.9730323;0.97318363;0.9733313;0.97349566;0.9736439;0.9737885;0.9739315;0.97406906;0.97421485;0.97438186;0.9745393;0.97468543;0.9748225;0.9749618;0.97509414;0.97521794;0.9753617;0.97550905;0.97565633;0.97577125;0.97590363;0.9760396;0.9761575;0.97629386;0.9764271;0.976546;0.976659;0.9767709;0.976905;0.9770376;0.9771565;0.9772547;0.97736394;0.9774825;0.97761;0.97773176;0.9778365;0.97795296;0.97806543;0.9781518;0.9782636;0.97837704;0.9784852;0.9785803;0.97866666;0.9787746;0.9788698;0.97895896;0.9790563;0.97914773;0.97924334;0.9793418;0.97945166;0.9795445;0.9796317;0.979711;0.97979444;0.9798901;0.97998834;0.98008454;0.98017406;0.9802639;0.98035187;0.98043674;0.98051435;0.98060006;0.980672;0.9807585;0.9808271;0.9806881;0.9807692;0.98083806;0.98085994;0.98077345;0.9808048;0.98088276;0.98054117;0.9804721;0.98049694;0.98035145;0.98021746;0.9802545;0.9803313;0.98019385;0.97971314;0.9796406;0.9794198;0.97923535;0.9789517;0.9784633;0.97757393;0.9775013;0.97727275;0.97639346;0.97628975;0.9755402;0.975369;0.9750609;0.9747142;0.9743501;0.9742947;0.9737654;0.9736226;0.9735347;0.97339267;0.97335327;0.9732623;0.9733646;0.9734083;0.97318465;0.9727161;0.9725872;0.97244906;0.9723041;0.97193867;0.97194874;0.9718831;0.9719394;0.9719991;0.9720609;0.9721602;0.9720797;0.9721808;0.972132;0.972176;0.9721201;0.97204983;0.9721406;0.9722444;0.97235227;0.9724605;0.9725523;0.9726375;0.9727197;0.9728181;0.9729098;0.97299165;0.9730787;0.97316414;0.973249;0.9733197;0.97340244;0.9734791;0.97357535;0.9736554;0.9737625;0.9738469;0.9739243;0.97401303;0.97409797;0.97417814;0.9742556;0.97435164;0.9743108;0.97423375;0.9743121;0.9743538;0.97427315;0.9742332;0.97407645;0.9740446;0.9740844;0.97411364;0.97416115;0.97423553;0.9743045;0.974364;0.9744403;0.97450316;0.9745677;0.97465163;0.9747252;0.97480416;0.974873;0.97495395;0.97503537;0.9751134;0.97518146;0.975253;0.9753138;0.9753799;0.97543544;0.9755027;0.9755012;0.97557336;0.9756542;0.9757255;0.9757901;0.9758721;0.97593683;0.97601086;0.9760879;0.97615236;0.9762147;0.97628015;0.9763478;0.97640574;0.97642833;0.97649586;0.9765622;0.97662485;0.97669214;0.97675985;0.97682387;0.97688353;0.97694606;0.97700906;0.9770653;0.9771221;0.9771818;0.9772475;0.9773152;0.97737306;0.9774338;0.9774849;0.97754806;0.9776094;0.9776696;0.9777234;0.9778003;0.97787076;0.9779273;0.977977;0.9779355;0.9779181;0.9778733;0.9778605;0.9776812;0.9777432;0.97779757;0.9778516;0.97790474;0.97790074;0.977957;0.97799796;0.9780495;0.97804445;0.9780035;0.9779234;0.97798306;0.9777778;0.97776425;0.97771955;0.97777283;0.9778181;0.9778716;0.9779333;0.97798556;0.9780348;0.9780914;0.978145;0.9781969;0.9782473;0.9783062;0.97836745;0.9783491;0.9784026;0.97844386;0.978491;0.9785405;0.9785931;0.97863954;0.978689;0.978737;0.9787925;0.9788381;0.9788898;0.97894007;0.978985;0.9790317;0.97907186;0.9791206;0.97915983;0.97919893;0.97925013;0.97930056;0.9793397;0.97939205;0.9794442;0.97949123;0.9795399;0.97958887;0.97963345;0.97967845;0.9797162;0.9797608;0.9797965;0.9798391;0.9798803;0.9799282;0.9799685;0.98000914;0.9800502;0.9800866;0.9801296;0.9801736;0.98021513;0.98025256;0.98030156;0.98034585;0.9803905;0.9804361;0.9804819;0.9805222;0.98056877;0.9806151;0.980658;0.9806991;0.9807342;0.9807724;0.98081464;0.98076713;0.9808076;0.9808437;0.980886;0.9809208;0.9809591;0.9810003;0.9810445;0.9810833;0.9811199;0.9810308;0.98101234;0.9810504;0.9810093;0.9808665;0.9809102;0.9809481;0.98099244;0.9810305;0.9810695;0.9811127;0.98114544;0.9811805;0.9812203;0.98125845;0.98129404;0.98133534;0.9813774;0.98141015;0.98144805;0.981481;0.98151815;0.9815518;0.98159146;0.98163146;0.9816703;0.981703;0.9817355;0.98177207;0.98180944;0.981843;0.9818773;0.98191607;0.98195237;0.98198265;0.982016;0.982051;0.9820828;0.982118;0.98214996;0.982184;0.982214;0.98224866;0.98227626;0.9823085;0.98234063;0.9823688;0.98239905;0.982433;0.9824626;0.9824916;0.9825244;0.9825545;0.9825874;0.98261225;0.98264503;0.98267597;0.98270386;0.9827338;0.98276937;0.9827995;0.9828319;0.982863;0.9828952;0.98292935;0.98295885;0.9829891;0.983016;0.983048;0.9830728;0.9831098;0.98313946;0.98316985;0.98320407;0.9832319;0.9832658;0.98329616;0.98332983;0.9833638;0.9833968;0.98342973;0.9834549;0.9834872;0.98351485;0.98354465;0.9835702;0.98359644;0.9836211;0.9836461;0.98367506;0.98370093;0.98373044;0.98375213;0.98377705;0.98380667;0.9838329;0.98385686;0.98388654;0.9839164;0.98394406;0.9839774;0.984003;0.9840311;0.9840594;0.9840887;0.98411644;0.984141;0.98401266;0.9840359;0.9840016;0.98402715;0.9840562;0.98408157;0.9841059;0.98406446;0.98393863;0.98390245;0.98392963;0.9839351;0.9838981;0.9836694;0.9833305;0.9832732;0.9832144;0.98309004;0.9829281;0.9829554;0.98298585;0.9828627;0.982894;0.9829226;0.9829515;0.9829789;0.9830058;0.9830337;0.98306334;0.98309034;0.9831211;0.9831444;0.9831736;0.9831968;0.9832265;0.9832516;0.9832773;0.9833016;0.98332745;0.98335534;0.9833821;0.98340917;0.98343164;0.98345345;0.9834792;0.9835049;0.98353285;0.9835601;0.98358387;0.9836102;0.98363185;0.9836561;0.9836799;0.98370796;0.98373425;0.9837598;0.98368275;0.9836431;0.9836237;0.98364896;0.9836515;0.9832947;0.98301905;0.9824079;0.982075;0.9814057;0.9808997;0.9802155;0.97966933;0.9792621;0.9784817;0.97788763;0.9774859;0.9769117;0.976239;0.97551525;0.9751813;0.97472626;0.97464776;0.97414047;0.973653;0.97322;0.9731039;0.97278833;0.972554;0.9721241;0.97153044;0.9710541;0.9704034;0.9696964;0.96907634;0.9682221;0.9674393;0.96630734;0.96534973;0.96439576;0.963608;0.96284777;0.96210086;0.9611726;0.9601941;0.958587;0.95712566;0.9558696;0.9547571;0.9533968;0.95205826;0.95070565;0.94946325;0.9478883;0.9467766;0.945439;0.9440175;0.9423209;0.9411525;0.939605;0.9380799;0.936439;0.9351132;0.933774;0.9323361;0.93102187;0.92969435;0.9280657;0.9266453;0.92529655;0.92411965;0.92266107;0.9213573;0.9202736;0.9190264;0.9177825;0.91651046;0.91533935;0.9143191;0.9131535;0.91182745;0.91063565;0.9094307;0.9082289;0.9069332;0.90577024;0.9043529;0.90318054;0.9019792;0.90089273;0.8997134;0.89861655;0.89736396;0.8958939;0.89457023;0.89343876;0.8920597;0.89079416;0.8897189;0.88859963;0.88728195;0.886107;0.88498145;0.88382804;0.88263166;0.8814385;0.88041615;0.87921375;0.87787825;0.87659216;0.87546045;0.8742502;0.8730497;0.87191224;0.8706734;0.869245;0.86804336;0.86674166;0.8657237;0.8646053;0.8636217;0.8624063;0.8614423;0.8602476;0.85921586;0.85818654;0.8570875;0.8560489;0.8549697;0.8539505;0.8526764;0.8515914;0.8503385;0.8492311;0.8481549;0.8470955;0.84598243;0.8449144;0.84391904;0.84294003;0.8418796;0.84086365;0.8397946;0.83865595;0.8376754;0.8366971;0.8355426;0.8344872;0.83335245;0.8323161;0.8313911;0.83048165;0.82941186;0.82849324;0.8275767;0.8264338;0.825428;0.82429105;0.82326376;0.82234544;0.82136285;0.8203693;0.81929904;0.81827104;0.8174294;0.81640613;0.8156076;0.8147193;0.81376785;0.8127277;0.81183267;0.8107845;0.8098422;0.8088378;0.8078743;0.8070924;0.8060948;0.80511236;0.8041832;0.80335766;0.80239457;0.80143374;0.80046266;0.79951906;0.7987657;0.7978386;0.7968138;0.79585385;0.79490864;0.7940772;0.7932723;0.7923826;0.7914456;0.79040027;0.7894312;0.78837895;0.78742707;0.7864653;0.785336;0.7843914;0.783437;0.782509;0.7817274;0.7808154;0.7800012;0.7791052;0.77822316;0.77725995;0.7762281;0.7751398;0.7741607;0.7732545;0.77231526;0.7714134;0.7705837;0.7698373;0.76908076;0.76800084;0.7671785;0.76635784;0.7656196;0.7646643;0.7638949;0.76298976;0.7621666;0.7612883;0.7605143;0.7597532;0.7590617;0.7581566;0.7572311;0.7563529;0.7555552;0.75464725;0.753708;0.7527934;0.75184757;0.7508931;0.7500184;0.7491458;0.7483743;0.7475055;0.7467373;0.74585044;0.7449657;0.7441809;0.7431481;0.7423022;0.74131775;0.7404652;0.73961467;0.738809;0.7380051;0.7372456;0.7364664;0.73569953;0.7347431;0.73381037;0.7330278;0.73218375;0.7313521;0.73049086;0.7297782;0.72909826;0.72841966;0.7276381;0.7267752;0.72595584;0.7249833;0.724106;0.7233646;0.72259396;0.72168154;0.7207918;0.71996546;0.7190393;0.7183387;0.71747744;0.7168203;0.71612394;0.7153485;0.7145546;0.7138126;0.7130321;0.7123232;0.711546;0.7106712;0.7100264;0.7093036;0.7084738;0.70783293;0.707095;0.7064272;0.7058391;0.7050173;0.7042755;0.70359355;0.7027479;0.70214087;0.7012407;0.7004957;0.6999106;0.69918776;0.69856244;0.69781506;0.6970025;0.69624895;0.69549704;0.69482267;0.6940212;0.69330245;0.69256634;0.69188094;0.6911855;0.6905101;0.6897332;0.6890141;0.68838954;0.68763596;0.6869212;0.6862727;0.68552375;0.68486863;0.684178;0.683553;0.6829658;0.6822149;0.6814876;0.68076736;0.6801486;0.679531;0.67886925;0.6781635;0.67747736;0.67681956;0.67620796;0.6755795;0.6748717;0.6742636;0.6736031;0.6729083;0.67228603;0.6715939;0.6710183;0.67031115;0.6697729;0.66915643;
0.40298507;0.5;0.49339208;0.50163937;0.53506494;0.55432373;0.5776515;0.60819674;0.63126844;0.6569921;0.65625;0.6744186;0.6952573;0.6970837;0.71252203;0.727572;0.7375776;0.74963504;0.7571329;0.76381576;0.7716781;0.77884614;0.78166187;0.7801535;0.77941954;0.78083587;0.78484106;0.791214;0.79562044;0.7991131;0.80137575;0.80233043;0.8064257;0.809226;0.812571;0.8179487;0.81556505;0.816482;0.8179669;0.8168366;0.8205046;0.81963116;0.82113326;0.82460344;0.82481754;0.8231603;0.8243507;0.8241878;0.82491314;0.82480985;0.8248777;0.82254803;0.82079923;0.8210449;0.8209995;0.82274014;0.8249018;0.8279228;0.8291974;0.8317202;0.8340555;0.83382916;0.83524746;0.8364236;0.8385005;0.8400559;0.84182566;0.8436893;0.84534305;0.84589237;0.8477612;0.8492748;0.85136354;0.8533761;0.85510564;0.85679525;0.8584679;0.8600068;0.8619303;0.8636439;0.8653375;0.86713964;0.86851764;0.8699495;0.87187064;0.87311363;0.87486714;0.8762019;0.8777992;0.87894815;0.8804064;0.8817451;0.88310397;0.8843671;0.8852847;0.886517;0.8878759;0.8891281;0.890265;0.89149326;0.89261043;0.89375967;0.8947906;0.89561695;0.8966123;0.89747417;0.8983218;0.89905673;0.9;0.90073484;0.9014825;0.90221906;0.90308166;0.9040298;0.9049048;0.9056777;0.9065865;0.90734285;0.9083732;0.9092311;0.90994537;0.91071624;0.91143596;0.91207856;0.9127765;0.9134999;0.9141398;0.91483206;0.9154091;0.91601264;0.9166076;0.9173023;0.9179446;0.91853684;0.9191602;0.9194664;0.9200039;0.92064863;0.92128307;0.9219075;0.92250025;0.92303395;0.9235675;0.92403084;0.92455757;0.925077;0.92556256;0.9259955;0.92651504;0.9269757;0.9274307;0.9278485;0.92836106;0.9288051;0.9292618;0.92969483;0.9301992;0.9305684;0.93093944;0.9313465;0.9317938;0.9322409;0.93264925;0.9330906;0.93353695;0.9339826;0.9343286;0.93471223;0.9351118;0.9354864;0.93587655;0.9362473;0.9365846;0.9368702;0.9371155;0.9373396;0.9376596;0.9380227;0.93836784;0.9387137;0.9390736;0.9394028;0.9396802;0.9399552;0.9403178;0.9406125;0.94090843;0.94119316;0.94152457;0.9418197;0.942124;0.9423771;0.9426558;0.9429318;0.9432168;0.94350666;0.9438126;0.9441604;0.9444296;0.9446704;0.94489443;0.94514936;0.94545573;0.9457197;0.9459776;0.9461843;0.94647926;0.94674367;0.946975;0.9472547;0.94749165;0.9477198;0.94798845;0.94826406;0.9485303;0.94873697;0.9489576;0.9491857;0.9494211;0.94966644;0.94990647;0.95015615;0.95043594;0.95068914;0.9509166;0.95116496;0.9513824;0.9516204;0.9518282;0.9520425;0.9522412;0.95244914;0.9526607;0.9528837;0.95309675;0.9532842;0.9534988;0.9536727;0.9538453;0.954098;0.95425737;0.9544156;0.95441127;0.9545727;0.9547649;0.95496273;0.9549879;0.9551007;0.95526135;0.9554279;0.9555932;0.95575035;0.9559017;0.95606816;0.95626307;0.956454;0.9566163;0.9567974;0.9569373;0.9571136;0.9572972;0.9574792;0.95761466;0.9577706;0.9579254;0.9580958;0.95823365;0.95838505;0.9583313;0.95842373;0.95856476;0.9583884;0.9585487;0.95869374;0.95884776;0.95898676;0.9591621;0.95931065;0.9594524;0.95957965;0.9597462;0.95987916;0.9600207;0.9601556;0.96031743;0.96045226;0.96060985;0.96063757;0.9607843;0.96093357;0.961071;0.96120393;0.96132547;0.9614811;0.96159565;0.9617388;0.9618673;0.9620067;0.9621401;0.9622792;0.96236914;0.9624378;0.9625664;0.9626957;0.9628323;0.9629485;0.963048;0.9629534;0.9630809;0.9631839;0.9633004;0.96340686;0.9635328;0.9636656;0.963799;0.96390104;0.96400404;0.9641184;0.9642381;0.96436584;0.96446913;0.9645777;0.9646783;0.96476966;0.964862;0.9649653;0.96505237;0.96514744;0.9652336;0.9653235;0.96544087;0.9655615;0.96566486;0.9657649;0.9658616;0.96595913;0.96606684;0.96616584;0.9662789;0.966378;0.96645945;0.9665523;0.96664464;0.96674937;0.9668521;0.96694785;0.96704817;0.967178;0.96727437;0.9673603;0.9674544;0.9675455;0.96762997;0.9677237;0.96781814;0.9678952;0.9679827;0.9680661;0.96815497;0.9682316;0.96831256;0.96837914;0.9682697;0.9683523;0.96843916;0.9685278;0.968617;0.9686865;0.9687636;0.96884924;0.9689457;0.96903145;0.96910685;0.96918845;0.9692828;0.9693667;0.96943945;0.96950424;0.96957624;0.96966606;0.9697458;0.9697913;0.9698745;0.9699468;0.9700291;0.97011;0.9701477;0.97023094;0.9703178;0.970397;0.97048086;0.9705542;0.97062916;0.97070974;0.9707889;0.97087544;0.97093123;0.97100914;0.9710886;0.9711571;0.9712194;0.9712987;0.9713709;0.971438;0.9714992;0.971575;0.971631;0.9716913;0.97176707;0.97183144;0.9719055;0.9719729;0.9720354;0.97210485;0.9721731;0.9722427;0.9723129;0.97236246;0.97241884;0.9724803;0.97255534;0.97262484;0.97269315;0.9727551;0.972815;0.9728883;0.97294086;0.97276473;0.9728198;0.97287977;0.97293276;0.97301143;0.97307634;0.9731401;0.9731954;0.9732504;0.97328526;0.97335124;0.9734144;0.9734806;0.9735424;0.9736095;0.9736795;0.9737372;0.9737923;0.97385347;0.9739128;0.97397107;0.9740175;0.97407603;0.9741351;0.9741962;0.9742441;0.9742964;0.9743221;0.97438824;0.9744466;0.9745002;0.9745536;0.97460455;0.97466266;0.974711;0.97477734;0.9748404;0.97488517;0.9749513;0.9750036;0.9750606;0.97510314;0.9751526;0.9751261;0.9751802;0.97522366;0.9752753;0.9752101;0.9751746;0.97522396;0.9752717;0.9753193;0.9753743;0.9754303;0.9754793;0.9755295;0.9755835;0.97562724;0.9756848;0.97573084;0.9757813;0.9758355;0.9758836;0.97593606;0.9759811;0.9760325;0.9760817;0.9761314;0.9761796;0.9762269;0.97627664;0.97632104;0.97636724;0.97641385;0.9764596;0.9765084;0.9765501;0.9765997;0.97664726;0.9766946;0.9767387;0.9767875;0.9768343;0.9768827;0.9769279;0.9769759;0.97701716;0.97695756;0.9769957;0.9769382;0.9769822;0.9770242;0.9770702;0.9771149;0.9771652;0.9772078;0.97724664;0.9772826;0.97732294;0.9773701;0.9774044;0.9774392;0.9774938;0.9775357;0.9775741;0.9776213;0.97766495;0.9777073;0.9777534;0.9777955;0.977839;0.97788125;0.9779299;0.97796476;0.97800815;0.97805196;0.97808963;0.97813207;0.97816736;0.9781977;0.97823966;0.9782836;0.9783163;0.97834784;0.9783871;0.9784367;0.9784705;0.9785151;0.97855276;0.97859025;0.9786323;0.9786685;0.9787077;0.9787477;0.97878104;0.97882533;0.9788634;0.97890085;0.9789367;0.9789704;0.9790055;0.9790415;0.9790729;0.97911114;0.9791467;0.97918123;0.97922;0.9792567;0.9792899;0.979322;0.97935545;0.9793931;0.9794268;0.9794656;0.97950333;0.9795376;0.97956944;0.9796016;0.97960764;0.97964525;0.97966003;0.97964925;0.9796621;0.9796735;0.9795029;0.9795113;0.9795032;0.9794965;0.97953236;0.9795745;0.9795836;0.9796169;0.97965586;0.97969115;0.9797227;0.97975326;0.97978723;0.9798243;0.9798545;0.9798838;0.9799152;0.9799482;0.9799851;0.9800179;0.9800493;0.9800802;0.9801166;0.98014855;0.98017824;0.9802105;0.98024124;0.9802707;0.9803026;0.98033094;0.98036814;0.9803985;0.9804358;0.9804655;0.98049676;0.9805242;0.98056024;0.9805924;0.9806319;0.98066384;0.98069125;0.98072296;0.9807518;0.9807814;0.98081404;0.9808462;0.9808723;0.98090106;0.9809345;0.9809655;0.98099554;0.9810271;0.981055;0.98108524;0.98111844;0.9811461;0.98117983;0.9812093;0.9812405;0.9812705;0.9812954;0.98132104;0.9813507;0.98137885;0.98140913;0.98143446;0.9814616;0.98148745;0.98151857;0.98154616;0.98157555;0.98160076;0.98162997;0.9816591;0.9816834;0.9817083;0.98173314;0.98176014;0.98178667;0.98181206;0.9818417;0.9818683;0.9818992;0.98192567;0.98194855;0.9819738;0.9820015;0.9820287;0.9820577;0.98208404;0.98211175;0.98213273;0.9821617;0.9821912;0.9822158;0.9822466;0.9822714;0.98229885;0.9823262;0.98235214;0.9823797;0.98240715;0.9824342;0.9824582;0.98248506;0.98250586;0.9825296;0.98254895;0.9825789;0.98260504;0.9826289;0.9826493;0.9826753;0.98269594;0.98272145;0.9827521;0.98277587;0.9828005;0.9828241;0.9828534;0.9828775;0.9829002;0.9829245;0.9829519;0.98297507;0.98299944;0.98302186;0.9830433;0.9830656;0.9830866;0.98311067;0.9831319;0.98315394;0.9831772;0.9832001;0.98322165;0.9832435;0.98325;0.9832733;0.98329777;0.98331815;0.9833382;0.9833591;0.98338234;0.9834056;0.9834245;0.9834485;0.9834706;0.9834891;0.98350847;0.9835287;0.98354846;0.98356944;0.98359036;0.9836142;0.9836379;0.9836604;0.98367995;0.9837006;0.9837273;0.9837469;0.9837682;0.9837895;0.98381335;0.98383963;0.98385733;0.9838795;0.98389965;0.98392284;0.98394626;0.98396397;0.9839847;0.9840068;0.98402977;0.9840523;0.98407036;0.98409224;0.9841132;0.98413414;0.98415583;0.9841794;0.9841983;0.98421925;0.98424155;0.9842616;0.9842783;0.9843018;0.9843228;0.98434454;0.9843638;0.9843833;0.9844064;0.984429;0.9844493;0.98445165;0.9844706;0.9844909;0.984509;0.984526;0.98454505;0.98456043;0.9845799;0.98459727;0.98461694;0.98463523;0.984653;0.98467225;0.9846953;0.98471373;0.98473436;0.9847524;0.98477113;0.9847904;0.9848078;0.98482966;0.98484725;0.9848673;0.984883;0.98489845;0.9849178;0.98493767;0.9849557;0.98497057;0.984991;0.9850119;0.985029;0.98504615;0.98506707;0.9850873;0.9851064;0.9851231;0.9851429;0.98516095;0.98517895;0.9851979;0.985216;0.9852344;0.98525125;0.98526716;0.98528373;0.9853019;0.98531675;0.985332;0.98534966;0.9853686;0.9853863;0.98540425;0.98542213;0.98543835;0.98534435;0.98536247;0.9853773;0.98536277;0.9853827;0.9854011;0.98541886;0.985434;0.98545027;0.98538953;0.9854053;0.9854257;0.9854444;0.9854617;0.98548055;0.9854978;0.9855174;0.98553294;0.985548;0.9855646;0.98558074;0.98559725;0.98561263;0.9856286;0.9856479;0.98566496;0.98566765;0.9856824;0.9857;0.985715;0.9857344;0.98575014;0.9857658;0.98577994;0.98579556;0.9858118;0.9858319;0.98584765;0.98586506;0.985882;0.98589736;0.985911;0.9859287;0.9859425;0.98595774;0.9859711;0.98598796;0.9860038;0.98600477;0.98597676;0.98598915;0.9860038;0.9860168;0.98603165;0.98604584;0.98606205;0.98607785;0.98609394;0.98597807;0.9859916;0.986009;0.98602414;0.9860246;0.98604035;0.98605454;0.98607075;0.98608655;0.9861019;0.9861156;0.98612946;0.9861453;0.98616177;0.98617655;0.98617786;0.9861968;0.9862111;0.9862264;0.9862408;0.9862556;0.98626775;0.9862817;0.98629683;0.9863111;0.98632574;0.98633957;0.98635316;0.98636615;0.98638123;0.9863975;0.9864133;0.9863539;0.9863695;0.9863685;0.98638076;0.9863959;0.98640794;0.9864229;0.98643816;0.98645127;0.986465;0.9864807;0.98649395;0.9865085;0.98652494;0.9865394;0.9865546;0.98656845;0.9865819;0.9865963;0.98661023;0.98662585;0.9866414;0.9866549;0.9866713;0.986684;0.9866976;0.9867113;0.9867258;0.98674095;0.9867588;0.98677063;0.9867855;0.9868007;0.9868131;0.9868328;0.9868474;0.9868632;0.9868782;0.98689264;0.9868913;0.9869072;0.9869196;0.9869327;0.9869436;0.9869556;0.9869682;0.98698264;0.9869977;0.98701334;0.9870245;0.98703754;0.9870508;0.987068;0.98707974;0.9870925;0.9870891;0.98710114;0.9871121;0.9870731;0.98705953;0.98707294;0.9870888;0.98709905;0.9871144;0.9871293;0.9871443;0.9871591;0.9871733;0.98718786;0.9872005;
0.39473686;0.37195122;0.4025974;0.48220065;0.5839599;0.6177106;0.620229;0.64579904;0.6744868;0.6958763;0.7131051;0.7043956;0.72132796;0.73822975;0.745013;0.7593193;0.7701674;0.7780204;0.7899449;0.8014323;0.80916977;0.8158205;0.823662;0.82985556;0.83545595;0.8402744;0.84299856;0.8477366;0.852;0.8568973;0.85864097;0.8625457;0.8650574;0.86653847;0.8697447;0.87262774;0.8746876;0.8777855;0.88121825;0.88423485;0.88575095;0.8883663;0.8905289;0.8930177;0.89543056;0.8953356;0.8968298;0.8974008;0.8995715;0.90118575;0.902648;0.90479815;0.90636706;0.90815574;0.90972555;0.9113475;0.9131944;0.91473395;0.91623855;0.9175643;0.91909385;0.92022973;0.92120194;0.9224726;0.92357856;0.92486477;0.92594784;0.926986;0.92810583;0.92897725;0.92972267;0.9308246;0.9318801;0.9328318;0.93390906;0.9347372;0.93562233;0.9366019;0.93733287;0.93803704;0.9387955;0.9396038;0.9402581;0.9410748;0.9417702;0.9424317;0.9431732;0.94379497;0.9443785;0.9449339;0.94566005;0.94622886;0.9467708;0.94734627;0.94789493;0.94841814;0.94897264;0.9495425;0.9500466;0.9505799;0.9511146;0.95150024;0.9518737;0.95236886;0.9529545;0.9533872;0.9538177;0.9542124;0.95459497;0.95497656;0.95542085;0.955872;0.95622736;0.95669746;0.9570791;0.95750225;0.9578557;0.95822656;0.9585635;0.9589041;0.9592568;0.9595556;0.95985013;0.96016574;0.960443;0.9607412;0.9609822;0.96124834;0.9615227;0.9617854;0.961951;0.9622528;0.96255726;0.9627691;0.96298844;0.96323025;0.9634182;0.9636853;0.9639313;0.96414685;0.9641915;0.9643961;0.96454823;0.9647874;0.9650363;0.96523404;0.96550477;0.965759;0.96601856;0.96625334;0.9664819;0.96670747;0.9669242;0.96713537;0.9673186;0.9675496;0.9677474;0.9679428;0.9681145;0.96832657;0.9685436;0.9687166;0.96892333;0.9691273;0.96928906;0.96948093;0.96967524;0.96989334;0.9700707;0.9702437;0.9704238;0.9706041;0.970762;0.9709338;0.9710706;0.9712279;0.97141355;0.9715608;0.9716981;0.9718362;0.97198737;0.9721369;0.972311;0.9724452;0.97260374;0.9727214;0.9728845;0.97304946;0.9731841;0.97332865;0.9734938;0.97362775;0.97368604;0.9738195;0.9739498;0.97408766;0.9742014;0.97434175;0.9744789;0.9746129;0.97474545;0.97485685;0.9749787;0.9750929;0.97519803;0.97530866;0.9754404;0.97556454;0.9756874;0.97579676;0.9759279;0.9760246;0.97613245;0.9762512;0.97635114;0.9764619;0.97656876;0.9766646;0.97677386;0.9768961;0.9769796;0.9770873;0.9772049;0.9766419;0.9767703;0.9768715;0.97698796;0.9762404;0.97630084;0.97581667;0.97545695;0.97545344;0.9749516;0.97415257;0.97314376;0.97251576;0.97144777;0.96971726;0.9679067;0.96596307;0.9635763;0.9600679;0.9578471;0.9561222;0.9537453;0.95218307;0.9499946;0.94722193;0.9455855;0.94377726;0.9422914;0.9400042;0.93763125;0.93597656;0.93348956;0.9313476;0.92969394;0.9276377;0.9251512;0.9226406;0.92010176;0.9177735;0.9147647;0.912444;0.9096881;0.90712076;0.9042241;0.90165156;0.8984985;0.8959543;0.8929868;0.890638;0.88794154;0.8843765;0.8811503;0.87843305;0.87543815;0.87238014;0.8693434;0.8668632;0.86431515;0.86121213;0.8581717;0.8554737;0.8529522;0.8503662;0.84728354;0.8441841;0.8412237;0.83828396;0.83528817;0.8323897;0.82913405;0.8268402;0.8240745;0.8212532;0.8183777;0.8155952;0.81279534;0.81005067;0.80757475;0.8050784;0.8025267;0.7996754;0.797123;0.7942061;0.79179156;0.7893233;0.78700626;0.78446645;0.7821778;0.77943563;0.77711;0.7747323;0.77269644;0.770248;0.7677504;0.76552594;0.7630588;0.7606709;0.75836104;0.7560025;0.7540638;0.7515459;0.74916786;0.74714154;0.7449434;0.74293983;0.74064595;0.7383469;0.73625976;0.73415476;0.7318268;0.72963023;0.72788244;0.7258829;0.72389424;0.7216593;0.7192394;0.7171741;0.71492434;0.71288365;0.7107438;0.7085341;0.7066393;0.70431894;0.7020408;0.6999923;0.6979023;0.6957185;0.6937859;0.6920741;0.6899527;0.68812984;0.68629074;0.6843587;0.6824375;0.68073034;0.67829907;0.6761859;0.6743601;0.6726682;0.67100954;0.6695304;0.6678386;0.6658634;0.66409326;0.66211605;0.66060495;0.6589817;0.65750855;0.6557354;0.6541124;0.65212417;0.65026385;0.6483911;0.6464374;0.64508826;0.6439038;0.64204484;0.6401966;0.6385154;0.63704324;0.63504666;0.63387674;0.6324478;0.6306325;0.6291313;0.62765884;0.62608576;0.6243495;0.62279296;0.6210537;0.6194083;0.6177716;0.616206;0.61460686;0.61309844;0.6114334;0.60987926;0.60843456;0.6070775;0.60550517;0.6041011;0.602823;0.60135204;0.5995726;0.5979997;0.5965911;0.59503376;0.5935618;0.5920779;0.59069705;0.58911324;0.5874243;0.5860462;0.5846558;0.583328;0.58204335;0.58070886;0.57930684;0.57791156;0.57639545;0.57514113;0.5737839;0.5723792;0.57123166;0.5698216;0.56875527;0.56788737;0.5664058;0.5650719;0.56367457;0.56231886;0.5609869;0.5596612;0.5583076;0.55701154;0.55565375;0.5543194;0.5529747;0.55171996;0.5502882;0.5491448;0.54812145;0.5468886;0.5456123;0.54430944;0.54322314;0.542125;0.540951;0.53986204;0.5383639;0.5370005;0.5357227;0.53463894;0.53337234;0.53228253;0.53130555;0.53047097;0.5292547;0.52825814;0.5272806;0.52600306;0.5250036;0.5237972;0.5228061;0.52158;0.5205824;0.5194998;0.5182743;0.51711327;0.5160158;0.51470506;0.5136178;0.51257837;0.5116579;0.5104406;0.5091863;0.50806564;0.50717545;0.50609165;0.50518036;0.5040911;0.5030343;0.5019543;0.50107163;0.50016457;0.4989193;0.49811527;0.49723244;0.4961637;0.49507263;0.49418715;0.49323812;0.4923459;0.49123186;0.49021506;0.48913684;0.48819405;0.48718977;0.48611185;0.4850645;0.48431733;0.4833033;0.48254874;0.48164386;0.48061565;0.47980636;0.47881112;0.4779487;0.4771859;0.4762887;0.47550642;0.4746526;0.47350657;0.47247624;0.47154787;0.47065958;0.46972623;0.46879658;0.4678826;0.4668407;0.46583915;0.46483;0.46387243;0.46301278;0.4621095;0.46123305;0.4604529;0.4594438;0.45862356;0.45779473;0.45702615;0.4559294;0.455133;0.45441863;0.45365006;0.45283908;0.45217672;0.45131516;0.45055705;0.4497682;0.44890475;0.44809964;0.44726452;0.44651994;0.4458214;0.44502732;0.4442469;0.44352308;0.4427909;0.44199684;0.4412697;0.44039598;0.43970588;0.43883836;0.4380058;0.4371869;0.43642324;0.43571427;0.43489355;0.43413785;0.43334362;0.43267542;0.43188652;0.431019;0.43030718;0.42954364;0.4287158;0.428092;0.4271897;0.42646062;0.4257042;0.4250099;0.42427838;0.42343137;0.42278364;0.4221574;0.4214746;0.42062905;0.4199415;0.4192755;0.41851553;0.41777748;0.41706106;0.41642317;0.41581562;0.41497374;0.41412583;0.4133001;0.41262695;0.4118909;0.4112038;0.4105005;0.4098088;0.40902773;0.40841413;0.40767476;0.40695626;0.40615883;0.40543664;0.40470803;0.40408942;0.40330318;0.40267998;0.40199664;0.40128917;0.40058416;0.3998378;0.39912915;0.39854488;0.39788416;0.39719108;0.39648315;0.39576057;0.39509195;0.39438295;0.39377847;0.39303184;0.39240617;0.39165628;0.39109462;0.39045846;0.3897827;0.3892006;0.3886285;0.38807464;0.3875223;0.38693053;0.3863569;0.38576865;0.3851741;0.38457322;0.38399848;0.38343352;0.38286218;0.38225248;0.3816208;0.3808957;0.3804826;0.37995958;0.37939855;0.3789021;0.3782422;0.37770185;0.37720984;0.37667245;0.37605903;0.37532404;0.3747304;0.3741463;0.3736329;0.37313616;0.37260267;0.37205556;0.37144196;0.37097365;0.37034103;0.36983052;0.36914206;0.36859015;0.36807698;0.36743942;0.3669516;0.36645776;0.36587715;0.36537153;0.36483082;0.3645334;0.3639373;0.3633287;0.36287355;0.3623908;0.36192364;0.3613575;0.36083594;0.3604084;0.35995346;0.35936517;0.35883522;0.35834906;0.35787678;0.35737783;0.35674915;0.35624084;0.35574093;0.35522857;0.35461435;0.35412583;0.35363868;0.3532007;0.35266158;0.3521241;0.35160854;0.3510675;0.3505618;0.35014483;0.34964848;0.34918693;0.34870657;0.3482475;0.34773663;0.34720743;0.3466535;0.3461276;0.345564;0.34508055;0.34463745;0.3440528;0.34358647;0.3431214;0.34267047;0.34227848;0.34188098;0.34138858;0.34093583;0.34038267;0.33990094;0.3394016;0.33891004;0.33841988;0.33788112;0.33743137;0.3369517;0.336461;0.33598408;0.33558255;0.3351143;0.3346289;0.33411437;0.3335953;0.33314472;0.33271354;0.33232585;0.33189678;0.3313906;0.33098796;0.33050248;0.330108;0.32970846;0.32925048;0.32873455;0.3282734;0.32787827;0.32736078;0.32698545;0.32664603;0.32628983;0.32581222;0.32538238;0.3249248;0.32448;0.3240134;0.3236285;0.32321015;0.32277575;0.32238236;0.32192746;0.32149652;0.32112318;0.3206493;0.32022175;0.31981778;0.31942037;0.31908682;0.31871355;0.3182912;0.31782013;0.3173174;0.31676674;0.31633857;0.31585687;0.31544748;0.31512076;0.31474042;0.3143231;0.3139555;0.31350794;0.31311;0.3127238;0.31233853;0.31194353;0.3115974;0.31122023;0.3108069;0.31044745;0.3100204;0.30962598;0.30923784;0.30880362;0.308454;0.3080532;0.30764824;0.30729604;0.30700147;0.3066147;0.3062392;0.30591586;0.305583;0.3051743;0.30477685;0.30437538;0.30404076;0.30363765;0.30334297;0.3028966;0.30253676;0.30232018;0.3024017;0.30250296;0.302765;0.3030827;0.30353472;0.30408424;0.30472454;0.30555692;0.30608705;0.3068284;0.30738327;0.30823058;0.30904323;0.3099201;0.31053427;0.311382;0.31212607;0.3129949;0.31371313;0.31467932;0.3154159;0.3162126;0.31709358;0.31792912;0.31867355;0.3193509;0.31994233;0.32061374;0.3214822;0.32226196;0.32298642;0.32377905;0.32450616;0.32527363;0.3259652;0.32659662;0.32740197;0.32806692;0.32888418;0.32975233;0.33051276;0.33132407;0.33195496;0.33282563;0.33358946;0.33426782;0.3348559;0.3355361;0.33625585;0.33684474;0.33774257;0.33844218;0.33923802;0.3399088;0.3405465;0.34111622;0.34183848;0.34232134;0.343021;0.34377405;0.34452578;0.34527466;0.34609836;0.34683993;0.34758982;0.34839776;0.34913412;0.3498688;0.35063154;0.35149118;0.35217133;0.35297778;0.35374305;0.35443804;0.35525838;0.35598907;0.3566501;0.35743576;0.35823885;0.35890493;0.35972357;0.36048257;0.36126846;0.36195695;0.36267254;0.36342454;0.36410838;0.36468658;0.36540553;0.36600968;0.36671868;0.36753622;0.36833292;0.36897817;0.36964205;0.3701532;0.37086707;0.3715852;0.3723528;0.37301716;0.37376288;0.37437838;0.37498352;0.37558004;0.37591764;0.3764498;0.37702647;0.37741762;0.3780511;0.3784711;0.3788616;0.37900618;0.37910298;0.3793343;0.37956068;0.37947473;0.37958205;0.37956887;0.37945986;0.37927315;0.37903482;0.37877917;0.37860277;0.3783238;0.37807128;0.37773615;0.37733692;0.37697083;0.37657857;0.37624073;0.37585;0.37545475;0.37502307;0.3746136;0.37421036;0.3738503;0.37349653;0.3731221;0.37272215;0.37227583;0.3717992;0.37147516;0.37107873;0.37064674;0.37024167;0.36983752;0.3694549;0.36907306;0.36868685;0.368322;0.3679374;0.36752802;0.3672318;0.3668851;0.36649838;0.36614293;0.36576286;0.3653684;0.36503026;0.36470783;0.364391;0.36398947;0.36357382;0.36324897;0.3629048;0.3624717;0.36215875;0.36174726;0.36131695;0.36090738;0.36051843;0.36011064;0.35977235;0.35939074;0.35901478;0.35863474;0.3582798;0.3579013;0.35744622;0.35701644;0.35664544;0.35629347;0.35587126;0.3554883;0.3551157;0.3547534;0.35442036;0.3541022;0.3537372;0.35342026;0.3531133;
0.7721519;0.6969697;0.6883721;0.7353952;0.6925208;0.7239819;0.7378277;0.7648953;0.79202276;0.8035714;0.8196721;0.8331539;0.84221107;0.8398876;0.84622145;0.85525227;0.8637072;0.8715125;0.8784722;0.884106;0.8893805;0.8948949;0.89884394;0.9033149;0.9074564;0.9105317;0.9137081;0.91674596;0.91961414;0.922153;0.9253094;0.9275962;0.9297753;0.9319331;0.9338874;0.93573266;0.937231;0.9390244;0.94029343;0.94187975;0.94329226;0.94470775;0.9459042;0.9471459;0.9482095;0.9492312;0.9503405;0.95133483;0.9524068;0.95360553;0.9543558;0.95518565;0.9560853;0.9568434;0.95720506;0.958027;0.9588085;0.9594223;0.96017104;0.96082336;0.9614379;0.9620172;0.9626582;0.96314806;0.9636923;0.96422076;0.96474105;0.9651712;0.96572423;0.9661568;0.9665912;0.9671248;0.96750504;0.9679057;0.9684492;0.96888185;0.96936125;0.96977973;0.9701568;0.970554;0.9707333;0.97111326;0.9714148;0.9717595;0.9720828;0.9723988;0.9726994;0.97301394;0.9733772;0.97357935;0.9738724;0.97413296;0.9744432;0.97471035;0.97497904;0.9752933;0.9755464;0.97577155;0.9759957;0.97626936;0.9764845;0.9767079;0.9769181;0.9771334;0.97734463;0.97753793;0.97775567;0.9779801;0.9782159;0.97843117;0.97864217;0.9788316;0.97899556;0.9790844;0.9792555;0.9794591;0.9796633;0.9798387;0.97988665;0.9800441;0.9801991;0.98036027;0.9805125;0.98069125;0.98083436;0.9810153;0.98117524;0.98133445;0.9814928;0.9816411;0.9817743;0.98191625;0.98205614;0.98220253;0.9823156;0.98242545;0.9825458;0.9826612;0.9827799;0.98290515;0.9830445;0.98316747;0.9832779;0.9833991;0.98324376;0.9833499;0.983474;0.98358023;0.9837168;0.9838242;0.9839034;0.98402363;0.98412424;0.98422635;0.9843404;0.9844555;0.9845495;0.98464876;0.98474675;0.98485225;0.9849341;0.9850382;0.9851205;0.9852209;0.9853035;0.9854049;0.9854775;0.98557884;0.9856876;0.98576844;0.98585486;0.9859359;0.9860214;0.9861111;0.98618513;0.9862645;0.9863461;0.9864237;0.98650235;0.98658794;0.98666954;0.9867416;0.9868091;0.98688245;0.98693365;0.98700017;0.9870714;0.9871383;0.9872151;0.9872884;0.98736006;0.9874257;0.98749065;0.98755664;0.9876136;0.98768157;0.98775214;0.98781294;0.9878724;0.9879384;0.98799974;0.9880589;0.9881206;0.9881756;0.9882345;0.9882974;0.98835146;0.98840797;0.9881482;0.98777294;0.98782533;0.9878893;0.98775536;0.98781383;0.98787767;0.9879394;0.9879976;0.9880488;0.98810804;0.9881611;0.988213;0.9882582;0.98830444;0.98835576;0.98840934;0.9884611;0.9885137;0.98856455;0.9886136;0.9886577;0.9886996;0.9887501;0.98880196;0.9888428;0.98889387;0.9889438;0.9889903;0.98903036;0.98907197;0.9890603;0.9890014;0.9888323;0.9888283;0.98871756;0.9887586;0.98880416;0.98885053;0.9888983;0.9887936;0.9887829;0.98882097;0.98886114;0.9888998;0.9889451;0.9889833;0.9889749;0.9887153;0.9887663;0.9888107;0.9888564;0.98890007;0.98894227;0.9889864;0.9890279;0.98905885;0.98909557;0.9891326;0.989172;0.98922056;0.9892619;0.98929733;0.9893417;0.98937553;0.98941064;0.98944956;0.9894867;0.98952407;0.9895538;0.9895927;0.9896317;0.9896734;0.9897152;0.98975855;0.9897964;0.989556;0.98959196;0.98962903;0.9896635;0.9896991;0.98955506;0.98958945;0.98961985;0.98965424;0.9896889;0.9897311;0.989767;0.9897991;0.98983496;0.9897431;0.98968804;0.98972034;0.9897565;0.98978883;0.9898188;0.98985034;0.9898877;0.9899223;0.9899545;0.9899826;0.9900156;0.9900489;0.9900803;0.9901094;0.99013954;0.99017197;0.9901969;0.9902229;0.99025476;0.99028724;0.99031556;0.9903441;0.9903768;0.99040455;0.990431;0.9904581;0.9904858;0.99050874;0.9905384;0.99056756;0.9905871;0.9906137;0.9906427;0.99067044;0.9906973;0.99068505;0.99071246;0.9904669;0.9904966;0.9905221;0.99055;0.99058026;0.990606;0.99063015;0.990661;0.99069166;0.9907175;0.9907411;0.99076563;0.99079144;0.9908167;0.99084324;0.9908652;0.99089074;0.99091685;0.9909432;0.99096495;0.9909873;0.9910109;0.99103796;0.99106294;0.9910936;0.9911208;0.99113953;0.99116135;0.991184;0.99120307;0.99123156;0.9912604;0.991282;0.99119616;0.99121904;0.9912402;0.9912684;0.9912924;0.99131197;0.9913388;0.99136394;0.991382;0.9914066;0.9914278;0.9914515;0.9914716;0.9914954;0.9915141;0.9915356;0.99155587;0.9915797;0.99160147;0.9916203;0.9916416;0.9916616;0.99168295;0.99170303;0.9917267;0.9917488;0.99176997;0.9917908;0.99180925;0.99182713;0.9918439;0.9918643;0.99188596;0.99190825;0.99192995;0.9919515;0.99197507;0.9919927;0.9920106;0.99203044;0.99205124;0.99206984;0.9920894;0.9921048;0.99212724;0.99214375;0.9921605;0.9921801;0.9922013;0.9922229;0.9922427;0.9922587;0.992155;0.9921719;0.9921916;0.9922113;0.9920733;0.9920902;0.99195737;0.99197686;0.9919951;0.9920166;0.99200636;0.9920258;0.9920428;0.9920618;0.992081;0.99209774;0.99211556;0.9919529;0.99197054;0.99198854;0.9920057;0.9920236;0.992043;0.99205947;0.9920764;0.9920937;0.99211234;0.9921283;0.9921435;0.9921601;0.9921793;0.99219453;0.99221224;0.9921392;0.9920695;0.99202794;0.99184555;0.9914616;0.99148536;0.9912745;0.9910054;0.9907705;0.99078894;0.9908101;0.99082726;0.99073213;0.9907533;0.99071836;0.9905425;0.9903122;0.99027824;0.9901305;0.9901524;0.99017376;0.9901955;0.9902188;0.9902372;0.9902576;0.9902742;0.9902934;0.9903149;0.99033475;0.99035317;0.99037284;0.99039245;0.9904109;0.99042934;0.9904515;0.9904721;0.9904908;0.9905066;0.99052566;0.99054414;0.99056125;0.9905778;0.99059486;0.9906136;0.99063367;0.99065024;0.990671;0.9906879;0.9907099;0.99072665;0.99074244;0.9907567;0.99069923;0.9907159;0.990735;0.9907523;0.9907704;0.99078804;0.9908061;0.99082637;0.9908447;0.990864;0.9908801;0.9908975;0.9909193;0.99093586;0.9907773;0.9907941;0.9907094;0.9900733;0.98991704;0.9896842;0.9896024;0.9892691;0.9886395;0.9883834;0.9881092;0.9873669;0.9868216;0.9862079;0.98596066;0.9856643;0.98542243;0.9851032;0.98459315;0.9842783;0.98405993;0.9835538;0.98290163;0.9821333;0.9811741;0.98062503;0.98017627;0.97915715;0.97890204;0.9784665;0.97800094;0.97743964;0.977048;0.97682405;0.9765975;0.97609144;0.9758053;0.975459;0.9751933;0.9746943;0.9743813;0.97395724;0.9737231;0.97346276;0.97332275;0.9733271;0.9731922;0.9731723;0.9729083;0.9728645;0.97263193;0.97250205;0.9724176;0.9724722;0.9723167;0.9723649;0.9724016;0.9724376;0.97249234;0.9725375;0.9725893;0.972641;0.9726931;0.97274375;0.9727868;0.9728402;0.9728866;0.9729347;0.9729772;0.97302985;0.97307503;0.97312486;0.973165;0.97320676;0.97325075;0.9732946;0.97334427;0.97339195;0.9734289;0.973471;0.97351825;0.97357106;0.9736145;0.97359216;0.9736325;0.9735306;0.973485;0.973122;0.97290504;0.97282386;0.9728591;0.9727124;0.9726284;0.97262484;0.9725639;0.97260743;0.97260624;0.97264725;0.97257674;0.9723418;0.9720958;0.9719219;0.97151583;0.971477;0.97130656;0.97094655;0.9706701;0.9705932;0.97032493;0.9701815;0.970107;0.9699847;0.969933;0.96978986;0.9695664;0.969491;0.9694297;0.96904653;0.9687836;0.96870035;0.9685793;0.96862066;0.9686048;0.9685595;0.96858287;0.96862787;0.968667;0.96871173;0.96876335;0.9688142;0.9688794;0.968928;0.9689733;0.9690228;0.9690734;0.9691127;0.9691574;0.9692076;0.9692508;0.96930134;0.96934366;0.9693865;0.96942925;0.9694719;0.96951985;0.9695664;0.9696147;0.96965796;0.969697;0.9697341;0.96977705;0.9698163;0.9698573;0.9699004;0.9699382;0.9699777;0.9700217;0.9700709;0.9700142;0.9700574;0.9701063;0.9701475;0.97018975;0.9702307;0.9702768;0.9703221;0.9703649;0.97040826;0.9704458;0.9704895;0.9705262;0.9705646;0.9706034;0.97064716;0.97068524;0.97072315;0.9707632;0.9708115;0.9708558;0.97089875;0.9709105;0.9709527;0.97099483;0.9710374;0.9710776;0.9711178;0.97115886;0.9711961;0.9712386;0.97128046;0.9713211;0.97136325;0.9714063;0.97144395;0.971491;0.97152734;0.97157675;0.9716124;0.9715406;0.97157776;0.9716195;0.97165954;0.9716964;0.9717347;0.9717724;0.971813;0.9718515;0.97188425;0.9719246;0.9719582;0.9719897;0.9720318;0.97206765;0.97211045;0.97214514;0.9721822;0.97221875;0.9722591;0.9722949;0.9723341;0.9723741;0.972414;0.972447;0.97248226;0.9725234;0.9725604;0.9726032;0.9726224;0.97262186;0.9726504;0.9726008;0.97263986;0.9726261;0.9725924;0.9726167;0.9726545;0.9726985;0.97271967;0.9727214;0.97274107;0.97273993;0.97273594;0.9726861;0.9727202;0.97275794;0.97279227;0.97282934;0.97286165;0.97290087;0.97293955;0.9729753;0.9730091;0.9730447;0.9730783;0.97312057;0.9731545;0.9731883;0.97322476;0.97326064;0.9732947;0.97332907;0.9733584;0.9733975;0.9734271;0.9734625;0.97349465;0.9735272;0.9735601;0.9735973;0.9736296;0.9736622;0.9736921;0.9737215;0.9737623;0.9737963;0.9738076;0.9738218;0.9738509;0.9738782;0.9739132;0.9739146;0.9739456;0.97397393;0.9740091;0.97404367;0.97407776;0.9741156;0.97415286;0.974185;0.9742175;0.97423524;0.97426796;0.9742655;0.974249;0.97426534;0.9742883;0.97432077;0.9743482;0.9743813;0.9744103;0.97444123;0.9744729;0.97450036;0.97452825;0.97456133;0.97459024;0.9746011;0.9746295;0.97462755;0.9746547;0.97468936;0.9747216;0.9747529;0.9747854;0.97481334;0.97484046;0.9748727;0.9749021;0.9749373;0.9749673;0.97499526;0.97502476;0.9750538;0.97508234;0.97510767;0.97514313;0.97517383;0.9752056;0.9752349;0.9752635;0.97528887;0.9753161;0.9753426;0.9753708;0.9754078;0.9754371;0.9754651;0.97549844;0.9755286;0.97555685;0.97558916;0.9756206;0.9756442;0.97567546;0.97570854;0.9757349;0.975763;0.9757904;0.9758165;0.97584736;0.9758716;0.97589904;0.9759293;0.9759512;0.9759825;0.9760071;0.9760357;0.976061;0.97608656;0.97611463;0.97613686;0.9761619;0.9761901;0.97621864;0.976246;0.9762669;0.97629064;0.9763168;0.9763457;0.97637314;0.97639453;0.9764208;0.97644705;0.9764725;0.97650033;0.97652465;0.97654855;0.97657794;0.97660446;0.9766306;0.9766591;0.9766848;0.9767077;0.97673225;0.9767571;0.9767867;0.97681004;0.976831;0.97685325;0.9768772;0.97690207;0.97692955;0.97695434;0.97698003;0.9770037;0.9770246;0.97704786;0.9770717;0.97709614;0.97712255;0.9771479;0.9771751;0.97720164;0.9772245;0.97725517;0.9772766;0.9773029;0.97733015;0.97735274;0.97737336;0.97739846;0.9774197;0.9774437;0.9774658;0.97749454;0.97751683;0.97754127;0.9775644;0.9775904;0.97761875;0.9776405;0.97766095;0.97768635;0.9777104;0.97773856;0.977765;0.97778744;0.9778107;0.9778379;0.97786015;0.9778854;0.9779088;0.97793025;0.9779514;0.97797215;0.977992;0.9780151;0.97804004;0.9780643;0.97808486;0.9781033;0.9780819;0.9781096;0.9781343;0.97815675;0.978181;0.9782055;0.97822666;0.9782502;0.97826976;0.9782656;0.9782914;0.9783138;0.9783365;0.97831786;0.97834045;0.9783654;0.97838765;0.97840405;0.9784262;0.97845006;0.9784727;0.978491;0.978511;0.9785341;0.978552;0.9785755;0.97859305;0.9786177;0.9786406;0.9786651;0.97868675;0.97870696;0.9787299;0.9787517;0.9787743;0.9787983;0.97882354;0.97884154;0.9788642;
0.3809524;0.33548388;0.44298247;0.49834985;0.5345268;0.58848614;0.6286765;0.66233766;0.68443805;0.70946825;0.73364484;0.748394;0.763834;0.77377653;0.7793345;0.7908714;0.7956318;0.8042836;0.81297976;0.8207358;0.8303797;0.83787054;0.8449971;0.85209715;0.8574468;0.8634047;0.8679152;0.87268406;0.87689483;0.88072985;0.88478076;0.8882402;0.89149797;0.89461267;0.8978269;0.9;0.903004;0.9052669;0.907777;0.9097035;0.91210234;0.914075;0.91617143;0.91801775;0.91973644;0.9214537;0.9231431;0.92482466;0.9264141;0.9276653;0.929063;0.9304619;0.9319106;0.93310034;0.9343781;0.9354217;0.9364176;0.93745625;0.93871486;0.9396668;0.9404577;0.9414847;0.9423532;0.9434599;0.9442596;0.9451045;0.9458586;0.94673026;0.94747156;0.94820255;0.9489718;0.9495387;0.9502136;0.95086175;0.951642;0.9515842;0.9521211;0.95272034;0.95335275;0.9539061;0.95453024;0.9552116;0.955758;0.9562208;0.95672923;0.95716536;0.9577246;0.9581603;0.95870656;0.95926315;0.95960194;0.96005875;0.96040756;0.9608295;0.9613197;0.961744;0.96205884;0.96241534;0.96279067;0.9631885;0.9635291;0.9639592;0.96435124;0.96470284;0.965061;0.9654076;0.9658077;0.96610594;0.9663783;0.96669525;0.9670383;0.9673195;0.96759975;0.9678639;0.9681387;0.96841615;0.9687392;0.9689993;0.96927595;0.96951014;0.9697374;0.969958;0.9702602;0.9705532;0.9707935;0.9710423;0.9712565;0.9714436;0.9716371;0.9718689;0.97207105;0.97229296;0.9724919;0.9727182;0.97292453;0.97314113;0.9733699;0.9735383;0.9737173;0.9738989;0.97408783;0.974296;0.97447926;0.9746411;0.9748078;0.974977;0.97511435;0.97528845;0.9754601;0.975601;0.9757576;0.975668;0.97582203;0.9759678;0.9761409;0.9762049;0.9760823;0.9761397;0.97627723;0.97602624;0.97594386;0.9757008;0.9747712;0.97421414;0.9739583;0.97396505;0.97377944;0.9737726;0.972855;0.97247636;0.9723965;0.97241485;0.9722889;0.9723655;0.9725619;0.9724185;0.9708833;0.97006977;0.96970373;0.9692833;0.9691786;0.96914846;0.9686475;0.9681699;0.9674117;0.9675222;0.96729136;0.96722704;0.9673046;0.96747;0.9676156;0.9677734;0.9679651;0.9681327;0.9682529;0.9684239;0.96858037;0.96873313;0.96887606;0.96902597;0.96917236;0.9693418;0.9694913;0.9696493;0.96978796;0.9699507;0.9700711;0.9702174;0.970368;0.9705039;0.9706423;0.97079784;0.9709426;0.9710679;0.9712172;0.9713437;0.97147787;0.9716282;0.9717442;0.9718797;0.9719937;0.9721185;0.9722572;0.9723747;0.97249943;0.9726214;0.9727567;0.9728748;0.972984;0.9731064;0.9731967;0.97332644;0.9734549;0.9735655;0.9736857;0.9737855;0.973889;0.9739902;0.9740921;0.9742047;0.97431916;0.97441846;0.97452265;0.9746357;0.97473395;0.9748383;0.9749472;0.9750458;0.97515696;0.9752565;0.9753658;0.9754611;0.97555566;0.9756559;0.9757363;0.97583634;0.9759318;0.976029;0.9761217;0.976221;0.97629774;0.97638357;0.97646403;0.97644615;0.97592854;0.97600967;0.97581613;0.9756572;0.97550434;0.9754395;0.9753848;0.975376;0.97547483;0.97556335;0.9749381;0.9748099;0.9746933;0.97478586;0.97487533;0.9747767;0.9748715;0.9749704;0.97472364;0.9744531;0.9745417;0.97420925;0.9740163;0.97345215;0.9732242;0.9726204;0.97234726;0.97173613;0.9712329;0.9705641;0.9702508;0.96939284;0.968819;0.96731174;0.9656468;0.9646073;0.963185;0.96097;0.9591954;0.95693445;0.9546231;0.95209396;0.9496691;0.9476242;0.9450426;0.9425357;0.94072896;0.9382071;0.93591934;0.9334071;0.9311648;0.9279729;0.925154;0.9221582;0.9193359;0.91676074;0.9139332;0.9113503;0.90848076;0.9060783;0.90342784;0.9007558;0.89787894;0.89513004;0.8920711;0.8893215;0.88676804;0.8841579;0.88131505;0.87898344;0.87592876;0.8735559;0.8708153;0.8681606;0.86521465;0.86337507;0.8609508;0.8582554;0.8560109;0.8537117;0.8512926;0.849042;0.84645367;0.8441733;0.8420992;0.83977795;0.8374055;0.8349511;0.83273226;0.8301794;0.8279233;0.82592815;0.82375693;0.8215356;0.8192344;0.81740266;0.81521535;0.8128891;0.8104633;0.8081939;0.80567086;0.80348706;0.8015786;0.7991257;0.7968903;0.7948402;0.7928293;0.790893;0.7885977;0.7863082;0.784004;0.7819919;0.77982366;0.7774746;0.77538615;0.77341795;0.7713512;0.7690528;0.7668216;0.76478994;0.76298124;0.76104903;0.7591266;0.75724;0.7554148;0.7539868;0.75181633;0.7496839;0.7477164;0.746089;0.74403936;0.74212646;0.7403483;0.7386781;0.73686683;0.73511374;0.7330994;0.73094994;0.7294188;0.72791827;0.7266404;0.7247919;0.7230719;0.7212414;0.71939665;0.71744394;0.7156185;0.7140346;0.7122727;0.7106116;0.7091332;0.7077608;0.70603;0.7044207;0.70286375;0.7012688;0.69970345;0.69781196;0.6960632;0.6941035;0.6921985;0.6906733;0.68906826;0.6874491;0.6858161;0.6843402;0.68292;0.68128765;0.67972624;0.67810905;0.67660385;0.67506385;0.67348945;0.6718812;0.6701988;0.6684637;0.6668996;0.66546404;0.66411495;0.66247135;0.6610348;0.6594856;0.65810144;0.6565463;0.65527225;0.65394473;0.65235096;0.65097725;0.6497247;0.6483812;0.6470814;0.6456158;0.64442164;0.6431753;0.6419547;0.6404003;0.6390951;0.6377212;0.6362793;0.63517463;0.6338724;0.6326119;0.63121116;0.62996125;0.62884235;0.6276018;0.62620527;0.62488616;0.62360793;0.62217623;0.620874;0.6197346;0.61844254;0.6172253;0.61583996;0.6146329;0.61349916;0.6120622;0.6108189;0.6094622;0.6081452;0.6066829;0.60549474;0.60419476;0.6026852;0.60138077;0.5999344;0.5988215;0.59753376;0.5961544;0.59515226;0.59391236;0.59258157;0.59143203;0.59022343;0.5892095;0.5878053;0.5867212;0.5856411;0.5841916;0.5829505;0.5818842;0.5805146;0.5791515;0.5781143;0.57705045;0.5760359;0.5748291;0.57359743;0.5726099;0.57161087;0.5703632;0.5692834;0.56800187;0.5669017;0.5658641;0.5647722;0.56345296;0.5624359;0.56129986;0.5601112;0.55919814;0.558217;0.5571403;0.5559833;0.5549152;0.5540749;0.5529862;0.551888;0.5508494;0.5499524;0.54879755;0.54772955;0.5470081;0.54586583;0.5448906;0.54370326;0.5426016;0.5414242;0.54057115;0.53968096;0.5387805;0.5378172;0.53669983;0.53561324;0.5346612;0.5337125;0.5328836;0.53178656;0.53070694;0.52997684;0.5289682;0.52797616;0.52706367;0.5260661;0.524997;0.52404475;0.52320814;0.52215064;0.52114683;0.5203441;0.5195438;0.5188073;0.5178041;0.5170481;0.5162337;0.5152525;0.514275;0.51340926;0.5125703;0.5117222;0.5109007;0.51005805;0.509053;0.508287;0.50754684;0.50679713;0.50587475;0.50494415;0.5039475;0.50316226;0.5023794;0.5016449;0.5006498;0.49978378;0.49901143;0.49807194;0.4971585;0.49621478;0.4952076;0.4943269;0.49349365;0.4926743;0.49197885;0.49121943;0.4902762;0.48944566;0.48859617;0.48771766;0.4869066;0.48613048;0.48535684;0.48442534;0.4836784;0.48280638;0.48190576;0.4810928;0.4802931;0.4795798;0.47875378;0.4779306;0.47712064;0.47616878;0.47522074;0.4745737;0.47380573;0.47309119;0.4723483;0.47160774;0.4709806;0.4702242;0.46941;0.46856862;0.46787974;0.4670935;0.46629012;0.46552894;0.46482927;0.46402383;0.4632505;0.46246025;0.46171153;0.4609362;0.46025026;0.45948943;0.4588078;0.45820466;0.4574887;0.45681298;0.4562056;0.45560926;0.45492968;0.45427087;0.4536515;0.45304313;0.45225003;0.45152467;0.45091274;0.45030248;0.44960177;0.44893077;0.44817945;0.44744885;0.44683883;0.4461851;0.4455333;0.44473925;0.4440737;0.4434191;0.44273964;0.44217798;0.44154668;0.44078445;0.44020125;0.43947884;0.43869743;0.43806732;0.43722996;0.43665612;0.43589336;0.435254;0.43461654;0.43396375;0.43329585;0.43261293;0.43201715;0.43131286;0.43070376;0.43015534;0.4295075;0.42891186;0.42835128;0.42770883;0.4271348;0.4264629;0.42587563;0.42531475;0.4246896;0.42421374;0.4236;0.42292285;0.4223372;0.42176935;0.4211546;0.4206141;0.42003483;0.41940907;0.41878515;0.41818702;0.41759056;0.41692457;0.4163712;0.4157878;0.41512752;0.4145241;0.41380545;0.41318256;0.4125383;0.41193464;0.41140983;0.41077107;0.41018027;0.40962934;0.40901133;0.40841037;0.4077733;0.4071986;0.40671593;0.40609917;0.40554416;0.40499815;0.4044536;0.4038511;0.4033763;0.4027992;0.40225673;0.40169752;0.40122047;0.4007153;0.40010202;0.3995633;0.39899707;0.398483;0.3979198;0.39724317;0.39662614;0.3961039;0.39562577;0.3952057;0.39470845;0.39424786;0.39380953;0.39321718;0.39276004;0.3922199;0.39172316;0.39122766;0.39074036;0.39020577;0.38973486;0.38927197;0.3887522;0.38825047;0.38785964;0.38736022;0.386828;0.38636523;0.3858629;0.38538212;0.38488907;0.38442418;0.3838933;0.38338396;0.38290936;0.38236266;0.3818574;0.38141966;0.38096312;0.38043517;0.37999585;0.3795421;0.37899858;0.37841097;0.3779552;0.377507;0.37691754;0.3763428;0.37589842;0.37539092;0.3749168;0.37438643;0.37388936;0.3733492;0.37287387;0.37243766;0.37195835;0.3715117;0.37111625;0.3706216;0.37022805;0.36970463;0.36923853;0.36881694;0.36831602;0.36785343;0.36739814;0.3669256;0.36641756;0.3660634;0.365576;0.36515668;0.36478677;0.36436924;0.36392254;0.36341676;0.36291242;0.3625291;0.36219433;0.36172912;0.36122942;0.36083186;0.3603997;0.36001572;0.359509;0.3590389;0.3585876;0.35809654;0.35775244;0.35733342;0.3568864;0.3564289;0.35595527;0.35551167;0.35513806;0.35476524;0.35429034;0.35384515;0.3535035;0.35308868;0.35271448;0.35232413;0.35194027;0.35149536;0.35111332;0.35062012;0.35017297;0.34974366;0.34923765;0.34886047;0.34842333;0.3479597;0.3475358;0.3471623;0.34675676;0.34622115;0.3457688;0.34530678;0.34494346;0.34448907;0.3441167;0.3436322;0.34320265;0.3428491;0.34244823;0.3420856;0.3416121;0.34118763;0.3408435;0.3403787;0.33999938;0.33956838;0.33925897;0.33889258;0.33848003;0.3381049;0.33759567;0.33724323;0.33694318;0.3365663;0.33617997;0.33576888;0.33540487;0.33501098;0.334669;0.33430228;0.3338298;0.3334649;0.33314124;0.33277786;0.33237502;0.3320886;0.3317726;0.3313622;0.3309578;0.3305693;0.33014202;0.32980496;0.3293846;0.32902008;0.32868534;0.32831204;0.32792488;0.32751912;0.3271241;0.32674947;0.32638538;0.32608503;0.32571277;0.3253269;0.32502848;0.324655;0.32427168;0.32386538;0.32345536;0.3231319;0.322719;0.32232606;0.32205203;0.32175964;0.32139254;0.32098874;0.32063276;0.32024953;0.3198719;0.3195509;0.31920272;0.31883216;0.31846708;0.31816274;0.31780377;0.31746858;0.3171066;0.31676373;0.31643072;0.31609386;0.31571686;0.3153227;0.31501526;0.31472197;0.31437525;0.31402478;0.31367064;0.313286;0.31287557;0.31250623;0.31217322;0.3118542;0.3115447;0.31126222;0.31088346;0.31057587;0.31026012;0.30998433;0.3097315;0.30941755;0.3090955;0.30878282;0.3084751;0.30813774;0.30783775;0.30759653;0.3072226;0.30691382;0.30660567;0.30628535;0.30597845;0.30574018;0.3054132;0.3051419;0.30486265;0.30454597;0.30423412;0.30391872;0.30363333;0.30337778;0.3030516;0.30270115;0.30238476;0.30206487;0.3017705;0.30144367;0.30110928;0.30077976;0.30051255;0.3002171;0.29988542;0.29958582;0.29923928;0.29890978;0.29864997;0.29830962;0.2980549;0.29770383;0.2974099;0.29709244;0.2967917;0.29649955;0.2962399;0.29597276;0.29567426;0.2953764;0.2950791;0.2948101;0.29447845;0.29422233;0.29386845;
0.42647058;0.52287585;0.50442475;0.5478548;0.6016043;0.6;0.609375;0.61168385;0.6325926;0.6496644;0.6621455;0.67118645;0.6861082;0.7068114;0.71270716;0.7245873;0.73589534;0.7524904;0.7563822;0.7673301;0.77002585;0.77393454;0.78134286;0.79199547;0.79989153;0.807392;0.8129424;0.82025194;0.8267165;0.83325845;0.8383442;0.8433277;0.8485714;0.85387945;0.8578544;0.86125654;0.86523795;0.8688583;0.8724209;0.8760441;0.8788769;0.88210994;0.88467515;0.8879493;0.8908181;0.89339083;0.8956106;0.8975421;0.8996212;0.90159154;0.90356123;0.9057419;0.9072268;0.9086207;0.9101695;0.91164565;0.9130537;0.91463417;0.91591114;0.91716903;0.9184436;0.9199741;0.9211142;0.9222059;0.92339456;0.924777;0.9258445;0.9267378;0.92783505;0.92894083;0.92996037;0.9309639;0.9320264;0.9329114;0.93366706;0.9344291;0.93523043;0.9361446;0.93689406;0.9377308;0.9385049;0.9392898;0.9399482;0.94066846;0.94136244;0.94208556;0.94271153;0.943402;0.9440928;0.9447259;0.94530445;0.94592625;0.9465726;0.947151;0.947717;0.94827825;0.94876397;0.9492476;0.94982415;0.9502414;0.950678;0.95112634;0.95174295;0.9522338;0.9526302;0.9531092;0.9535379;0.95394164;0.9542773;0.9541195;0.9538165;0.9541647;0.95450765;0.9548828;0.9552727;0.95566106;0.9561484;0.9565168;0.9569276;0.9572688;0.9575905;0.9579537;0.9583152;0.95867056;0.95901114;0.95939785;0.9593727;0.95970774;0.9598136;0.9592341;0.958725;0.95737773;0.95658743;0.9569215;0.9567809;0.9566805;0.95683736;0.9570803;0.9571553;0.95707166;0.95729095;0.95739657;0.9575627;0.9578016;0.95805556;0.958318;0.9585961;0.9588631;0.9591118;0.9594195;0.95968676;0.9599611;0.9602143;0.960485;0.96076566;0.96102893;0.9612887;0.96153194;0.96175927;0.96202534;0.9622814;0.96256816;0.962814;0.96301436;0.96324843;0.963456;0.9636903;0.9639245;0.96414435;0.9643251;0.9645207;0.9647361;0.96493536;0.9651485;0.9653166;0.96549886;0.9656818;0.9658809;0.9660801;0.96628463;0.9664569;0.96662736;0.9667937;0.9669873;0.9671477;0.96734196;0.96751523;0.9676867;0.9678564;0.9680175;0.9678596;0.96798325;0.9681258;0.96829355;0.9684486;0.96860003;0.9687734;0.9689281;0.9691146;0.9692638;0.96941775;0.96961254;0.96974504;0.96990997;0.9700497;0.97018814;0.9703445;0.97047067;0.9705996;0.9707498;0.9708892;0.97102183;0.97116053;0.97128886;0.97141784;0.9715546;0.971697;0.9718154;0.97194314;0.9720612;0.97219527;0.97233963;0.9724561;0.97257155;0.97269094;0.972798;0.97292185;0.9730509;0.97318655;0.97332555;0.9734554;0.9735779;0.97370535;0.97352624;0.97364676;0.9737439;0.97386247;0.97398585;0.9741066;0.9741932;0.9743078;0.97441566;0.97451705;0.97460926;0.974716;0.9748192;0.97492415;0.97501886;0.97513694;0.97525257;0.9753527;0.9754728;0.97557247;0.9756751;0.97576046;0.9758703;0.9759705;0.97606;0.97614634;0.9762345;0.9763232;0.97639924;0.97647834;0.9765522;0.97663385;0.97672194;0.97680247;0.9768939;0.97697437;0.9770633;0.97713464;0.9772336;0.97731173;0.9774003;0.9774674;0.97754496;0.97763824;0.9777125;0.9777948;0.9778755;0.9779482;0.97800475;0.97808284;0.97815627;0.9782384;0.97831786;0.97838366;0.97844005;0.9785121;0.9786064;0.9786911;0.97876245;0.9788372;0.9789162;0.97898513;0.9790422;0.97911406;0.9791966;0.9792656;0.9793359;0.9794012;0.9794651;0.9795395;0.9796071;0.97967786;0.9797507;0.9798178;0.9798862;0.97997665;0.9800414;0.98005587;0.980072;0.98012567;0.98018324;0.9802422;0.98029244;0.98035324;0.98042434;0.9804884;0.980548;0.9806072;0.98066044;0.9807142;0.98079145;0.9808421;0.9809043;0.98096055;0.9810235;0.9810814;0.9811313;0.9811802;0.9812356;0.98129;0.9813493;0.9814;0.98144454;0.98151094;0.9815674;0.9816155;0.98166406;0.9817102;0.98175323;0.9818011;0.98185295;0.9819003;0.98194313;0.98199;0.98204076;0.98209196;0.98214626;0.9821975;0.9822553;0.9823046;0.98236763;0.9824223;0.9824819;0.98253846;0.9825908;0.98263437;0.98267317;0.982724;0.98277396;0.9828217;0.98287547;0.98291945;0.9829683;0.98301804;0.98306197;0.98310995;0.98315096;0.9831954;0.9832451;0.9832878;0.9833273;0.98336494;0.9834083;0.983459;0.98350656;0.98354566;0.9835857;0.9836268;0.9836756;0.98371905;0.98375714;0.98379;0.9838373;0.9838855;0.9839234;0.98397046;0.9840113;0.9840568;0.9840971;0.9841335;0.9841794;0.98422337;0.9842613;0.9843022;0.9843434;0.98438233;0.9844211;0.9844544;0.9844897;0.9845294;0.98456943;0.9846047;0.9846499;0.984585;0.98436064;0.9841707;0.9842095;0.98408246;0.9840877;0.9841321;0.9841085;0.9841367;0.984018;0.98369825;0.98367333;0.98368;0.9836851;0.9834974;0.9835383;0.98348445;0.98346245;0.98349744;0.98350435;0.98354995;0.9835562;0.9832807;0.982942;0.9826417;0.9826265;0.98254305;0.98227686;0.98191845;0.98137677;0.9807757;0.98020923;0.97991574;0.9795353;0.9789096;0.9786576;0.9782556;0.97788304;0.97769284;0.9777417;0.97733814;0.97724146;0.97729987;0.9772585;0.977187;0.9769951;0.9770057;0.97646815;0.9764002;0.9762689;0.9760242;0.9758126;0.97548574;0.97533023;0.9748261;0.9743009;0.97389543;0.9738577;0.9735065;0.9728453;0.9724386;0.97177523;0.9713697;0.97094285;0.9706922;0.9705046;0.9701916;0.96966434;0.96890986;0.96877295;0.968517;0.96810335;0.96726733;0.96681774;0.9657511;0.96534145;0.9645845;0.96414495;0.963805;0.96328145;0.96306103;0.962489;0.9617635;0.961569;0.9612144;0.9608699;0.9602146;0.9594044;0.95929605;0.95870656;0.9582692;0.95757526;0.9572047;0.9569081;0.95691085;0.9563904;0.9557239;0.95509356;0.95429784;0.95296925;0.95154417;0.9505387;0.9493214;0.94799423;0.94668555;0.94564337;0.9440984;0.94251615;0.9407626;0.93910146;0.9375438;0.9356084;0.93401104;0.932371;0.9307847;0.92917985;0.9273899;0.9257493;0.9236653;0.9220378;0.9202753;0.9187064;0.9170731;0.9150742;0.91345376;0.911862;0.91009223;0.908375;0.90645945;0.9049373;0.9031491;0.901323;0.8997508;0.8983182;0.8966896;0.8948673;0.8933396;0.8914868;0.8896637;0.8881537;0.88654;0.8850623;0.88350296;0.8818415;0.8802077;0.8786441;0.8770008;0.8755759;0.874198;0.8724448;0.8706566;0.86893845;0.86733127;0.8656055;0.8640105;0.8626275;0.8612284;0.8596905;0.85815805;0.8566921;0.85553503;0.85391635;0.8524648;0.8508778;0.8494366;0.84800017;0.8465488;0.8448651;0.84348357;0.8420083;0.8406361;0.8392878;0.8377883;0.8363329;0.83486325;0.8332641;0.8318435;0.83029413;0.82875043;0.82732624;0.82586914;0.824436;0.8231204;0.8217342;0.8203526;0.8190314;0.8176404;0.8161065;0.8146886;0.8134039;0.8121963;0.8105736;0.80926555;0.80797976;0.80675215;0.8054025;0.80411106;0.8029845;0.8016118;0.80010194;0.7986684;0.7972576;0.7959395;0.7947832;0.79356045;0.7923762;0.7910441;0.7898156;0.7887115;0.78750736;0.78648746;0.7853756;0.78392637;0.7828047;0.7814495;0.78013265;0.77878666;0.7778137;0.77684313;0.7755584;0.7744938;0.77343214;0.77227426;0.7709881;0.7697719;0.76839596;0.76730204;0.76608115;0.7648965;0.7636671;0.7626349;0.76163757;0.7604667;0.75929934;0.75815153;0.75703895;0.75607204;0.75485504;0.753579;0.7522603;0.75124305;0.7500883;0.74889046;0.7475726;0.7463211;0.7451506;0.74392253;0.7427443;0.74147844;0.7405053;0.739353;0.73820424;0.7369839;0.7358425;0.73465985;0.73357034;0.73236525;0.7312381;0.7300849;0.7288471;0.72773075;0.7266178;0.72566867;0.7246784;0.7234878;0.72238785;0.7215074;0.7203128;0.7194087;0.7184068;0.71739346;0.7164114;0.7155738;0.7145967;0.7135658;0.7126927;0.7116253;0.7106589;0.70969516;0.7085811;0.7073873;0.7064739;0.7055077;0.7044479;0.70324063;0.70216036;0.70123315;0.7004578;0.6994131;0.69827706;0.6973735;0.6962977;0.6953993;0.6944097;0.69332975;0.69245225;0.6913254;0.690519;0.6895564;0.6885046;0.68745595;0.6865411;0.6855895;0.684433;0.6836037;0.68251836;0.68166804;0.6808711;0.6797688;0.67884874;0.6778039;0.6767495;0.6759894;0.6748902;0.6739455;0.67300344;0.6720515;0.6711272;0.67013085;0.6692118;0.6682087;0.66712236;0.6664083;0.6655485;0.6646665;0.6638356;0.66281205;0.6617795;0.66084695;0.6597844;0.6589055;0.65798104;0.65701133;0.6562114;0.6553658;0.6546173;0.6536575;0.6526769;0.65185213;0.65092385;0.6500333;0.6490985;0.64829445;0.64738786;0.6465301;0.64564;0.644856;0.6440509;0.64314467;0.6422182;0.6413399;0.6404185;0.6396358;0.6388324;0.6380084;0.63709664;0.63629955;0.63553804;0.63458866;0.6337979;0.6330645;0.6321225;0.63127166;0.6305221;0.6296535;0.628853;0.62787986;0.6271493;0.62655073;0.6257582;0.6251082;0.6242243;0.62341607;0.62278175;0.621988;0.6211962;0.6204171;0.6195868;0.61892843;0.6181233;0.6172253;0.6163404;0.6155734;0.61488163;0.61407655;0.613409;0.6126285;0.6119848;0.6111769;0.6104124;0.6097528;0.60899186;0.60830456;0.607629;0.6068122;0.60606873;0.6054286;0.6046683;0.6038695;0.60313326;0.60244906;0.60161597;0.60090524;0.6000964;0.59937924;0.59868366;0.597861;0.5970603;0.5963307;0.5956815;0.59495527;0.59415257;0.5935343;0.59284246;0.5920164;0.591212;0.5905352;0.58984077;0.5891864;0.58853346;0.5877767;0.58707917;0.5864785;0.585784;0.5851955;0.5844852;0.58367276;0.5829661;0.5822236;0.5814455;0.5807349;0.5800446;0.5794118;0.5787989;0.5781965;0.5775308;0.5769218;0.5762958;0.5756436;0.575002;0.5743527;0.57363194;0.5730312;0.57241356;0.5717339;0.571101;0.5704695;0.5697674;0.56911194;0.5684043;0.5677341;0.5670744;0.5664654;0.56588846;0.56523305;0.5645262;0.56377715;0.56320566;0.5626441;0.5619787;0.56128;0.560731;0.5600093;0.55938476;0.5586925;0.5580278;0.5574765;0.55677176;0.55617154;0.55543596;0.5547619;0.5541235;0.55341876;0.5527834;0.5521749;0.5516099;0.55103755;0.5504748;0.54982114;0.54906046;0.54855174;0.5478943;0.54720527;0.5466586;0.5460552;0.5454944;0.5449511;0.5444664;0.54399073;0.54344225;0.5428378;0.5422754;0.5416898;0.5409433;0.5403848;0.5397226;0.5390218;0.53837895;0.53774565;0.5372337;0.5366988;0.5361729;0.53555274;0.5349419;0.5343167;0.533756;0.53315717;0.53251255;0.53190863;0.5312905;0.5305958;0.52999616;0.5295144;0.52896374;0.5284297;0.5278273;0.52736485;0.5269032;0.5262429;0.5256455;0.52496547;0.5244166;0.52390695;0.52342856;0.5229208;0.5223686;0.52179503;0.5212001;0.5205766;0.5198722;0.5192816;0.51881915;0.51826817;0.5177332;0.51717716;0.5166075;0.516076;0.5155088;0.51489145;0.5143195;0.51370496;0.5131794;0.5126767;0.51194274;0.5114425;0.51096493;0.5104233;0.5098252;0.5093363;0.50875515;0.50826824;0.50773233;0.50726163;0.50674915;0.5062023;0.50567776;0.5051685;0.50458974;0.5041319;0.50356954;0.5031556;0.50256044;0.5021133;0.50154847;0.5009919;0.5003949;0.49987543;0.49932945;0.49883974;0.4982754;0.49772602;0.49717787;0.49662408;0.49608517;0.4955066;0.49509227;0.49458376;0.49413761;0.49370533;0.49328053;0.4927489;0.49220496;0.49173588;0.49126768;0.49076036;0.49024078;0.48979536;0.4891983;0.48865557;0.48811406;0.48760664;0.48717362;0.48667476;0.4862882;
0.4057971;0.39597315;0.41232228;0.4787234;0.5141243;0.53588516;0.5437882;0.5440141;0.5531915;0.55054647;0.56843406;0.5778032;0.5783898;0.5984252;0.61808115;0.62607205;0.6334405;0.65230536;0.6680851;0.6774848;0.681906;0.69525546;0.7068063;0.7154742;0.7246531;0.7284974;0.73030907;0.7336852;0.7401392;0.74496645;0.74773216;0.75084037;0.75468624;0.7601432;0.7613724;0.7665663;0.7689769;0.77203;0.7764624;0.7770961;0.7741614;0.77788585;0.7812204;0.7837166;0.7883389;0.79107565;0.7957949;0.7974648;0.79878724;0.8016194;0.8057022;0.80946225;0.81284916;0.8170308;0.8206813;0.82402104;0.8271576;0.8298707;0.83284193;0.83541757;0.83809316;0.8409238;0.8434247;0.8457191;0.8479472;0.85026413;0.8524229;0.8542694;0.8565884;0.8585375;0.860566;0.86266494;0.86477584;0.8665583;0.8680828;0.86987144;0.87087244;0.87255573;0.8741744;0.87583554;0.87735224;0.87865424;0.88006455;0.8814803;0.88282603;0.8839969;0.8852332;0.88654757;0.8878998;0.8890382;0.8904453;0.8915487;0.8927695;0.8937661;0.8949972;0.8960839;0.89724797;0.8983167;0.8994587;0.9005488;0.901472;0.9024294;0.9033056;0.9042032;0.90501153;0.9060326;0.9067988;0.9076789;0.9084975;0.90934604;0.91018975;0.91101795;0.9118624;0.9127422;0.91358453;0.9143713;0.91515356;0.91591215;0.91621745;0.9169542;0.91715455;0.91742414;0.9180702;0.91792166;0.9186133;0.91925925;0.919895;0.92046285;0.9210472;0.9215666;0.92223805;0.92280453;0.9233551;0.9239358;0.92451525;0.92511535;0.9256915;0.92618036;0.9266346;0.92722243;0.92762285;0.9281138;0.9286182;0.9291156;0.9296515;0.930109;0.93061113;0.9311558;0.9316063;0.93210536;0.9326031;0.9330819;0.9334496;0.93383056;0.93425816;0.93469703;0.9351687;0.9356498;0.9361506;0.9364407;0.93688637;0.9373259;0.9376934;0.9380667;0.9384157;0.9387853;0.93915534;0.9395209;0.9398396;0.9401783;0.9405086;0.9408398;0.94115835;0.9415093;0.941856;0.9421812;0.942546;0.9428721;0.94316494;0.94348407;0.9437996;0.9440789;0.9443596;0.94466144;0.9449878;0.9452829;0.9456174;0.94591343;0.94616467;0.94638485;0.94670933;0.9469786;0.9472343;0.9475019;0.9477383;0.9480396;0.9482817;0.94853187;0.94880366;0.94907254;0.949352;0.949592;0.94981986;0.95004237;0.95029527;0.95054233;0.95078385;0.9510418;0.95126295;0.9514637;0.9516719;0.9519297;0.95214;0.9523543;0.95259315;0.95280343;0.95302343;0.9532385;0.953446;0.953646;0.9538554;0.95407677;0.9542741;0.95445627;0.9546826;0.9548854;0.9550733;0.95526487;0.9554677;0.9556636;0.95589334;0.9560729;0.9562486;0.9564451;0.9566276;0.956811;0.9570025;0.9571708;0.9573568;0.9574964;0.9576819;0.95783097;0.958009;0.95816267;0.9583197;0.9583672;0.95851564;0.9586786;0.95883363;0.9589787;0.95908266;0.95925826;0.95930755;0.9594445;0.9596102;0.9596471;0.95963377;0.9597802;0.95994014;0.96009666;0.9602581;0.9604122;0.9605851;0.9607327;0.96089894;0.9610422;0.96118253;0.9613334;0.9614735;0.96161264;0.96175456;0.96189725;0.96201664;0.9621648;0.9622825;0.96243405;0.9625645;0.9627156;0.96284235;0.96298593;0.96309507;0.9632175;0.96334606;0.9634789;0.9636193;0.9637671;0.9638885;0.96403575;0.9641587;0.9642791;0.9644249;0.96456295;0.9646888;0.9648089;0.96492815;0.96504974;0.9651768;0.96531534;0.9654343;0.965554;0.9656774;0.9657773;0.9658826;0.96589965;0.96596026;0.9659784;0.965619;0.96572024;0.96580756;0.96584946;0.9659549;0.96605384;0.96612984;0.966119;0.9661885;0.9662841;0.96631765;0.9663746;0.9664982;0.9666028;0.9666985;0.966806;0.96668315;0.966805;0.9668974;0.96699345;0.9670943;0.96717715;0.9672835;0.96739566;0.9674993;0.9675918;0.967702;0.96778697;0.9678945;0.9679962;0.96810484;0.9681739;0.9682627;0.9683547;0.9684523;0.96855295;0.968636;0.96872216;0.9688103;0.9688836;0.9688604;0.9689246;0.9690254;0.96910316;0.96918404;0.9692657;0.96935964;0.969445;0.96954125;0.96961874;0.9697026;0.9697883;0.9698768;0.96996933;0.97004795;0.9701339;0.97022367;0.97031945;0.9704092;0.97051024;0.9705882;0.970669;0.9707314;0.9708124;0.97088873;0.97096264;0.9710445;0.9711001;0.971175;0.9712648;0.97134084;0.9714245;0.9714888;0.9715467;0.9716233;0.97169054;0.97175163;0.9718349;0.9718973;0.97197974;0.9720405;0.9721077;0.97218895;0.9722668;0.972332;0.97241;0.972468;0.9725379;0.9726064;0.9726728;0.9727416;0.972821;0.9728972;0.9729559;0.97302955;0.97309923;0.97316414;0.97322077;0.9732745;0.9733456;0.9734241;0.97348225;0.97338676;0.9733567;0.97342324;0.97348595;0.97354496;0.9736071;0.9736639;0.973723;0.9737793;0.97383535;0.9738995;0.9739732;0.9740383;0.97409815;0.9741635;0.97423005;0.97428983;0.9743478;0.974403;0.97446436;0.97451913;0.97457206;0.97462636;0.97468823;0.9747436;0.9748033;0.9748559;0.9749097;0.9749626;0.97502667;0.9750904;0.9751417;0.97519284;0.9752483;0.9753012;0.9753524;0.9754152;0.97547185;0.9755275;0.9755829;0.9756402;0.9756951;0.9757461;0.9757991;0.97584254;0.9758958;0.97594464;0.97599745;0.9760549;0.9761079;0.9761711;0.976225;0.9762752;0.9763293;0.976375;0.97642255;0.97647196;0.9765238;0.9765661;0.9766175;0.97666675;0.97663724;0.97670007;0.9767481;0.976716;0.976771;0.97681534;0.9768718;0.97691256;0.97696215;0.9770038;0.9770581;0.97710454;0.9771514;0.97719616;0.9772414;0.9772771;0.97733074;0.9773767;0.9774169;0.977468;0.9775165;0.977569;0.97761333;0.9776539;0.977701;0.9777442;0.9777969;0.9777605;0.97760993;0.97765243;0.9777001;0.97774225;0.9777819;0.97782785;0.9778713;0.977914;0.97795767;0.9780029;0.9780428;0.97808707;0.97812665;0.9781638;0.97820705;0.97824675;0.9782908;0.978342;0.9783801;0.97842246;0.97846085;0.97850126;0.97854483;0.9785762;0.97861946;0.9786626;0.9787017;0.9787472;0.978779;0.9788092;0.9788488;0.9788841;0.97892404;0.9789659;0.9790018;0.9790429;0.97908276;0.9791162;0.97915626;0.9791983;0.97923857;0.97927207;0.9793136;0.97935086;0.9793875;0.9794291;0.97946703;0.9794952;0.9795329;0.97957087;0.9796113;0.979645;0.97968507;0.979724;0.9797613;0.9797999;0.97983164;0.97986513;0.9798985;0.9799323;0.97996646;0.9798632;0.97990596;0.97993755;0.9799667;0.97981477;0.9798289;0.9798656;0.97989655;0.9799311;0.979968;0.9800009;0.9800366;0.980074;0.9801094;0.9801516;0.9801872;0.9802194;0.9802543;0.9802959;0.980326;0.9803618;0.9803976;0.9804282;0.98046374;0.9804933;0.98048365;0.98047453;0.9805079;0.98029083;0.9801899;0.98022634;0.9802594;0.98029244;0.98032314;0.9803559;0.98038644;0.9804133;0.9804467;0.98047644;0.9805135;0.98054093;0.9805739;0.98061144;0.980645;0.9806729;0.9807041;0.980737;0.98077095;0.9808082;0.98083895;0.9808684;0.9809015;0.98093075;0.9809632;0.9809943;0.9810241;0.98105663;0.9810834;0.98110837;0.981139;0.98116875;0.9811923;0.9812291;0.9812594;0.98128635;0.9813152;0.9813428;0.9813731;0.98140407;0.9814129;0.98135626;0.9813808;0.9814108;0.9814415;0.98146856;0.98149437;0.9815209;0.9815497;0.9815807;0.98152035;0.9815509;0.9815783;0.9816067;0.9816336;0.9816607;0.9816874;0.981714;0.9817432;0.98177075;0.9818065;0.98183393;0.98175716;0.9817804;0.98181033;0.9818394;0.9818684;0.98189324;0.9819206;0.9819471;0.9819743;0.9820017;0.9820273;0.98205495;0.9820836;0.9821122;0.982136;0.982163;0.9821874;0.98220813;0.9822342;0.9822633;0.9822857;0.9823087;0.98233086;0.98235726;0.9823836;0.9824119;0.9824349;0.98246413;0.98249495;0.982524;0.9825522;0.98257655;0.9825984;0.9826051;0.9825932;0.9826208;0.9826428;0.9826729;0.98269516;0.98272043;0.98274857;0.98277366;0.9828033;0.9828289;0.9828511;0.9828689;0.98289335;0.9829144;0.98294026;0.9829589;0.9829853;0.9830065;0.98303014;0.983058;0.9830802;0.9831056;0.98312455;0.983145;0.98316926;0.9831874;0.98321277;0.9832318;0.9832514;0.98328066;0.98330265;0.9833218;0.98334396;0.9833707;0.9833947;0.98336196;0.98338735;0.98341113;0.983433;0.98345727;0.9834806;0.9835108;0.9835345;0.9835579;0.9835809;0.9835993;0.9836225;0.9836462;0.9836687;0.9836887;0.9837066;0.98364216;0.98366475;0.98368347;0.9837066;0.98367083;0.98365825;0.9836638;0.98361546;0.98347884;0.98343146;0.98343706;0.9834249;0.9832487;0.98321813;0.98305845;0.9830057;0.98302966;0.9829092;0.98291725;0.9827605;0.98264235;0.98260975;0.98257726;0.98254734;0.9825147;0.9825369;0.9824716;0.982316;0.9821758;0.98202276;0.9818357;0.98161733;0.9812413;0.98095286;0.9805084;0.9799237;0.9792007;0.9785512;0.9778672;0.9772349;0.9761546;0.97536904;0.9744856;0.9734324;0.97245085;0.9712861;0.9699353;0.96872103;0.9674767;0.9662191;0.9648164;0.96356565;0.9622034;0.9609267;0.95975125;0.9585136;0.9570359;0.95580524;0.95473903;0.9535143;0.9522926;0.95112216;0.9500824;0.9488058;0.94764477;0.9466443;0.9452346;0.9441928;0.9430894;0.9420829;0.94081205;0.9395134;0.9383274;0.93720657;0.93621254;0.93511224;0.93390644;0.93265754;0.93142736;0.9303076;0.9293129;0.9281677;0.92688847;0.9259314;0.924734;0.92346424;0.9223786;0.9213857;0.9204099;0.9192567;0.91804665;0.91694397;0.91566575;0.9147613;0.9137552;0.9126185;0.91147;0.9106472;0.90937185;0.9084068;0.9072688;0.90612066;0.90504646;0.9038302;0.9028046;0.9016951;0.90076053;0.899613;0.8982827;0.8971273;0.89596057;0.89499533;0.89401805;0.8930711;0.8920699;0.8909303;0.8897376;0.8886879;0.8876825;0.8865819;0.885498;0.88452744;0.8833933;0.88234466;0.8813123;0.88029605;0.87921375;0.8781204;0.8770843;0.8760778;0.87491095;0.8739365;0.87293714;0.8720478;0.8710394;0.87007344;0.8691231;0.867988;0.8668426;0.8659524;0.86487854;0.8639923;0.862976;0.861949;0.86085886;0.860007;0.8589479;0.8580607;0.85690236;0.8558508;0.85490537;0.8540136;0.85311085;0.8522614;0.85132384;0.8504268;0.84933996;0.8484089;0.8474289;0.84654;0.84553903;0.84461623;0.843708;0.84295267;0.8419476;0.8410827;0.8401071;0.8390714;0.8383243;0.83735514;0.83631384;0.8352875;0.83417743;0.8331195;0.83215;0.83113384;0.8302178;0.82913333;0.82828236;0.8274089;0.826622;0.8256796;0.8248237;0.8240537;0.8232491;0.822482;0.82153714;0.82058245;0.8196895;0.818751;0.8180989;0.81728226;0.816361;0.8155361;0.8146423;0.81377393;0.8131297;0.81227624;0.81144786;0.8106561;0.80977297;0.80868334;0.8078276;0.8068354;0.8059606;0.8049844;0.80405635;0.80323327;0.802446;0.80161476;0.800808;0.7999915;0.79907495;0.7983071;0.7974619;0.7966185;0.7958554;0.7950937;0.79424417;0.7935079;0.79271734;0.79181737;0.7909637;0.7901119;0.7893171;0.78843576;0.7875455;0.7867996;0.7858474;0.7851048;0.78434175;0.78351504;0.78272253;0.78188837;0.7810236;0.780247;0.7795256;0.77876264;0.77796906;0.77719843;0.77642936;0.7755766;0.7748426;0.77401453;0.77319884;0.7723637;0.77154094;0.7707725;0.76994264;0.7692507;0.7684345;0.76760966;0.7669948;0.766225;0.76553965;0.76482457;0.7642038;0.7635634;0.762821;0.7621315;0.7613612;0.7605412;0.75986606;0.75919205;0.7583157;0.7576343;
0.3764706;0.40804598;0.46530613;0.47774482;0.5177305;0.525355;0.5537919;0.5838509;0.62983423;0.6513995;0.66976744;0.6801275;0.691774;0.6985294;0.7131915;0.7258964;0.730566;0.74;0.7540431;0.76150894;0.77228326;0.7823804;0.7904762;0.7994638;0.8077121;0.81585425;0.8229167;0.82906765;0.8346596;0.83982867;0.84423155;0.84882784;0.8525818;0.8565401;0.8611214;0.86483556;0.8681706;0.8711234;0.8741165;0.87741727;0.8801282;0.8835979;0.8863222;0.8885918;0.8896973;0.89139754;0.89358723;0.89551425;0.89734656;0.89902455;0.90098244;0.90291506;0.90475005;0.90660816;0.9080432;0.90988237;0.91130155;0.91250855;0.9136578;0.91517955;0.91624975;0.91757655;0.91887903;0.9203723;0.92155665;0.92264414;0.9236868;0.92493665;0.9258475;0.9268617;0.9278621;0.9289143;0.9300636;0.93116397;0.93208677;0.93299687;0.93379194;0.9346239;0.9355001;0.9357874;0.9365519;0.9374899;0.9382147;0.9388845;0.93953055;0.94018143;0.9405775;0.9411676;0.9416592;0.9411591;0.9418198;0.94255686;0.94313;0.94365996;0.94336456;0.94356066;0.94392776;0.9444971;0.94503284;0.9456089;0.946173;0.9466563;0.9471922;0.9477307;0.9482715;0.9487436;0.94925743;0.9496624;0.95012164;0.9505309;0.95098627;0.9514678;0.95190614;0.9523422;0.9526504;0.9530409;0.95343554;0.9538288;0.9542002;0.9545656;0.95490044;0.9553474;0.9556996;0.9560086;0.95630395;0.95663214;0.95695084;0.957256;0.9576096;0.9579573;0.95827395;0.9585942;0.9588849;0.95919585;0.95949817;0.95985115;0.9601245;0.96038646;0.96068656;0.96101177;0.9612659;0.961524;0.96177155;0.9620476;0.9622954;0.9625468;0.96275777;0.96301305;0.96329784;0.96354586;0.96379054;0.9640603;0.9642639;0.9644991;0.96473116;0.9649513;0.96513903;0.9652754;0.9655317;0.9657614;0.9659881;0.96616447;0.9663611;0.9665609;0.96675295;0.9669508;0.9671463;0.96738356;0.96756375;0.96776724;0.96799314;0.9681642;0.9683432;0.9684961;0.9686571;0.9688235;0.96897644;0.9691256;0.96930087;0.9694719;0.96962976;0.9698149;0.9699605;0.9701091;0.9702799;0.97038317;0.970563;0.9707511;0.9709019;0.97104096;0.97119486;0.971371;0.97150564;0.97164875;0.9717905;0.9719289;0.9720507;0.9721922;0.972336;0.97232807;0.9724807;0.97260815;0.9727398;0.9728471;0.9729712;0.9731308;0.9732437;0.97337276;0.97351927;0.9736641;0.9738124;0.97393113;0.9740602;0.9741847;0.97430485;0.9744144;0.97451997;0.9746261;0.97471756;0.97484046;0.9749652;0.9750617;0.97518283;0.97529835;0.9754288;0.9755362;0.9756413;0.9757526;0.9758741;0.9760014;0.9761108;0.9762233;0.97631174;0.97640216;0.9764973;0.9766089;0.97670627;0.97681063;0.9769269;0.9770332;0.9771081;0.97719765;0.97730017;0.9773993;0.9775061;0.9775998;0.9777036;0.97779566;0.97788817;0.97798693;0.9780697;0.9781542;0.9782357;0.9783178;0.9783993;0.9784745;0.97854924;0.97863334;0.9787136;0.978791;0.9788646;0.97893345;0.9790114;0.9790888;0.97917503;0.97925854;0.97933304;0.9793968;0.9794816;0.9795596;0.979639;0.97972375;0.97980785;0.97987163;0.97994673;0.98001546;0.9800933;0.9801705;0.9802396;0.980312;0.98038197;0.98044586;0.9805222;0.98058254;0.98064333;0.9807101;0.98077816;0.98084754;0.9809164;0.98098826;0.9810535;0.9811097;0.98117155;0.98123723;0.98129827;0.9813656;0.98143333;0.981503;0.9815508;0.9816237;0.9816847;0.9817501;0.9818102;0.98186594;0.98192614;0.9819843;0.98205775;0.9821143;0.98216593;0.9822249;0.98227894;0.9823364;0.982395;0.982442;0.9824977;0.98255444;0.98260653;0.98266333;0.98271906;0.98277366;0.9828301;0.98287416;0.98293203;0.9829833;0.9830453;0.9830972;0.9831502;0.98320144;0.9832538;0.9833038;0.98335814;0.9834088;0.9834658;0.9835224;0.9835682;0.9836131;0.9836622;0.9837123;0.98375833;0.9838104;0.9838609;0.98391294;0.9839647;0.9840105;0.9840567;0.98410445;0.9841464;0.9841888;0.98422974;0.98428065;0.9843271;0.9843721;0.9843803;0.98441786;0.9844581;0.98450565;0.9845484;0.9845971;0.9846439;0.9846801;0.98468167;0.98472834;0.98477364;0.9847805;0.984827;0.9848628;0.9849028;0.9849437;0.98498756;0.98502535;0.98506606;0.9851056;0.98496884;0.9850115;0.9850503;0.9850936;0.98513037;0.9851763;0.98521686;0.9852515;0.98528796;0.9853197;0.98535585;0.98539037;0.98542565;0.9854613;0.98549527;0.98553705;0.9855732;0.98561007;0.9856424;0.98567843;0.9857162;0.98575336;0.9857932;0.9858251;0.98585933;0.9858896;0.98585486;0.9857575;0.9857617;0.9857961;0.98583084;0.98586726;0.98580676;0.9857784;0.98581654;0.9858526;0.98579;0.98579764;0.9858358;0.98586917;0.9859028;0.9859363;0.98597056;0.9860001;0.98602873;0.98606426;0.98610055;0.9861045;0.9861348;0.9861719;0.9862045;0.98623174;0.9862645;0.9862988;0.98632866;0.98636055;0.9863952;0.98642844;0.9864598;0.9864869;0.9865118;0.98654073;0.98657286;0.98660153;0.986635;0.9866654;0.9866962;0.9867231;0.98674756;0.9867723;0.98680174;0.9868291;0.9868622;0.98688537;0.9869174;0.98694617;0.9869745;0.98700297;0.98703104;0.98705703;0.9870901;0.98711705;0.9871487;0.98717725;0.98720753;0.98723876;0.98726356;0.9872945;0.9873231;0.9873476;0.98737234;0.98739666;0.9874306;0.9874568;0.98748827;0.9875149;0.98754114;0.98756653;0.98759043;0.9876132;0.987639;0.98766786;0.9876931;0.9877196;0.987746;0.9877716;0.9877991;0.9878245;0.9878538;0.9878773;0.987904;0.98792994;0.98795444;0.98797756;0.9880061;0.9880303;0.9880492;0.9880768;0.9881023;0.9881284;0.9881521;0.98817575;0.9882002;0.9882252;0.98824567;0.98826706;0.9882896;0.9883092;0.9883347;0.98836005;0.98838407;0.9884053;0.9884288;0.9884516;0.9884463;0.9884702;0.9884904;0.98843646;0.98845816;0.9884008;0.98826796;0.9882911;0.988315;0.9883382;0.9883586;0.9883811;0.9884064;0.98842746;0.9884502;0.98847175;0.98849523;0.9885198;0.9885407;0.98856795;0.98858845;0.98861057;0.9885075;0.988532;0.988553;0.98857784;0.9885967;0.9886205;0.98864114;0.98866177;0.9886825;0.9887021;0.9887205;0.988745;0.9887674;0.98878914;0.9888081;0.98882806;0.9888485;0.9888667;0.9888851;0.9889067;0.9889268;0.9889467;0.98896986;0.98899007;0.98900807;0.9890271;0.98904604;0.9890631;0.9890811;0.9890993;0.9891198;0.9891384;0.98915595;0.98917806;0.9892003;0.9892199;0.9891678;0.98918563;0.98911256;0.9890115;0.9887527;0.98867905;0.9886803;0.9886998;0.9886044;0.988624;0.988645;0.9886634;0.9886832;0.98870224;0.9887181;0.988737;0.9887563;0.9887764;0.9887938;0.9888132;0.9888328;0.98885256;0.988874;0.98889595;0.98891574;0.9889357;0.98895216;0.98897177;0.9889888;0.9890073;0.98902476;0.9890407;0.9890612;0.98907965;0.98910004;0.9891138;0.9891326;0.9891554;0.9891743;0.9891898;0.98920596;0.989223;0.9892402;0.98925674;0.98927224;0.9892872;0.9893045;0.9893233;0.98934114;0.9893569;0.9893762;0.98939043;0.9894085;0.98942584;0.9894465;0.98946196;0.9894789;0.98949623;0.98951524;0.9895307;0.9895467;0.98956364;0.9895599;0.989492;0.98950887;0.98952305;0.9895412;0.9895586;0.9895783;0.98959184;0.9896071;0.98962384;0.9896388;0.98965436;0.9896718;0.98968685;0.9897023;0.9897174;0.9897334;0.9897489;0.98976475;0.9897833;0.9897995;0.98981625;0.9898321;0.98984504;0.9898602;0.9898738;0.98989016;0.98990494;0.98992056;0.9899365;0.989953;0.9899662;0.98998284;0.98999757;0.9900145;0.99003017;0.99004537;0.99005854;0.99007404;0.9900887;0.9901022;0.9900556;0.99006987;0.99008423;0.99009746;0.99011;0.9901247;0.99013835;0.99015063;0.990163;0.9901779;0.9901924;0.99020606;0.9902222;0.9902366;0.99024856;0.9902638;0.9902788;0.9902922;0.9903075;0.99032307;0.99033564;0.9903476;0.9903627;0.990375;0.99038815;0.9903637;0.99038;0.99039197;0.9904045;0.9904181;0.99043435;0.9904486;0.9904624;0.99047637;0.99049014;0.990502;0.99051476;0.9905293;0.99054164;0.99055463;0.99056995;0.99058;0.9905953;0.99060816;0.99062043;0.99063253;0.99064547;0.9906596;0.99067193;0.9906841;0.9906962;0.99071;0.9907224;0.9907356;0.9907481;0.9907602;0.9907738;0.9907872;0.9907994;0.9908141;0.99082416;0.9908366;0.9908497;0.99086285;0.99087596;0.99089026;0.99090135;0.9909132;0.9909264;0.99093854;0.9909503;0.99096286;0.99097544;0.99098694;0.9909986;0.9910112;0.9910218;0.9910347;0.99104464;0.9910571;0.99107045;0.9910827;0.9910946;0.99110675;0.9911175;0.991131;0.99114275;0.99115515;0.9911656;0.99117696;0.9911909;0.99120325;0.99121577;0.9912295;0.9912403;0.99125165;0.9912626;0.99127424;0.9911985;0.9912096;0.99122125;0.99123293;0.99124265;0.9912534;0.9912649;0.99127525;0.9912877;0.9912982;0.9913103;0.9913222;0.9913325;0.99134463;0.9913555;0.9913664;0.9913777;0.991389;0.99129814;0.99130905;0.99132144;0.9913313;0.9913421;0.9913537;0.99136347;0.99137497;0.99138784;0.99139947;0.99141127;0.9914225;0.99143237;0.99144155;0.9914529;0.991465;0.9914786;0.99148965;0.99149954;0.99150926;0.9915197;0.9915306;0.99154085;0.9915506;0.991562;0.9915712;0.99158216;0.9915936;0.9916046;0.9916143;0.9916262;0.9916356;0.9916459;0.99165606;0.9916654;0.99167573;0.9916832;0.99169344;0.99170315;0.9917132;0.99172336;0.9917338;0.99174166;0.99175245;0.99176025;0.9917706;0.99178106;0.9917904;0.99179894;0.9918084;0.9918195;0.99182814;0.9918376;0.9918473;0.99185765;0.9918693;0.9918796;0.9918896;0.9918994;0.9919086;0.99191743;0.9919273;0.99193686;0.99194616;0.99195623;0.9919657;0.99197507;0.99198574;0.99199414;0.9920021;0.9920107;0.99202067;0.9920304;0.99203867;0.9920475;0.9920578;0.9920678;0.9920764;0.99208593;0.99209374;0.99210256;0.9921112;0.9921204;0.992128;0.99213725;0.99214613;0.99215376;0.9921625;0.99216896;0.9921776;0.99218595;0.99219596;0.99220496;0.99221295;0.99216044;0.9921694;0.99217993;0.9921882;0.9921979;0.9922071;0.9922162;0.9922227;0.99223125;0.99224234;0.99225146;0.99225944;0.9922686;0.9922787;0.9922882;0.992297;0.9923059;0.99231374;0.9923221;0.9923294;0.99233794;0.9923456;0.9923525;0.99236053;0.99236846;0.9923763;0.9923852;0.99239266;0.9924017;0.9924095;0.9924168;0.992425;0.99243313;0.99244034;0.9924481;0.99245614;0.9924643;0.992473;0.9924813;0.9924879;0.99249464;0.9925016;0.99250925;0.9925189;0.9925268;0.99253416;0.9925424;0.99255097;0.9925584;0.9925655;0.9925739;0.9925824;0.992591;0.99259865;0.9926052;0.99261296;0.99262226;0.9926301;0.99264;0.99264956;0.99265784;0.9926651;0.9926742;0.9926827;0.9926905;0.99269855;0.9927057;0.9927139;0.9927207;0.9927282;0.9927363;0.99274397;0.9927528;0.9927585;0.9927643;0.99277127;0.9927786;0.9927858;0.9927931;0.99279994;0.99280715;0.9928157;0.99282336;0.9928315;0.9928393;0.992847;0.99285436;0.99286276;0.9928712;0.99287736;0.99288464;0.9928911;0.9928984;0.9929068;0.9929156;0.9929226;0.9929299;0.99293673;0.99294466;0.99295235;0.9929585;0.9929662;0.99297345;0.9929797;0.9929878;0.99299496;0.9930015;0.9930085;0.9930155;0.9930223;0.99298704;0.9929935;0.9930004;0.9930072;0.9930142;0.9930207;0.9930279;0.99302155;0.9930279;0.9930346;0.9930406;0.99304813;0.99305433;
0.5421687;0.5647059;0.6652893;0.6708464;0.6962025;0.7209302;0.7477148;0.76898223;0.7880987;0.8002628;0.8054567;0.8165939;0.8263052;0.8388889;0.8473547;0.8550247;0.8618524;0.86904764;0.8754423;0.8829009;0.8888889;0.89313906;0.8981481;0.90249306;0.90643275;0.90960455;0.9130435;0.91595036;0.91829157;0.9213232;0.92164505;0.92259413;0.92445165;0.9259114;0.92503804;0.9230769;0.9192322;0.91781306;0.909808;0.9044266;0.8973185;0.8959464;0.8933126;0.8926829;0.8940161;0.89611906;0.8977727;0.89977604;0.90202516;0.9039184;0.9061599;0.90811086;0.90980095;0.91143;0.9131279;0.9145381;0.91600186;0.9174164;0.9187472;0.92017835;0.9215772;0.92279494;0.9238298;0.9251672;0.92630714;0.92733914;0.92844296;0.929263;0.9302008;0.93120676;0.93228674;0.9332214;0.93419117;0.9351567;0.93616265;0.9370162;0.93771744;0.9385724;0.93930143;0.9399465;0.9401752;0.9401668;0.9388808;0.93907094;0.9387659;0.9387122;0.9384097;0.9385407;0.93815356;0.9384433;0.93871295;0.9380058;0.9380455;0.93865985;0.9392536;0.9390193;0.93973094;0.94032085;0.9409311;0.9414745;0.94214547;0.9427715;0.94339865;0.9438044;0.9444022;0.9448977;0.9453504;0.9458893;0.94632596;0.9466974;0.9472292;0.9478064;0.94831645;0.9487449;0.9491486;0.9495692;0.9499943;0.95039546;0.95081234;0.95127636;0.9516573;0.9520323;0.9523603;0.9527906;0.9531883;0.95360386;0.95364445;0.9540158;0.9543624;0.95471776;0.95506305;0.95537156;0.95569813;0.95608544;0.9563844;0.9566964;0.95701224;0.9573153;0.9576263;0.9579448;0.95822704;0.95851713;0.9587994;0.95911574;0.9594123;0.9596752;0.9599565;0.9601874;0.96044743;0.9607286;0.9609506;0.96125865;0.96150494;0.9617482;0.9619556;0.96220285;0.96245646;0.9627224;0.9629536;0.96316975;0.96341664;0.96366626;0.9638623;0.9640767;0.964303;0.9645122;0.964688;0.9648565;0.96510345;0.9653116;0.96551454;0.9657258;0.9659082;0.9660939;0.9663033;0.96651006;0.9666893;0.9668988;0.96708614;0.9672641;0.96745694;0.9676238;0.96781474;0.9679571;0.9681235;0.96832675;0.9684916;0.968648;0.9688579;0.96899766;0.96916425;0.96929276;0.96946037;0.9696032;0.96975297;0.9699156;0.97008055;0.9702397;0.9703912;0.9705294;0.9706741;0.97080773;0.9709497;0.97110355;0.9712352;0.9713731;0.9714986;0.9716084;0.9717337;0.97186506;0.97201115;0.9721592;0.9723023;0.97241807;0.9725432;0.97269076;0.9728067;0.9729399;0.9730521;0.97316986;0.9732963;0.9733911;0.9735203;0.97361827;0.973728;0.9738384;0.97396326;0.97406405;0.97418374;0.9742814;0.97439015;0.97450835;0.9746108;0.9747125;0.974812;0.97492343;0.9750254;0.9751112;0.9752145;0.9753183;0.9754199;0.9755274;0.975634;0.9757303;0.97582585;0.9759207;0.97603035;0.9761146;0.9762033;0.97631043;0.9764091;0.9764944;0.9765815;0.97667176;0.9765083;0.97650445;0.9765564;0.9766367;0.97673696;0.976719;0.9767573;0.9767965;0.97683537;0.9769153;0.9770051;0.976997;0.9770403;0.97713774;0.97722524;0.9772164;0.9772907;0.97737443;0.97742075;0.9775111;0.9775942;0.97763145;0.9777092;0.97750646;0.97757655;0.97705156;0.97704047;0.9769799;0.9770153;0.9770472;0.9766526;0.9763084;0.9762892;0.97618604;0.9761795;0.97613454;0.976232;0.9762253;0.9763195;0.97639906;0.9764371;0.9764695;0.9764653;0.97645795;0.976458;0.97648054;0.97647005;0.976548;0.9766388;0.9765289;0.97651947;0.97632855;0.97631156;0.9762555;0.97612673;0.97590774;0.9759465;0.9758037;0.9757429;0.9755641;0.97539073;0.97504115;0.97487164;0.9748784;0.97441363;0.9742457;0.9741161;0.973984;0.9738495;0.9737862;0.973802;0.9738458;0.9739237;0.9738855;0.9738069;0.97379595;0.97384965;0.9738851;0.97387403;0.97377574;0.973851;0.9738191;0.97376245;0.9737196;0.9735598;0.97300696;0.9727835;0.97273225;0.97231203;0.97214776;0.97114974;0.97118247;0.9709078;0.97086966;0.9708723;0.97085893;0.9703788;0.9700858;0.9696408;0.96930915;0.96913695;0.96919096;0.96903896;0.9687873;0.96869767;0.96871984;0.96877545;0.9686739;0.9686465;0.9685906;0.9684515;0.9682708;0.96813315;0.9680291;0.9678412;0.9675369;0.9675619;0.9676493;0.96747154;0.967568;0.9674776;0.9673809;0.9674048;0.96743083;0.9674648;0.9673818;0.96740085;0.9674975;0.9673735;0.9674328;0.9675332;0.96757823;0.9676642;0.96774083;0.96783143;0.9679183;0.9680123;0.9680587;0.968141;0.96822286;0.96829677;0.9683778;0.96845216;0.9685229;0.96860176;0.9686782;0.968749;0.968837;0.9689092;0.9689892;0.9690657;0.9691399;0.96921366;0.96928406;0.96935314;0.969418;0.9694914;0.96958125;0.96965194;0.96971554;0.9697982;0.969867;0.9699402;0.97001785;0.9701008;0.97016156;0.9702353;0.97030014;0.9703573;0.97042817;0.970495;0.9705652;0.9706397;0.9707037;0.9707666;0.97082555;0.9709032;0.9709769;0.97104216;0.971108;0.9711692;0.9712283;0.97129333;0.9713615;0.9714234;0.9714849;0.9715539;0.9715976;0.9716669;0.97173154;0.97179425;0.971855;0.97192556;0.9719924;0.9720589;0.9721292;0.97218525;0.9722468;0.9723048;0.9723723;0.972437;0.9725095;0.9725656;0.97262466;0.9726882;0.97273964;0.97280663;0.97285134;0.9729123;0.9729753;0.9730473;0.9730943;0.9731396;0.9731886;0.9732564;0.9733224;0.9733707;0.97343385;0.97349;0.9735533;0.9736037;0.97365105;0.9737033;0.97375613;0.97381604;0.9738698;0.97392195;0.973971;0.97401917;0.9740707;0.97412205;0.97417104;0.97421634;0.9742749;0.9743387;0.97439873;0.9744481;0.9745007;0.9745511;0.9746067;0.97466755;0.9747192;0.9747755;0.97482204;0.9748805;0.97492874;0.9749887;0.9750358;0.975088;0.97513807;0.9751892;0.97524077;0.97528565;0.9753316;0.97537744;0.9754231;0.97546923;0.9755203;0.97556925;0.97562367;0.9756678;0.9757193;0.9757668;0.97582036;0.97586125;0.9759064;0.9759452;0.97598696;0.9760377;0.9760876;0.9761331;0.97618145;0.9762326;0.9762793;0.97632825;0.97637224;0.97642255;0.97645795;0.9765026;0.9765483;0.9765926;0.97663856;0.9766796;0.9767183;0.9767631;0.9768095;0.9768489;0.97688985;0.97692895;0.9769679;0.977005;0.97704595;0.9770879;0.97711855;0.9771552;0.97719836;0.9772403;0.9772826;0.9773226;0.9773662;0.97741294;0.9774465;0.9774902;0.9775267;0.97757065;0.977589;0.97760946;0.97762346;0.97767;0.97768545;0.9777275;0.97774434;0.97778666;0.97782934;0.9778646;0.9778967;0.9779323;0.9778735;0.9777747;0.9778077;0.9777963;0.97783893;0.9777593;0.9777102;0.97758496;0.97751284;0.97734725;0.97738403;0.9772587;0.9772717;0.97728825;0.9773239;0.9773212;0.9773608;0.9772933;0.97726864;0.97731113;0.9773228;0.97731817;0.97735375;0.9772402;0.97728187;0.9772955;0.9773299;0.97737074;0.97740537;0.97737795;0.977422;0.9774353;0.9774766;0.97751427;0.9775503;0.97758573;0.97762406;0.97766703;0.97770166;0.9777361;0.977771;0.9778116;0.9778505;0.97789073;0.977927;0.9779656;0.97799975;0.97803664;0.97807384;0.9781128;0.9781521;0.97818893;0.9782266;0.9782599;0.978296;0.9783351;0.9783681;0.97839874;0.9784325;0.9784656;0.9784978;0.9785348;0.97856903;0.9786054;0.97863936;0.9786755;0.97870743;0.9787486;0.97879094;0.9788252;0.9788568;0.9788874;0.97892;0.9788917;0.97892463;0.9789562;0.9789886;0.97902644;0.9790637;0.97909784;0.97912806;0.97915524;0.9791887;0.97922117;0.9792502;0.97928035;0.9793168;0.97934467;0.97937584;0.979409;0.9794412;0.9794717;0.9795057;0.97954094;0.97956985;0.9795975;0.9796267;0.97965586;0.9796865;0.97971505;0.97974706;0.97977626;0.97980654;0.97983515;0.97986484;0.9798929;0.9799193;0.97994953;0.97998595;0.98001754;0.9800436;0.98007387;0.98010445;0.98013526;0.98016644;0.9802001;0.9802253;0.98025084;0.98028314;0.9803093;0.9803316;0.9803568;0.9803828;0.98040974;0.98044115;0.98046947;0.98049515;0.9805226;0.9805518;0.9805772;0.98060477;0.98063153;0.9806582;0.98068696;0.98071784;0.9807472;0.98077285;0.9808013;0.98082536;0.9808518;0.9808858;0.98091143;0.9809416;0.98096776;0.9809953;0.9810284;0.98105603;0.98108715;0.9811168;0.9811411;0.9811664;0.981192;0.98121953;0.9812429;0.98126966;0.9812963;0.98132426;0.9813484;0.9813772;0.9814035;0.98142546;0.9814507;0.9814755;0.9815005;0.9815235;0.9815538;0.981579;0.98160446;0.9816292;0.9816538;0.98168075;0.9815476;0.98155576;0.98157775;0.9816036;0.98163;0.9816522;0.98167235;0.98169696;0.98172575;0.98174924;0.98177785;0.98179996;0.9818236;0.98184973;0.98187804;0.9819005;0.98192585;0.9819523;0.9819743;0.9820019;0.98202753;0.982049;0.9820683;0.9820928;0.9821188;0.98213977;0.9821601;0.9821828;0.9822061;0.9822293;0.9822516;0.98227525;0.9822986;0.9823231;0.9823448;0.9823686;0.98239166;0.9824174;0.98243797;0.98246;0.98248464;0.9825057;0.9825328;0.9825561;0.9825775;0.9825983;0.9826176;0.9826392;0.9826598;0.9826819;0.98270243;0.9827267;0.98274714;0.9827698;0.9827907;0.98281276;0.9828381;0.98285913;0.9828795;0.98289794;0.98291767;0.9829354;0.9829607;0.9829837;0.98300886;0.9830272;0.98304754;0.9830719;0.9830949;0.98311776;0.9831389;0.98316115;0.9831803;0.9832013;0.983225;0.9832443;0.98326325;0.98328435;0.9833035;0.9833223;0.983343;0.98336226;0.9833839;0.9834033;0.9834249;0.98342824;0.9834468;0.98346424;0.9834845;0.98350316;0.98352104;0.9835412;0.9835579;0.98354393;0.9835648;0.9835814;0.9836014;0.98361796;0.9836347;0.983651;0.98367023;0.9836859;0.9837064;0.983723;0.98374134;0.9837607;0.98378026;0.98380077;0.98381895;0.98383653;0.9838574;0.98387396;0.9838925;0.9839095;0.9839284;0.9838847;0.98389786;0.983917;0.9838752;0.9838039;0.9837306;0.9836171;0.9836209;0.98354656;0.98352826;0.9835183;0.9835059;0.98349375;0.9834342;0.9833176;0.9832611;0.9832498;0.9832375;0.9831348;0.98304826;0.9830224;0.983013;0.983003;0.9830207;0.9829927;0.982981;0.9829839;0.9828525;0.9828517;0.9827527;0.9827148;0.98272157;0.9826637;0.9826366;0.98250496;0.9823742;0.9821593;0.98201543;0.98200333;0.9819959;0.9819575;0.98195946;0.98190755;0.9819007;0.9817606;0.98178023;0.9816953;0.98162687;0.9815013;0.981386;0.98136175;0.9813532;0.98126954;0.9812201;0.9809826;0.9807877;0.9807189;0.98072594;0.9807439;0.98073834;0.98075837;0.98076534;0.9807851;0.98073095;0.98070663;0.98066956;0.9805912;0.980513;0.98044926;0.9803933;0.98027456;0.9802666;0.980286;0.98029083;0.98025435;0.9801632;0.98006004;0.98005116;0.9799764;0.9798727;0.9798805;0.9798761;0.97985446;0.97977334;0.9796773;0.9794728;0.9789606;0.9786172;0.9783879;0.97806144;0.9777628;0.9776061;0.9774373;0.97711307;0.9769466;0.97663856;0.9763982;0.97626895;0.9762146;0.9760854;0.97602814;0.97599834;0.97599524;0.97577083;0.97572654;0.97550386;0.9752672;0.9749639;0.97487974;0.97466445;0.97463566;0.9746045;0.9744937;0.97419107;0.9741664;0.9741484;0.9741203;0.9740797;0.9739465;0.9738508;0.97379565;0.973671;0.9736172;0.9736322;0.9735516;0.9735108;0.9734486;0.97338253;0.97336507;0.9733756;0.973348;0.9733523;0.9732754;0.97324693;0.9731277;0.97304916;0.9728481;0.9726205;0.972529;0.97239196;0.9722677;0.9719513;0.9716519;
0.6060606;0.65806454;0.66525424;0.7101911;0.7403599;0.756044;0.7462406;0.7655738;0.78038067;0.79466665;0.79711884;0.8125;0.81863725;0.8299065;0.84090906;0.83825946;0.84430677;0.85236365;0.85557085;0.8558322;0.8584672;0.8562244;0.86210763;0.8668464;0.86708206;0.8678017;0.8706109;0.8679594;0.8695652;0.8721739;0.8765743;0.876117;0.8785968;0.8794626;0.88160837;0.8793041;0.8796754;0.87886065;0.8788385;0.87801695;0.8787782;0.8802619;0.88040173;0.8803215;0.88242173;0.88494563;0.88739496;0.8894693;0.8915565;0.893397;0.8955844;0.8975013;0.8990204;0.9008631;0.90259266;0.90451306;0.90603083;0.90760744;0.9091731;0.91050756;0.91170657;0.9128361;0.9141942;0.91542184;0.9165975;0.9177746;0.9188862;0.9202381;0.92142296;0.92255825;0.92379147;0.9248738;0.92596686;0.9268958;0.92771083;0.9286855;0.9298307;0.93068963;0.93159777;0.93245965;0.9333112;0.9340876;0.93505657;0.9357622;0.93646276;0.9372463;0.938049;0.9388407;0.9395307;0.9402408;0.9409518;0.94156975;0.9421999;0.9428002;0.94258374;0.94323874;0.94367164;0.94408077;0.94461703;0.94518715;0.9453848;0.9458857;0.94529426;0.94583493;0.94569504;0.9461945;0.946645;0.94722533;0.94736844;0.94784087;0.9480332;0.94836634;0.94863296;0.94872695;0.94902235;0.9490997;0.9493425;0.94922185;0.94970745;0.9500782;0.9505148;0.9508845;0.9513231;0.9516913;0.9518602;0.9521934;0.95214957;0.9525108;0.9520541;0.95216;0.9516542;0.95148003;0.9517464;0.95131236;0.9511589;0.95062214;0.9492605;0.94903713;0.94797295;0.94716656;0.9466717;0.9460942;0.94625574;0.94645524;0.94671977;0.94677716;0.94699323;0.94741136;0.9477572;0.94814485;0.9484307;0.9487361;0.94909155;0.9494201;0.9497444;0.9500474;0.9502829;0.95060045;0.950914;0.9512728;0.9515698;0.95183927;0.9520978;0.9524278;0.9527456;0.9530212;0.95330864;0.9535405;0.95382535;0.9541067;0.95436305;0.9546521;0.9548673;0.95513266;0.95542574;0.9557252;0.9559772;0.95619667;0.9564368;0.95671;0.9569637;0.9572114;0.9574655;0.9577136;0.95792836;0.95820725;0.95844084;0.9586659;0.95887107;0.9591002;0.95928967;0.9594859;0.9597446;0.95992535;0.9601073;0.960312;0.96051735;0.9607206;0.9609349;0.96114945;0.9613462;0.9615308;0.96170604;0.96187973;0.96204686;0.9622347;0.96243525;0.96259993;0.9627704;0.96294874;0.96315587;0.9633167;0.96347606;0.96363866;0.96381783;0.9639729;0.9641644;0.96432966;0.96448475;0.9646341;0.96481866;0.9649843;0.9651568;0.9653359;0.9654967;0.96564794;0.96582;0.96596646;0.96610564;0.96627516;0.96641576;0.9665725;0.9667088;0.9668287;0.9669553;0.9670866;0.9672224;0.9673552;0.9675143;0.96764654;0.9677921;0.96793634;0.9680775;0.9682035;0.96826696;0.9683861;0.9684924;0.96861327;0.9687399;0.96886724;0.96898025;0.9690809;0.96921366;0.9693436;0.9694805;0.96961457;0.96973485;0.9698495;0.9699788;0.97010547;0.9701722;0.97025204;0.970059;0.96992254;0.96989256;0.96950823;0.968689;0.9672343;0.96694463;0.9661537;0.96568215;0.96551895;0.9655409;0.9647788;0.9645028;0.9643169;0.9639561;0.96327496;0.96288127;0.9621911;0.96121407;0.95994306;0.95879656;0.9577106;0.957112;0.9550814;0.95423585;0.95232123;0.95121837;0.9494483;0.94735146;0.94530034;0.9434109;0.94177675;0.9399292;0.93802625;0.9369418;0.93455297;0.9318314;0.9290049;0.92649084;0.9232883;0.9202809;0.917103;0.9151672;0.9122316;0.90870684;0.9062595;0.9033948;0.9005093;0.8975263;0.8949084;0.89211494;0.88941467;0.8868438;0.8842502;0.8815228;0.8789232;0.87582386;0.8731481;0.87056124;0.8677009;0.8647517;0.86214304;0.8599753;0.85771257;0.8548308;0.8521771;0.84964365;0.8468845;0.8443824;0.84203094;0.83891594;0.8364606;0.833653;0.83079803;0.8281926;0.8255055;0.8232578;0.8209578;0.8184778;0.8159171;0.81343573;0.8113479;0.80917656;0.806736;0.8044031;0.80208373;0.7998083;0.79742384;0.7950838;0.79304445;0.79046065;0.7883402;0.78629035;0.78416264;0.7821344;0.7800583;0.77805126;0.7760256;0.77392435;0.77163464;0.76924497;0.7671802;0.7649582;0.7628327;0.7607467;0.7583412;0.7562249;0.75409305;0.751919;0.7497305;0.74790305;0.7458445;0.74382377;0.7416557;0.7396051;0.7376441;0.73603076;0.7337014;0.73172015;0.72980064;0.7279673;0.72624433;0.7245798;0.72267246;0.72065073;0.718764;0.7166163;0.7146527;0.7129434;0.7109513;0.7090668;0.70724016;0.70558995;0.7037574;0.7018636;0.69988596;0.69796616;0.6962891;0.69462013;0.6928211;0.6910771;0.6895241;0.6875927;0.68594253;0.6845023;0.68284464;0.6809726;0.67955315;0.6777872;0.6762714;0.67469686;0.67317307;0.6716562;0.669931;0.6683216;0.66684777;0.6650835;0.6635817;0.66191864;0.6603893;0.6587214;0.6573517;0.6558433;0.6541368;0.65270436;0.6511359;0.6497369;0.64802164;0.6466359;0.64513636;0.64370334;0.6425338;0.6410729;0.63965786;0.6378393;0.6363609;0.6351018;0.6332322;0.63188976;0.6305149;0.62891847;0.6271981;0.62595624;0.62447625;0.6231707;0.6217964;0.6202069;0.61873555;0.61738074;0.6158864;0.61432695;0.6128293;0.6116078;0.61028403;0.6091615;0.607866;0.6063292;0.6050983;0.60382;0.6024601;0.60084665;0.5996264;0.5983026;0.5972067;0.5958765;0.5947725;0.59338564;0.59222364;0.5908653;0.5895632;0.58851564;0.58747184;0.5863493;0.58513266;0.5840027;0.58281195;0.58144784;0.580203;0.57873863;0.5776609;0.5764641;0.5751929;0.5741485;0.5730763;0.5721022;0.5710064;0.56988364;0.5685949;0.5671731;0.5661268;0.56508434;0.564183;0.56302613;0.5618286;0.56060606;0.55931383;0.5582515;0.55722296;0.5561982;0.55513287;0.55396867;0.5527215;0.55171317;0.55060685;0.549288;0.5481625;0.5472425;0.5462684;0.545198;0.5440751;0.54305565;0.5419556;0.5408039;0.5398665;0.5388767;0.537738;0.5365076;0.5355301;0.5346246;0.53373575;0.5325507;0.53147924;0.5305604;0.5294028;0.5283707;0.52742255;0.52635825;0.5254438;0.5244929;0.5236243;0.52247065;0.52147835;0.5205418;0.51969916;0.5187948;0.5177008;0.51662415;0.5155775;0.51454777;0.51376235;0.5127147;0.51170886;0.5105821;0.50951;0.50871503;0.50781137;0.50680006;0.50591546;0.50486284;0.50397277;0.5031101;0.5021174;0.5010324;0.5001318;0.49928224;0.4983165;0.4973782;0.49662066;0.49562988;0.49481896;0.4938821;0.49299535;0.4921582;0.49126607;0.4904463;0.4895374;0.4887817;0.48776555;0.4869265;0.48642355;0.48557547;0.48497295;0.484371;0.483486;0.4826933;0.48182553;0.48106045;0.48029777;0.47947153;0.47864813;0.47795865;0.4770751;0.47623822;0.47539344;0.47440088;0.47380948;0.47310174;0.47230005;0.47146916;0.47069418;0.46996403;0.4690887;0.46826908;0.46746278;0.46668005;0.46594152;0.46511215;0.4643476;0.46363696;0.462908;0.46206897;0.46134493;0.46070436;0.4601162;0.4593377;0.4585719;0.45777854;0.4570479;0.45634946;0.4556929;0.45491937;0.45412874;0.45338017;0.45266348;0.45188066;0.45112976;0.45037165;0.44962573;0.44875702;0.4478821;0.4472592;0.44649494;0.44573328;0.4448985;0.4441989;0.4435862;0.44293767;0.44228166;0.44158095;0.44085455;0.4401398;0.439566;0.43892914;0.43822062;0.43758765;0.43690172;0.43623614;0.43545464;0.43477538;0.4341433;0.43337825;0.4327144;0.43206152;0.4314551;0.43077937;0.43007922;0.4294607;0.42884398;0.42816764;0.42748466;0.42675158;0.42611656;0.42540547;0.42471403;0.42405924;0.42337215;0.42274714;0.42213246;0.4216046;0.42089155;0.42024848;0.41969162;0.4190858;0.41843987;0.41782096;0.41719556;0.416572;0.41594204;0.41539654;0.41477013;0.4140964;0.4134739;0.41285327;0.41229144;0.41149607;0.41085714;0.41022018;0.40971366;0.40916032;0.4085925;0.4079864;0.40727103;0.40675625;0.40630767;0.40606272;0.40597877;0.4061817;0.40622586;0.4063139;0.40671274;0.40714327;0.40746215;0.40790206;0.4082273;0.40865928;0.4093372;0.4097689;0.40995052;0.41003573;0.41063976;0.4109511;0.41171685;0.412347;0.4132448;0.41390353;0.41468692;0.41548952;0.41635722;0.4170537;0.41796935;0.41866153;0.41936746;0.4200648;0.42089507;0.42157263;0.42245215;0.4231795;0.42388368;0.4245128;0.4253938;0.42612413;0.4270002;0.42773697;0.42854524;0.42920485;0.4299151;0.43074843;0.4315922;0.43226746;0.43297732;0.4336592;0.43444023;0.4352159;0.43575034;0.43650493;0.43709493;0.43781552;0.43869597;0.4394729;0.44026783;0.44090012;0.44175097;0.44242978;0.44317654;0.44399074;0.4447531;0.4454838;0.44619292;0.44691002;0.44766444;0.4484265;0.44929352;0.45002204;0.450768;0.45165658;0.45231152;0.4531472;0.453837;0.45466787;0.4554962;0.4562272;0.456909;0.4575419;0.45823923;0.45900047;0.4597502;0.46049786;0.46115038;0.46177343;0.46256182;0.4632648;0.4639843;0.46474788;0.46549094;0.46623194;0.46695268;0.46762604;0.46827954;0.4689224;0.46966296;0.47023952;0.47094947;0.47154114;0.47222975;0.47287202;0.47362825;0.47425827;0.47494864;0.47548732;0.47614807;0.47673696;0.4773946;0.47812918;0.47875717;0.47929674;0.47990462;0.48051104;0.48116785;0.48192632;0.4826654;0.48329964;0.48388964;0.48458907;0.48520163;0.48587206;0.4865915;0.48729205;0.48795706;0.48849452;0.48904762;0.48960787;0.4901419;0.49081618;0.49148038;0.4920684;0.4926468;0.4932239;0.49387366;0.49449712;0.49502096;0.49562532;0.49626076;0.49682155;0.49741352;0.49800405;0.4985126;0.4991086;0.49968717;0.50033647;0.5009202;0.5015981;0.50222653;0.5027345;0.50335217;0.50406295;0.5046931;0.505251;0.50579196;0.5063708;0.50688595;0.50748557;0.5080682;0.508634;0.5093143;0.5098311;0.51042354;0.5110146;0.51155835;0.51211613;0.5127184;0.5133495;0.51387286;0.5144254;0.5149616;0.5154966;0.5160129;0.5165305;0.51711434;0.51762956;0.51819587;0.51879793;0.5193022;0.5199311;0.52049196;0.52110296;0.5215877;0.5221594;0.5227224;0.52317476;0.52368444;0.52428013;0.52476573;0.5253082;0.52584213;0.5263997;0.52693033;0.5275035;0.52802527;0.5285673;0.5291863;0.52964765;0.53021425;0.53073716;0.5313927;0.5318568;0.5324111;0.5329291;0.5335576;0.53411484;0.534636;0.5351529;0.5355586;0.5360434;0.5364952;0.5369901;0.53741205;0.537783;0.53812265;0.5386547;0.53911746;0.5396404;0.54013515;0.5406693;0.5412157;0.5417339;0.54217714;0.5426999;0.5432281;0.5437618;0.54423434;0.5448254;0.5453421;0.54587746;0.54630613;0.5467603;0.5473317;0.54786235;0.5483265;0.5487831;0.5493494;0.5498105;0.55025125;0.5507622;0.5512268;0.551596;0.5520781;0.5525848;0.5530649;0.553563;0.55405366;0.5545877;0.5550254;0.55542433;0.55587304;0.55635864;0.5567551;0.5572137;0.55765253;0.5580764;0.5584898;0.5589323;0.55940497;0.55981463;0.56025445;0.5606996;0.5610883;0.56151944;0.5619866;0.5623853;0.5627283;0.56314397;0.5636686;0.56411904;0.5645806;0.56496257;0.5654103;0.56587523;0.5663211;0.5668261;0.567282;0.5676951;0.5681133;0.5685963;0.5690485;0.5695057;0.5699619;0.5703817;0.5708478;0.57124233;0.57161856;0.5720644;0.5724918;0.5730176;0.5734431;0.57383287;0.57426256;0.5746856;0.57525796;0.5757481;0.57609344;0.57655877;0.5769887;0.5774349;0.57784593;0.5782846;0.5787281;0.579165;0.57959527;0.58001906;0.5804533;0.58093154;0.58139193;0.5817449;0.5821085;0.5824659;0.58287835;0.5833122;0.58370084;
0.425;0.52469134;0.525641;0.56578946;0.5767196;0.5857461;0.61003864;0.61680675;0.6251874;0.6268657;0.6425061;0.6548165;0.6631243;0.67690784;0.6874419;0.70357454;0.71859705;0.7304415;0.74233574;0.75276244;0.7621232;0.77272725;0.78281343;0.79063207;0.8002154;0.8073728;0.8145;0.82103235;0.82559776;0.83069265;0.83369994;0.8362325;0.8410214;0.8428799;0.8465116;0.8494543;0.8518789;0.85618377;0.8593642;0.86316496;0.8667752;0.86949587;0.8723139;0.87496185;0.8770933;0.8774854;0.8796799;0.88167834;0.88439465;0.8866559;0.8887135;0.89063305;0.8923778;0.8944362;0.8961642;0.89817923;0.8998822;0.90187025;0.90371543;0.90511274;0.9067164;0.9082866;0.9097856;0.91119933;0.91244334;0.91388047;0.91486377;0.9162066;0.9173795;0.918598;0.9195533;0.9206349;0.92181754;0.92293745;0.92395777;0.9248147;0.92582273;0.92689204;0.92765164;0.9275556;0.928371;0.9292353;0.9300226;0.9308367;0.93161047;0.9324303;0.9332513;0.9340826;0.93477607;0.9354455;0.93616706;0.9368819;0.93755394;0.9381414;0.93883014;0.9395038;0.9400221;0.94062114;0.94118446;0.9418698;0.9423945;0.94298476;0.94356304;0.94409376;0.9446711;0.94516045;0.9457025;0.94618726;0.9466109;0.9470667;0.94756556;0.94798034;0.94851106;0.9489952;0.94944084;0.94994235;0.950417;0.9507546;0.9511921;0.9515949;0.95192736;0.9522447;0.9526511;0.9530405;0.9534584;0.9538052;0.9541856;0.95444524;0.9548622;0.95521617;0.95557374;0.95592564;0.95595205;0.95635235;0.95671123;0.9570643;0.9573825;0.9577492;0.958005;0.95830154;0.95813996;0.9584235;0.95868385;0.95899814;0.95925516;0.95950896;0.9597706;0.96002173;0.9603125;0.96054983;0.9607913;0.961047;0.96129596;0.9615351;0.9617978;0.9620177;0.9622706;0.96252334;0.9625727;0.9626403;0.9622359;0.9621488;0.9609632;0.9606434;0.96036386;0.9601777;0.95963085;0.95817065;0.9571621;0.9560595;0.95446724;0.9524143;0.9511328;0.95098716;0.94883937;0.94818026;0.9460399;0.9448955;0.9434766;0.9413077;0.9401539;0.9389571;0.9378015;0.9367052;0.9367226;0.9352311;0.93461484;0.9338449;0.93363017;0.93374175;0.9335762;0.93384457;0.9341467;0.93427134;0.9340328;0.9343658;0.93474424;0.93503076;0.9352755;0.9356565;0.9359563;0.93628716;0.9365435;0.9368601;0.9371735;0.9374268;0.93771446;0.9379875;0.93824226;0.9385775;0.9388274;0.93910235;0.9393787;0.9396487;0.93995005;0.9402076;0.9404961;0.94076353;0.9410431;0.94129133;0.94154465;0.94181687;0.94208306;0.9423676;0.94265276;0.94289446;0.9431173;0.9433618;0.94369;0.94397205;0.94423836;0.94443804;0.94448596;0.9444063;0.944568;0.94452643;0.9447492;0.9449794;0.9450802;0.9453042;0.94528556;0.94545454;0.9456984;0.9458984;0.94611466;0.9459297;0.9458254;0.94595766;0.94617337;0.94638157;0.9465996;0.9467847;0.94697696;0.9472125;0.94741833;0.94760054;0.9477514;0.9479693;0.9481908;0.94838107;0.94857264;0.9487627;0.9489984;0.949175;0.94936836;0.949522;0.9497331;0.9499398;0.9501324;0.9503359;0.95055246;0.95073307;0.9509317;0.9511096;0.9513123;0.9514992;0.951652;0.9517874;0.9519592;0.95217556;0.9523832;0.9525823;0.9527775;0.9529622;0.95313895;0.95329463;0.9535014;0.95365685;0.95382625;0.9539732;0.95411706;0.95427054;0.95444584;0.9545992;0.9547433;0.95489675;0.95505923;0.95520645;0.95534873;0.9554981;0.95563656;0.9557742;0.9558895;0.9560275;0.95617616;0.9563047;0.95645535;0.9565974;0.9567404;0.95686936;0.95701057;0.9571637;0.95730484;0.95743775;0.95756984;0.9576957;0.9578298;0.95794356;0.9580831;0.9582269;0.958382;0.95852554;0.9586458;0.95877564;0.9588894;0.9590245;0.9591586;0.95928526;0.95939624;0.95951647;0.9596213;0.95974344;0.95986325;0.9599807;0.96008956;0.9601835;0.96029913;0.9604439;0.960544;0.96068853;0.9607997;0.9609256;0.9610385;0.9611522;0.9612623;0.9614031;0.96152514;0.9616331;0.9617434;0.96184283;0.9619607;0.961958;0.96200323;0.9615559;0.9611285;0.960897;0.9608093;0.96087444;0.9606528;0.9605898;0.96014374;0.9597695;0.9592077;0.9585323;0.9583333;0.9581917;0.9581799;0.9582894;0.95840436;0.9585262;0.9586204;0.9587321;0.9588535;0.95896244;0.95906055;0.9591902;0.95927715;0.9593867;0.95952576;0.9596269;0.95974165;0.9598319;0.95994693;0.96004736;0.96015006;0.9602454;0.960369;0.9604728;0.96057606;0.9606936;0.9607957;0.96090126;0.961005;0.9610923;0.96117526;0.9612696;0.96137136;0.9614726;0.96155393;0.9616452;0.96174496;0.961829;0.961919;0.96202236;0.96210146;0.96219635;0.96230197;0.9623922;0.96246725;0.96254694;0.96263355;0.96273434;0.96283334;0.9629211;0.9630155;0.9631059;0.96319234;0.96327484;0.9633464;0.9634399;0.96352595;0.9636104;0.9636991;0.96378964;0.9638683;0.96396595;0.9640709;0.9641428;0.9642144;0.96430796;0.96438664;0.96447265;0.96456814;0.9646479;0.9647348;0.9647987;0.96488917;0.9649728;0.9650454;0.96511453;0.9651939;0.9652603;0.9653286;0.965408;0.9654944;0.96557105;0.9656432;0.96572536;0.96579486;0.9658783;0.9659603;0.96603996;0.9661092;0.96617913;0.9662389;0.96631724;0.9663912;0.9664561;0.9665403;0.9666182;0.966688;0.96677095;0.9668392;0.96691185;0.96699375;0.9670715;0.9671403;0.9672136;0.9672958;0.9673666;0.96743053;0.9674942;0.96756864;0.9676427;0.96769744;0.96777093;0.9678369;0.9679044;0.96796983;0.968035;0.9681061;0.9681734;0.9682456;0.96830004;0.968275;0.96816915;0.9682444;0.96831316;0.96837556;0.9684265;0.9684868;0.96855193;0.96861595;0.9686789;0.96873397;0.96879894;0.9688527;0.9689172;0.9689806;0.96905285;0.96911323;0.9691758;0.9692488;0.96930593;0.96936774;0.9694196;0.9694753;0.9695461;0.9696077;0.96967155;0.96973187;0.9697849;0.9698393;0.96973646;0.96976787;0.9696978;0.969635;0.9696727;0.96973133;0.9695605;0.9696215;0.96959907;0.9696396;0.9696916;0.9697595;0.9698164;0.96984845;0.9699149;0.969975;0.97003484;0.9700707;0.9701279;0.97017884;0.97024006;0.970301;0.97035503;0.9704074;0.97045594;0.97052336;0.97057295;0.9706202;0.97067165;0.97072655;0.9707798;0.9708364;0.97089136;0.9709447;0.97099644;0.9710522;0.9711092;0.9711646;0.97121274;0.97126424;0.97131485;0.9713563;0.9714107;0.97145736;0.97150934;0.97155637;0.971608;0.9716662;0.971708;0.9717664;0.9718253;0.97186464;0.9719205;0.97197276;0.9720209;0.9720735;0.97193897;0.9719493;0.9719997;0.97205454;0.9721085;0.9721545;0.97219837;0.9722428;0.9722807;0.972328;0.972372;0.9724127;0.9724558;0.97249746;0.9725384;0.97258115;0.9726243;0.9726755;0.97273016;0.97277784;0.97282904;0.97287637;0.97291374;0.97296137;0.9730113;0.9730513;0.97309184;0.9731268;0.9731701;0.9732151;0.97326106;0.9733004;0.97334194;0.973394;0.9734435;0.97348344;0.973532;0.973574;0.9736159;0.9736582;0.97370327;0.9737476;0.9737889;0.97383183;0.97386944;0.9739115;0.97395515;0.97399586;0.9740336;0.974074;0.97411764;0.97415334;0.9740886;0.9741348;0.97417474;0.9742107;0.9742548;0.97430205;0.9743431;0.9743792;0.9744211;0.97445905;0.9744926;0.9745347;0.9745772;0.9746163;0.97465265;0.9746931;0.9747303;0.97477;0.9748133;0.97485274;0.9748863;0.97492343;0.97496414;0.9749974;0.97503936;0.9750854;0.97512245;0.97516197;0.97520185;0.9752452;0.97528684;0.9753208;0.9753597;0.9753889;0.97542006;0.9754551;0.9754896;0.97550815;0.9755469;0.97541946;0.9754233;0.9753797;0.9754027;0.9751183;0.97498894;0.9747476;0.9745805;0.97427994;0.9741786;0.9741123;0.97409016;0.9739733;0.97395813;0.9739984;0.9740437;0.97408116;0.97412825;0.97404927;0.9740653;0.9741005;0.9741381;0.9741751;0.974217;0.9742563;0.97429496;0.9743365;0.9743759;0.9744177;0.9744574;0.97449046;0.9745299;0.9745277;0.9745457;0.9745652;0.97459745;0.9745572;0.9745669;0.97451013;0.97437173;0.97415584;0.9741136;0.9737909;0.97379124;0.9736253;0.9736448;0.9736653;0.97360814;0.97364104;0.9736758;0.97371143;0.97374356;0.97377956;0.97381836;0.97385263;0.9738859;0.97392637;0.97396183;0.9740049;0.9740421;0.9740749;0.97410756;0.97414494;0.9741774;0.9742132;0.9742493;0.9742868;0.97430617;0.97435004;0.9743848;0.97442466;0.9744555;0.9744895;0.97452575;0.9745587;0.97459334;0.97462475;0.9746629;0.97469956;0.9747339;0.97476715;0.9747967;0.9748321;0.9748611;0.9748954;0.97493184;0.9749655;0.9749991;0.97503436;0.975066;0.97509754;0.97513694;0.9751727;0.9752062;0.9752369;0.97527194;0.97530776;0.9753413;0.97537476;0.9754038;0.9754306;0.9754621;0.9754986;0.9755325;0.9755637;0.9755983;0.9756255;0.97565985;0.9756878;0.97571987;0.97575146;0.9757838;0.97581774;0.97584325;0.97587574;0.97590816;0.9759401;0.9759732;0.9760058;0.97603536;0.97606903;0.9761026;0.97609985;0.97612876;0.9761597;0.9761925;0.9762257;0.97625184;0.97628284;0.97631055;0.97633535;0.9763637;0.9763972;0.97643214;0.9764631;0.9764919;0.9765215;0.97654825;0.9765753;0.97660273;0.9766328;0.97666085;0.9766954;0.9767202;0.97674805;0.9767762;0.976807;0.97683847;0.97686565;0.97686356;0.9768876;0.9769142;0.97685933;0.976842;0.97686553;0.97690076;0.97692835;0.97695625;0.976992;0.97701675;0.97704667;0.97707766;0.9771052;0.97714084;0.9771653;0.97718596;0.97721434;0.97724116;0.97727126;0.97730017;0.97732574;0.9773483;0.97737664;0.9774017;0.9774295;0.97745806;0.97748864;0.9775116;0.97754097;0.9775678;0.9775938;0.9776212;0.9776467;0.9776754;0.9776948;0.9777216;0.977748;0.97777426;0.97779775;0.97782844;0.97784936;0.9778733;0.9778983;0.97792804;0.97795534;0.9779801;0.97800654;0.9780292;0.9780548;0.978079;0.97810626;0.9781294;0.9781578;0.9781825;0.97820914;0.97823673;0.9782646;0.978287;0.97831035;0.9783377;0.978363;0.97838783;0.9784146;0.9784394;0.97846407;0.9784884;0.97851396;0.9785372;0.9785623;0.97858804;0.97861207;0.978638;0.97865933;0.97868514;0.97870797;0.97873175;0.9787529;0.9787782;0.97876817;0.97878957;0.9788153;0.97879386;0.9787731;0.9787969;0.9788178;0.9788437;0.9788683;0.97889;0.9789142;0.9789402;0.9789633;0.9789839;0.9790063;0.97903174;0.97905743;0.97908187;0.97910494;0.9791268;0.9791498;0.9791734;0.97919446;0.97922164;0.97924197;0.97926354;0.97928596;0.9793074;0.97933185;0.97935325;0.9793754;0.97939885;0.97942096;0.9794424;0.97946477;0.97948587;0.9795075;0.97953147;0.9795545;0.9795757;0.9795986;0.9796212;0.9796457;0.9796685;0.9796912;0.979713;0.97973734;0.97975963;0.97978187;0.9798052;0.97982675;0.9798479;0.97985435;0.9798514;0.9798759;0.9798964;0.97992086;0.9799407;0.97995996;0.9799797;0.98000395;0.9800236;0.9800458;0.9800671;0.980083;0.9801028;0.98012424;0.98014754;0.9801689;0.98018515;0.98020643;0.9802265;0.98024416;0.98026526;0.98028386;0.9803041;0.9803216;0.9803425;0.98036426;0.98038673;0.9804103;0.98043156;0.98045313;0.98047274;0.980492;0.980518;0.9805375;0.98055553;0.9805723;0.98059326;0.9806147;0.9806369;0.9806556;0.98067456;0.980694;0.9807162;0.98073614;0.9807513;0.9807703;0.98078746;0.98080844;0.9808276;0.9808457;0.9808666;0.9808833;0.9809023;0.9809241;0.98094714;0.9809253;0.98094654;0.98096484;0.98098415;
0.5294118;0.5555556;0.59615386;0.5902778;0.6117318;0.58986175;0.62;0.63315696;0.6441718;0.65753424;0.66917294;0.6808009;0.69815415;0.71802616;0.73220974;0.7346939;0.74333334;0.75429016;0.7572169;0.7618041;0.77051365;0.7742549;0.7732523;0.7742874;0.77556664;0.77390385;0.7720365;0.7794046;0.7815007;0.7888283;0.79227054;0.7999154;0.80549854;0.8122029;0.81790245;0.82220554;0.82832307;0.8328632;0.8373928;0.841206;0.8448445;0.8487073;0.8528407;0.8561893;0.85926366;0.86232936;0.8650726;0.8677086;0.8708799;0.8733636;0.8758187;0.87764037;0.8801413;0.8824548;0.88470876;0.8869855;0.8887588;0.8907795;0.89250964;0.89416224;0.89587903;0.89758515;0.8991721;0.90081435;0.90240395;0.904021;0.90539736;0.90677136;0.9079636;0.90902126;0.91017395;0.911595;0.912796;0.91369915;0.91501164;0.91622573;0.9173913;0.91838485;0.9196821;0.9207541;0.9217334;0.9228144;0.92367023;0.9245193;0.92546684;0.9263337;0.92706895;0.9278992;0.92865723;0.9295043;0.9303213;0.9310795;0.9319679;0.9326814;0.93344545;0.93409187;0.93477064;0.93541807;0.93610436;0.93667513;0.93735987;0.93795717;0.93855906;0.9390791;0.9396902;0.94032663;0.9409571;0.9414592;0.941967;0.94248;0.9430114;0.9435666;0.94399905;0.9445029;0.9449403;0.94549626;0.9460105;0.94647884;0.94696295;0.94735676;0.9477735;0.9481894;0.94862646;0.9490835;0.94949496;0.9498998;0.9502566;0.9506288;0.9509905;0.95140666;0.9518011;0.95216036;0.9524715;0.95284426;0.9531743;0.95357704;0.9539372;0.9542389;0.95461494;0.95499337;0.9553403;0.9555784;0.9559042;0.95620507;0.9565496;0.9568535;0.9571377;0.9574411;0.95771766;0.9580537;0.958337;0.9586021;0.95885307;0.9591046;0.95938784;0.9596569;0.95960534;0.9597383;0.9598199;0.96005964;0.9599111;0.95974475;0.959808;0.9600485;0.96024144;0.9604642;0.9606876;0.9609208;0.9611452;0.96139115;0.96161616;0.96184736;0.96207875;0.96230733;0.9625218;0.96275353;0.96291846;0.9631316;0.96330136;0.9634966;0.9637298;0.96395475;0.96416396;0.9643553;0.9645904;0.96479225;0.96498686;0.9651794;0.9653528;0.9655557;0.9657515;0.9659287;0.966111;0.9662983;0.966488;0.96667343;0.9668256;0.96699405;0.96714115;0.9673216;0.9674807;0.9676617;0.9678092;0.96794915;0.96809196;0.9682295;0.96837187;0.96853703;0.9686747;0.9688269;0.96898156;0.9691462;0.9692939;0.96942693;0.9695663;0.9697267;0.96987987;0.9700279;0.9701763;0.97029823;0.97041917;0.9705461;0.9706755;0.97080034;0.9709121;0.97105867;0.97117853;0.9713191;0.9714599;0.97161734;0.97172296;0.97185344;0.971883;0.9719896;0.9721331;0.9722425;0.9723448;0.9724755;0.9725974;0.97272277;0.972841;0.9729612;0.9730861;0.97320706;0.97332114;0.9734328;0.9735393;0.97363937;0.97374284;0.97384;0.9739295;0.97392446;0.97404563;0.9741469;0.974254;0.9743709;0.97446567;0.9745598;0.9746545;0.97475237;0.9748545;0.97496474;0.9750615;0.9751587;0.97524655;0.9753399;0.9754228;0.9754284;0.97552;0.97552997;0.97562516;0.97567713;0.9756227;0.97531635;0.9754016;0.9753965;0.975475;0.9755577;0.9756639;0.97564995;0.9756395;0.9757284;0.97579855;0.97587395;0.97594327;0.97603214;0.97611815;0.9762003;0.97627646;0.9763575;0.9764444;0.9764738;0.976547;0.97662187;0.97641784;0.97631073;0.97612363;0.9755329;0.975125;0.9749779;0.9745994;0.97456586;0.9745707;0.9746516;0.97464395;0.9747208;0.9748091;0.97489685;0.9749775;0.9750598;0.9751362;0.97522694;0.9753128;0.97539395;0.9754581;0.9755413;0.97559446;0.9756697;0.9757324;0.9757988;0.97587276;0.9759354;0.9760105;0.9760969;0.976171;0.9762389;0.9763131;0.97638303;0.9764554;0.9765283;0.9766138;0.97668755;0.9767701;0.9768511;0.97692794;0.97698796;0.9770467;0.9771187;0.97718483;0.9772426;0.97731423;0.97739327;0.9774622;0.97752637;0.9775902;0.97765106;0.9777048;0.97776425;0.97782505;0.9778813;0.9779473;0.9780013;0.97806656;0.9781314;0.97819597;0.97825277;0.9783117;0.97836715;0.97841513;0.97847;0.97853255;0.97858846;0.97865266;0.9786761;0.97873193;0.97879976;0.97886485;0.97892195;0.9789697;0.97902477;0.97908026;0.9791444;0.979203;0.9792538;0.9793184;0.9793738;0.97943544;0.9794845;0.97953975;0.97960323;0.9796571;0.979722;0.9797767;0.9798304;0.97987753;0.9799266;0.97998494;0.98003143;0.98007697;0.9801318;0.98018694;0.98023784;0.98029375;0.98034734;0.9804046;0.9804524;0.98047185;0.98043126;0.9804721;0.9805212;0.9805662;0.9806135;0.9806613;0.9807069;0.98075414;0.9808025;0.9808536;0.9809014;0.9809558;0.98100185;0.9810562;0.98110604;0.98115623;0.9812061;0.9812504;0.98129684;0.9813454;0.9813914;0.98143476;0.98147917;0.98151517;0.9815678;0.9816133;0.98165625;0.98170066;0.9817506;0.9817985;0.9818423;0.9818842;0.9819297;0.9819778;0.98201364;0.9820525;0.9820962;0.98213744;0.98217636;0.9822194;0.98226494;0.98230755;0.9823484;0.9823911;0.9824242;0.9824666;0.98250824;0.9825528;0.98259044;0.98262894;0.98266834;0.9827136;0.98275405;0.9827934;0.9828265;0.98286694;0.9829087;0.98294383;0.9829813;0.9830166;0.9830611;0.98310333;0.9831348;0.98316807;0.98320836;0.983248;0.9832884;0.983323;0.9833564;0.98338926;0.98342806;0.98345506;0.98349583;0.9835277;0.9835567;0.9835956;0.9836257;0.9836634;0.9836991;0.9837302;0.9837638;0.9837955;0.9838298;0.983863;0.98389876;0.98393303;0.98396623;0.9839976;0.9840293;0.984066;0.9840965;0.9841287;0.984162;0.9841917;0.9842273;0.9842593;0.98429084;0.9843251;0.9843642;0.98439443;0.98442703;0.98445666;0.9844861;0.98451954;0.9845472;0.9845735;0.9846053;0.98463744;0.9846607;0.98469096;0.9847251;0.98475635;0.98476356;0.9847649;0.9845865;0.98454154;0.98457164;0.9846028;0.9846327;0.9846589;0.98468894;0.98443925;0.9843924;0.9842976;0.9843241;0.9841286;0.9841581;0.98418677;0.9842196;0.984252;0.9842783;0.9843108;0.9843443;0.9843742;0.9844025;0.9844344;0.984464;0.9844946;0.9845216;0.98454976;0.9845747;0.9845996;0.9846293;0.9846547;0.9846805;0.98471355;0.984738;0.98476607;0.9847951;0.9848277;0.98485833;0.98488665;0.98491776;0.98494446;0.9849725;0.9850011;0.9850243;0.9850495;0.9850474;0.98507285;0.98510456;0.9851309;0.98515993;0.98518604;0.98521554;0.9851717;0.98506033;0.9849943;0.985018;0.9850022;0.98500925;0.98494244;0.9848345;0.98472244;0.98468083;0.9845253;0.98448384;0.98428243;0.98417264;0.98419756;0.9841769;0.98418325;0.98404485;0.98393893;0.98394644;0.98394597;0.9838364;0.9835498;0.98335356;0.98300487;0.9827042;0.9823327;0.9819792;0.98177767;0.9813872;0.98122;0.9811651;0.98108995;0.98112166;0.9811366;0.9811429;0.98117846;0.9811445;0.9811771;0.9812026;0.98123175;0.9812624;0.9812938;0.981321;0.98134935;0.9813776;0.9814102;0.9814387;0.9814703;0.9814998;0.98152804;0.9815585;0.9815889;0.9816176;0.98165137;0.98168695;0.9817165;0.9817468;0.9817758;0.9818074;0.9818385;0.98186535;0.9818936;0.9819244;0.98195285;0.9819831;0.98201215;0.9820418;0.98207474;0.98210716;0.9821362;0.9821673;0.9821976;0.9822325;0.98225963;0.9822859;0.9823147;0.982325;0.98235077;0.98221123;0.9822381;0.9822682;0.9822964;0.982327;0.9823543;0.9823804;0.98240995;0.9824313;0.98245794;0.98248017;0.9825049;0.9825281;0.9825572;0.9825796;0.98260397;0.9826356;0.9826658;0.9826903;0.9827137;0.98274046;0.9827617;0.9827863;0.98281693;0.98283595;0.98286265;0.98288596;0.9829075;0.98293436;0.9829588;0.9829878;0.98301804;0.9830426;0.9830644;0.9830891;0.98310983;0.9831383;0.98315924;0.9831863;0.9832094;0.98323107;0.9832376;0.98325795;0.9832786;0.98330325;0.983327;0.9833502;0.983376;0.9834046;0.98342985;0.98345536;0.98347926;0.9835049;0.9835287;0.98355234;0.983575;0.9835979;0.9836269;0.9836506;0.98367333;0.983696;0.9837188;0.9837441;0.98376805;0.9837953;0.9838158;0.9838392;0.9838596;0.9838838;0.98390764;0.9839276;0.98395157;0.98397374;0.98399854;0.9840217;0.9840405;0.9840595;0.9840814;0.98410434;0.9841267;0.98415244;0.9841752;0.9841959;0.9842197;0.98424196;0.98426336;0.98428494;0.98430425;0.98432684;0.9843486;0.9843677;0.9843918;0.98441416;0.98443455;0.9844543;0.9844765;0.98449725;0.9845182;0.9845394;0.9845608;0.9845802;0.98460203;0.9846249;0.98464686;0.9846685;0.9846861;0.9847063;0.98472905;0.98475;0.98476756;0.9847865;0.984808;0.98482865;0.98484766;0.98486745;0.9848864;0.9849071;0.9849267;0.9849447;0.98496264;0.98498446;0.98500645;0.98502636;0.9850487;0.9850685;0.9850923;0.9851122;0.9851295;0.98514724;0.985166;0.9851839;0.98520154;0.98522145;0.98524046;0.9852615;0.98528093;0.98530006;0.98531896;0.985339;0.98535824;0.98537666;0.9853783;0.9853957;0.9854148;0.98543525;0.98545665;0.9854761;0.98549545;0.9855188;0.9855388;0.9855582;0.98557615;0.9855962;0.98561305;0.9856297;0.9856524;0.9856713;0.9856887;0.98570746;0.9857281;0.9857463;0.98576516;0.9857808;0.9857993;0.9858169;0.9858353;0.985853;0.9858668;0.9858824;0.9859009;0.9859157;0.98593414;0.98595184;0.98597014;0.98598486;0.98600197;0.98602265;0.9860419;0.98605776;0.98607135;0.9860898;0.98610735;0.98611933;0.9861372;0.9861568;0.98617285;0.98618776;0.9862046;0.9862199;0.98623663;0.98625165;0.98626834;0.9862863;0.98630416;0.98632115;0.9863375;0.9863507;0.9863674;0.9863834;0.98639977;0.9864165;0.98643553;0.9864518;0.98646885;0.9864871;0.98650575;0.98651975;0.9865354;0.9865495;0.9865684;0.98658496;0.9865984;0.98661155;0.9866249;0.9866397;0.986655;0.9866673;0.98668295;0.98669803;0.9867122;0.98672885;0.9867428;0.9867605;0.9867436;0.9867573;0.9867709;0.9867861;0.98680055;0.9868151;0.9868316;0.9868455;0.98685896;0.9868734;0.98688954;0.9869023;0.9869143;0.98692936;0.9869454;0.98695827;0.9869738;0.98698974;0.9870055;0.98701954;0.9870336;0.9870026;0.98701686;0.98703223;0.98704565;0.98706;0.9870762;0.9870905;0.98710454;0.9871178;0.98713297;0.98714656;0.9870012;0.9870168;0.98703367;0.98704845;0.9870649;0.9870807;0.98709536;0.98711;0.9871255;0.987141;0.98715496;0.9871682;0.9871811;0.98719335;0.9872063;0.98721886;0.987233;0.98724824;0.9872607;0.9872207;0.9872348;0.98720443;0.9872176;0.9872317;0.9872455;0.9872593;0.9872722;0.9872838;0.9872959;0.98731214;0.9873265;0.98733836;0.9873525;0.9873668;0.98737824;0.9873916;0.9874074;0.98742014;0.9874336;0.98744684;0.9874618;0.9874748;0.9874874;0.98750246;0.9875154;0.9875307;0.98754233;0.9875538;0.98756725;0.9875795;0.98759264;0.9876043;0.9876158;0.9876266;0.98764014;0.98765314;0.98766524;0.987678;0.9876914;0.98770475;0.98771626;0.9877302;0.98774236;0.9877566;0.98776984;0.9877842;0.98779774;0.9878089;0.98782414;0.98783624;0.9878488;0.98786116;0.9878745;0.987886;0.9878975;0.9878554;0.98781276;0.9878258;0.98783857;0.98785084;0.98780966;0.98774;0.98774886;0.98775953;0.9877735;0.98778576;0.98779756;0.9878094;0.987821;0.98783255;0.98784536;0.9878604;0.98787314;0.9878849;0.98789454;0.98790675;0.9879191;0.9879314;0.98794353;0.987955;0.98796993;0.9879823;0.9879948;0.9880057;
0.4;0.4031008;0.52427185;0.6;0.6210826;0.6436782;0.6653226;0.67021275;0.6651017;0.6540616;0.6459391;0.6484284;0.6655914;0.67729086;0.69330853;0.6961471;0.7065574;0.7228178;0.72753835;0.7373877;0.7376074;0.74478835;0.7468278;0.7498542;0.7481813;0.7435622;0.7434582;0.7440711;0.74453944;0.7430014;0.7461232;0.74882126;0.7554167;0.7614604;0.76561266;0.7693195;0.7765363;0.77931035;0.7824859;0.7878788;0.7927444;0.7965935;0.80115277;0.80587685;0.80961126;0.81274307;0.8157356;0.81984556;0.8230834;0.82697064;0.8299704;0.8332454;0.83686113;0.8397972;0.842747;0.84543896;0.84807694;0.8506969;0.85261196;0.8548461;0.85685164;0.8587029;0.86102587;0.8633031;0.8659052;0.86788917;0.8697082;0.8717897;0.87403136;0.8748047;0.87646717;0.87827075;0.8799551;0.88154984;0.8830601;0.8845116;0.8860085;0.8874079;0.8887734;0.8905371;0.89195555;0.89317805;0.89445996;0.89572847;0.8971154;0.8982083;0.8993888;0.90046513;0.9017447;0.9029332;0.90406454;0.90509975;0.90608543;0.9070912;0.90806246;0.9085366;0.90939736;0.9104415;0.9112914;0.9121014;0.91300243;0.91383916;0.9147276;0.9155206;0.91643995;0.9171803;0.9179076;0.91859144;0.9194455;0.920193;0.9209268;0.92153287;0.922186;0.922893;0.9234785;0.9241979;0.9249389;0.9256313;0.92620134;0.9267961;0.9273403;0.9278685;0.92841285;0.9289882;0.9294774;0.93009645;0.9306377;0.93117064;0.93172437;0.9322692;0.9328545;0.9333609;0.9339275;0.9343912;0.93488795;0.9353448;0.9357889;0.9362396;0.9366218;0.93712837;0.9375605;0.9380225;0.9384542;0.9388336;0.93924266;0.9397253;0.9401448;0.94058585;0.9409989;0.9413316;0.94173443;0.94214725;0.9425236;0.9429203;0.94314677;0.9434607;0.94383;0.94420415;0.9441384;0.9440691;0.9444397;0.9448427;0.94521695;0.94518495;0.94542897;0.9457524;0.9460411;0.94572824;0.9460836;0.94639987;0.9467593;0.94709706;0.9470658;0.9473478;0.9475819;0.9478625;0.9478878;0.9477154;0.9478294;0.9478827;0.94738424;0.94768745;0.9479833;0.94817007;0.94843316;0.9486279;0.9486675;0.9486678;0.94854265;0.94880056;0.9490886;0.94930154;0.94955194;0.94975406;0.9500559;0.95026433;0.9504745;0.95071685;0.9509602;0.9512079;0.95145303;0.95171857;0.95194894;0.95216113;0.95242214;0.952649;0.952842;0.9530707;0.9532881;0.9535095;0.9537408;0.9538323;0.9540979;0.9543286;0.9545426;0.95474315;0.9549391;0.95516145;0.9553677;0.9555583;0.95577186;0.9559509;0.9561473;0.9563791;0.9566215;0.9568302;0.95707023;0.95722115;0.9574594;0.9576326;0.9578465;0.9579994;0.95819503;0.958372;0.95856416;0.9587214;0.9589033;0.95889395;0.95904803;0.9589227;0.9590021;0.95811135;0.9581588;0.9578883;0.9578644;0.95794237;0.95790744;0.9577727;0.95751864;0.957239;0.95720077;0.9573827;0.95720637;0.95737755;0.9573281;0.9574772;0.9573637;0.95672494;0.95657635;0.9565127;0.9563952;0.9552957;0.9548969;0.95462245;0.95372975;0.95365655;0.95352614;0.9534402;0.9532226;0.9530067;0.95299935;0.95228857;0.95126665;0.95032376;0.9502683;0.94979405;0.94942147;0.9488352;0.94823074;0.94734806;0.9459525;0.94514245;0.9435098;0.94178736;0.9401689;0.9379017;0.93559176;0.93447936;0.93268466;0.93113256;0.9287208;0.92657405;0.9250254;0.9225113;0.92011726;0.9177582;0.9157909;0.91335297;0.91117036;0.9084561;0.9058781;0.9037412;0.9009901;0.89810616;0.8948184;0.89181674;0.88895243;0.8863008;0.88308567;0.8800087;0.877372;0.874259;0.8712432;0.8685466;0.8657183;0.8632771;0.8604097;0.8579982;0.85545534;0.85263956;0.849878;0.84720534;0.8444082;0.8419802;0.83911294;0.83661133;0.8338492;0.83168685;0.82922924;0.8271923;0.825098;0.8223443;0.8196422;0.8172882;0.8152108;0.81307846;0.8109898;0.80858815;0.8060398;0.80389893;0.80150735;0.79941446;0.79714376;0.79463583;0.79220575;0.79016113;0.788127;0.7852479;0.78317827;0.7809384;0.77865124;0.77643716;0.7746214;0.77266645;0.7703099;0.76799697;0.7658429;0.7640764;0.7618581;0.7593386;0.7572328;0.754913;0.7525792;0.75037134;0.7485367;0.7467662;0.74478436;0.74286765;0.7411782;0.7390366;0.7369611;0.7350042;0.7330335;0.73078036;0.7289615;0.7273087;0.7252467;0.7231964;0.72141504;0.7195912;0.71734345;0.7154641;0.71369547;0.7115845;0.70953584;0.7073999;0.7056215;0.70387655;0.70189637;0.7001213;0.69823444;0.69679;0.6952797;0.6933951;0.6917574;0.68972695;0.68820024;0.6862605;0.6842622;0.6823907;0.68078154;0.678929;0.6775405;0.67590886;0.67435265;0.672244;0.6706601;0.6691057;0.6678895;0.66623807;0.6647479;0.6632861;0.6617657;0.6601228;0.65840226;0.6566267;0.654797;0.65301967;0.65163;0.6501834;0.6487641;0.6471436;0.64571685;0.644358;0.6428208;0.6413112;0.6398493;0.63841414;0.636865;0.6353433;0.63374937;0.6322228;0.630861;0.6296227;0.6282721;0.6270634;0.6256463;0.6242162;0.62258166;0.62103194;0.61945194;0.6181257;0.61654156;0.6150966;0.61369574;0.6122455;0.610876;0.6094942;0.6085032;0.60718685;0.6058943;0.6045892;0.6030737;0.6018524;0.6009039;0.5995135;0.59827113;0.596981;0.5956613;0.5943299;0.5930567;0.5917369;0.5905093;0.58935547;0.58808124;0.58676654;0.5854577;0.5843236;0.5830088;0.58185065;0.5804969;0.57913285;0.57792395;0.5768023;0.5755539;0.57442516;0.5733008;0.57216465;0.57083946;0.5696167;0.56838316;0.5672505;0.56616986;0.5650302;0.5638164;0.5628272;0.5616697;0.5604082;0.55927604;0.5581023;0.5569795;0.5557542;0.5546864;0.55368346;0.5525481;0.5515077;0.5504712;0.549349;0.5483057;0.54723674;0.5461792;0.5449276;0.5439451;0.54289323;0.5419536;0.54095334;0.5397694;0.5387341;0.5375741;0.5364191;0.5352974;0.5341663;0.5330961;0.5319882;0.5311638;0.5301473;0.52903783;0.52796054;0.5271898;0.5261611;0.5251909;0.52415633;0.5231665;0.522059;0.52117103;0.5201523;0.5192308;0.5182328;0.51737106;0.51638025;0.51535386;0.5142792;0.5133002;0.5123638;0.51136625;0.51052713;0.50969076;0.50871634;0.5077201;0.50666434;0.50576466;0.50491863;0.50405025;0.50327253;0.50235987;0.5013511;0.50034636;0.49924704;0.4982139;0.49729505;0.4964527;0.4954189;0.494595;0.4937497;0.49294332;0.4920917;0.49114755;0.49017137;0.48918724;0.4883839;0.48737165;0.48657426;0.4855229;0.4846386;0.48388487;0.4831219;0.48230383;0.4816376;0.48075598;0.47982064;0.47890025;0.47790435;0.47695756;0.47610414;0.47517565;0.47442874;0.4734735;0.47264355;0.47178352;0.47093755;0.47006184;0.46925467;0.46848288;0.4675622;0.4666236;0.4658604;0.4650783;0.46429884;0.46362823;0.46301258;0.46237028;0.461463;0.4606327;0.45985767;0.45908523;0.45841926;0.45770344;0.4569589;0.45616528;0.45553854;0.45479077;0.45414543;0.45328045;0.45236817;0.45166117;0.4508257;0.4500634;0.44933364;0.44854653;0.44789106;0.44714853;0.44639862;0.44567084;0.4448378;0.44415414;0.4434045;0.44267675;0.44207698;0.44140172;0.44064215;0.43984693;0.4391499;0.4384075;0.4376961;0.4370247;0.43640247;0.43568814;0.43506968;0.4342851;0.43348476;0.43289107;0.4322251;0.4315704;0.43099114;0.43026695;0.42955428;0.42888036;0.42820856;0.4275298;0.42690724;0.4263494;0.42567652;0.42494327;0.42434603;0.4237416;0.423192;0.4224408;0.42189455;0.42113042;0.4204477;0.41984558;0.41920176;0.4185166;0.41784233;0.417196;0.416586;0.41596925;0.41533723;0.41462216;0.41413832;0.41339356;0.41276935;0.41212183;0.4114345;0.41076612;0.41014153;0.40967172;0.40911114;0.40859064;0.40793982;0.4072501;0.4066526;0.40602425;0.4053816;0.40475714;0.40417498;0.4036267;0.40297556;0.4022625;0.40167156;0.40113005;0.40064552;0.4000356;0.39939597;0.39889988;0.39823252;0.39759865;0.3969045;0.39636797;0.39577872;0.39531475;0.39472094;0.39410585;0.39357686;0.3930417;0.39246988;0.39200604;0.39143726;0.39095318;0.39034978;0.38972571;0.38920093;0.3886552;0.3881556;0.3875237;0.38696784;0.38646522;0.38600808;0.3855006;0.38499448;0.38448235;0.38390756;0.38341293;0.38278913;0.38221794;0.38164842;0.3810878;0.38045725;0.37998572;0.3795581;0.37896806;0.37838697;0.37784293;0.3772934;0.37675953;0.37624812;0.375766;0.3751947;0.37475;0.37430632;0.3738499;0.3732844;0.3727618;0.37224746;0.3717687;0.37127078;0.37087876;0.37034935;0.369835;0.36936247;0.3688172;0.36830705;0.36779833;0.367311;0.3669181;0.36643973;0.36588982;0.36539432;0.36494625;0.3645518;0.36412546;0.36366087;0.36319095;0.36270925;0.3622353;0.36184022;0.36132982;0.36091742;0.36042246;0.35991606;0.3593728;0.35890752;0.35839266;0.35785398;0.35737368;0.35691357;0.35647348;0.35600317;0.35564655;0.3552096;0.35480478;0.35430783;0.35380608;0.35346;0.3529545;0.35251185;0.3520764;0.35163593;0.35120875;0.35070968;0.35027868;0.34980035;0.34938967;0.34896794;0.3484932;0.34798983;0.34756547;0.34719577;0.34672582;0.34625715;0.3458134;0.34530595;0.34490576;0.3444361;0.34395024;0.34354734;0.3431454;0.34267476;0.3422864;0.3418932;0.34145477;0.3410692;0.3407017;0.34022057;0.3397579;0.3394103;0.33896118;0.33854723;0.33808348;0.33767167;0.33726084;0.33690712;0.33649817;0.3361628;0.33572224;0.33531058;0.33489442;0.3344627;0.3341093;0.3337071;0.33326745;0.33279613;0.3323971;0.331999;0.3316345;0.33127075;0.33085915;0.33045396;0.32997978;0.32957673;0.32926035;0.32881632;0.32840544;0.32804343;0.327661;0.32723716;0.32690412;0.32651383;0.32609817;0.3257622;0.32534847;0.32501927;0.32463345;0.32421738;0.3238438;0.32344526;0.32303223;0.3226614;0.3222914;0.3219274;0.32159996;0.32121712;0.32085553;0.3205049;0.32009426;0.31976047;0.31936684;0.31899935;0.3186327;0.31825188;0.317837;0.31741825;0.31708005;0.31676242;0.3164009;0.31609446;0.3157591;0.31539986;0.31509045;0.3146985;0.31431723;0.31400022;0.31359637;0.31324685;0.312932;0.31252605;0.31212598;0.31179896;0.31144387;0.31107524;0.31067887;0.31033584;0.30992237;0.30955732;0.30919787;0.30883452;0.30847675;0.30815265;0.30783388;0.30756375;0.30727893;0.30696672;0.30663657;0.30625153;0.30587205;0.3055719;0.30527237;0.30494124;0.30458334;0.30428118;0.30387917;0.3035693;0.30321914;0.3029242;0.302571;0.30226377;0.30190313;0.3015523;0.3012292;0.3008889;0.30049583;0.30024177;0.29987705;0.29949546;0.29917675;0.2988852;0.29862505;0.2982994;0.2979525;0.29767647;0.29740095;0.29708666;0.29674262;0.29638198;0.2960482;0.29578;0.2954562;0.2951331;0.29480645;0.29448906;0.29414672;0.2938094;0.29346013;0.29315838;0.29286572;0.29259902;0.29232013;0.29204178;0.29176396;0.29139435;0.2910508;0.29072055;0.2904244;0.29012054;0.2898007;0.28948158;0.28914663;0.2888166;0.2885819;0.2882819;0.28801936;0.28773275;0.28742635;0.28713685;0.28681952;0.28654343;0.28624356;0.28595036;0.28572437;0.28543836;0.28514084;0.28481993;0.28450373;0.28424805;0.28393713;0.28365862;0.28333706;0.28303602;0.28273165;0.28238854;0.28209344;0.2818264;0.28157163;0.28123134;0.28092694;0.28064266;0.28033954;0.2800487;0.2797778;0.27947268;0.27919516;0.2789259;0.27868783;0.2783813;0.27814415;0.27786165;0.2775683;0.27729458;0.27702138;0.27679035;0.27648416;0.2762314;0.27596408;0.27568224;0.2754122;0.2751614;0.27492225;0.2746537;0.2744043;0.27416646;
0.5;0.43382353;0.47142857;0.51785713;0.5451977;0.571754;0.56725144;0.5942275;0.62444115;0.6348993;0.64835167;0.6521253;0.668037;0.68421054;0.701426;0.72144616;0.7320312;0.7440299;0.7484188;0.7566313;0.769906;0.77944714;0.7921857;0.8016216;0.8068182;0.8138377;0.8210526;0.82685184;0.83213645;0.8378847;0.8432523;0.8469967;0.85081124;0.85538936;0.85943323;0.8636035;0.8675334;0.8709346;0.87441707;0.87747806;0.87997454;0.88240796;0.885201;0.88786435;0.89024746;0.8929281;0.8950738;0.897832;0.89981395;0.9015151;0.9030848;0.904822;0.9067755;0.9084951;0.9099809;0.91141915;0.91309357;0.91458994;0.91601694;0.9174332;0.91875;0.9200424;0.9211462;0.9225077;0.92374593;0.9249602;0.92586035;0.92699456;0.9282178;0.92916197;0.9303097;0.9312852;0.9322945;0.9333451;0.9342266;0.93507385;0.93582344;0.936747;0.9376032;0.9384866;0.9392771;0.9399714;0.9407616;0.94140446;0.9421576;0.9428312;0.94338775;0.94404143;0.94463164;0.9451122;0.9454415;0.94598436;0.9464336;0.9469644;0.9475356;0.94803065;0.94856524;0.9491026;0.9495888;0.95011157;0.95060444;0.95101833;0.95141286;0.9518378;0.95230323;0.9527246;0.95311534;0.9536133;0.95402855;0.9543598;0.9547996;0.95519924;0.95557636;0.9559727;0.956392;0.95672476;0.95705247;0.95748967;0.9578761;0.9583059;0.9586687;0.95905614;0.959393;0.9597159;0.96005046;0.96037537;0.96070725;0.9609616;0.96125615;0.9615851;0.9618818;0.96217024;0.96247655;0.962767;0.9629954;0.96326727;0.9635352;0.9637992;0.9640628;0.96428573;0.96455884;0.96477896;0.9650928;0.965379;0.9656202;0.96587646;0.9660956;0.9663628;0.9665611;0.9668238;0.96709955;0.96720886;0.9673969;0.9676158;0.9678318;0.9680369;0.96824205;0.96846807;0.9686626;0.968681;0.96887696;0.96859866;0.9687826;0.9684907;0.96865326;0.96884614;0.96902204;0.96922;0.96940595;0.96960133;0.9698174;0.9699871;0.9701549;0.9703275;0.9704783;0.9706473;0.9708229;0.97097933;0.97111726;0.9712727;0.97144717;0.971597;0.9717595;0.9718861;0.97201556;0.97216153;0.97229236;0.9724297;0.97257894;0.9727059;0.9728448;0.9729656;0.97310364;0.9732602;0.9733899;0.97353435;0.9737017;0.9738359;0.97398233;0.9741306;0.974252;0.9743839;0.97452766;0.9746535;0.97476363;0.9748632;0.9749572;0.9750773;0.97519934;0.975311;0.97542155;0.9755524;0.97567886;0.9757981;0.97590727;0.97599804;0.9761055;0.9762292;0.97633594;0.97644883;0.97653556;0.9766507;0.97677565;0.9768654;0.9769693;0.9770682;0.97716236;0.97727793;0.97738594;0.9774775;0.9775581;0.9776584;0.97775525;0.9778513;0.9779625;0.97806406;0.9781599;0.9782381;0.9783348;0.9784188;0.97849756;0.9785757;0.97866017;0.97836035;0.9784427;0.9782655;0.97797287;0.9780569;0.9781438;0.97802085;0.9781335;0.9781748;0.97800714;0.9776986;0.97742003;0.9761405;0.9759159;0.97538525;0.9746316;0.97407055;0.9732596;0.97261304;0.97200876;0.97097415;0.9702808;0.96961176;0.96865326;0.9680971;0.9669917;0.9654988;0.96455723;0.96401525;0.9631855;0.961995;0.96125585;0.96070784;0.9601176;0.95871323;0.95819014;0.95752966;0.95589954;0.9549692;0.9533804;0.9516256;0.9504585;0.9489688;0.9477178;0.94539404;0.94291556;0.9407639;0.9392148;0.9370897;0.93468124;0.9324783;0.9297964;0.9267676;0.923989;0.9212314;0.91857094;0.91614825;0.91241384;0.9096956;0.90662915;0.9036925;0.90081364;0.898763;0.8960305;0.8928952;0.890274;0.88736695;0.884778;0.8818695;0.87894315;0.87632966;0.87351286;0.8706416;0.86760926;0.8645623;0.86189145;0.8595547;0.8564237;0.8539771;0.8514404;0.8481618;0.84555703;0.8430361;0.8407329;0.83830774;0.8361638;0.833765;0.83167726;0.8292712;0.82675517;0.8243126;0.8217231;0.8194064;0.81665623;0.8140512;0.8118405;0.8099551;0.8074548;0.8053417;0.80302393;0.8009339;0.79830617;0.79618007;0.7935834;0.79124284;0.78888637;0.7866917;0.78439164;0.78219265;0.7799478;0.7778604;0.77552533;0.77334714;0.77106744;0.76871645;0.7669134;0.7648112;0.76263714;0.7608348;0.7586282;0.7567079;0.7541988;0.7522738;0.7499015;0.7479983;0.74602497;0.7439033;0.7417937;0.73982674;0.73774016;0.7359758;0.73385936;0.7319598;0.7298155;0.72778493;0.72614336;0.7242334;0.7225579;0.72056746;0.71851397;0.7167911;0.7151743;0.7133458;0.7112365;0.70933187;0.7074853;0.70569587;0.7039392;0.70209694;0.7002409;0.6983015;0.6968829;0.6950543;0.6933961;0.69133437;0.6895347;0.68785745;0.68614334;0.68430346;0.6827406;0.68114054;0.6791069;0.67742455;0.6757184;0.6742598;0.6727857;0.6712966;0.6698569;0.6682313;0.6669322;0.6652785;0.6638013;0.6621002;0.66055363;0.6589936;0.6576789;0.6563588;0.65479803;0.65357107;0.65214545;0.6505642;0.6488699;0.64750475;0.6461054;0.6447121;0.64324576;0.64174664;0.6401566;0.63853544;0.6369613;0.63566506;0.63429713;0.63289684;0.6312551;0.62979233;0.6282609;0.6268496;0.6253698;0.62408304;0.62270886;0.6214515;0.6200338;0.6187323;0.6173816;0.61627257;0.6148603;0.6134006;0.61225206;0.6108403;0.6093641;0.6081069;0.60681975;0.6055205;0.6041919;0.6028865;0.601483;0.6001032;0.598884;0.59770375;0.5963752;0.5951034;0.5936516;0.59232426;0.59096944;0.5894879;0.58834445;0.58692545;0.58572626;0.58431983;0.5830176;0.5816888;0.58041435;0.57920957;0.57805765;0.57670367;0.5755459;0.5742824;0.5731971;0.5719752;0.57091415;0.5698105;0.5686493;0.56746644;0.5663915;0.56532073;0.5641019;0.5627974;0.56166476;0.56052166;0.5593981;0.5581749;0.55701625;0.55575913;0.5546105;0.5534081;0.55224;0.55106235;0.5501209;0.5488803;0.54790324;0.5466297;0.54571766;0.54465264;0.54374707;0.5425069;0.54149634;0.540378;0.5392781;0.53827953;0.53713304;0.5359914;0.5349913;0.5338043;0.5329344;0.531716;0.5305703;0.5296708;0.52841383;0.52734876;0.5264071;0.52532375;0.524455;0.5235106;0.5224391;0.52133304;0.52041274;0.5194183;0.5184919;0.5174153;0.5165597;0.51549107;0.51467985;0.5137955;0.51287645;0.51199824;0.51101077;0.5101016;0.5092453;0.5084536;0.5076643;0.50687754;0.5060197;0.50518924;0.504325;0.503391;0.50242436;0.50134134;0.50040644;0.49967772;0.4987728;0.4978119;0.49681938;0.4959835;0.4951036;0.49419183;0.49317876;0.49227405;0.49141878;0.4905205;0.4897286;0.48858544;0.48765203;0.48694864;0.48613435;0.485289;0.48453632;0.48375243;0.4828485;0.48191467;0.4809955;0.4800688;0.47927734;0.47835726;0.47753873;0.47661445;0.47585595;0.47504595;0.47420648;0.47330573;0.47258976;0.4717164;0.4709204;0.4699688;0.4691051;0.46838078;0.46766913;0.4668451;0.46624196;0.4654747;0.46458617;0.46390656;0.4632392;0.462492;0.46176755;0.46088296;0.4601029;0.4592347;0.45837986;0.45776835;0.4569289;0.4562914;0.45557636;0.45488524;0.45408595;0.4533778;0.45271146;0.45196936;0.45131752;0.45066878;0.4502383;0.449641;0.4491237;0.44903758;0.44880462;0.44867536;0.44877955;0.4486265;0.44890952;0.449126;0.4496155;0.45037442;0.45120797;0.45205307;0.4528777;0.45367286;0.4544294;0.45537543;0.45619342;0.4569411;0.45782205;0.45875636;0.4594634;0.46019092;0.46108365;0.4618862;0.46259612;0.463514;0.4644068;0.46527463;0.46612877;0.46691477;0.46777454;0.46847984;0.46946418;0.47039106;0.4712611;0.47195724;0.47279015;0.47360983;0.47443753;0.47531548;0.47610626;0.47689468;0.47751322;0.4783496;0.47925612;0.4799936;0.48086342;0.48157576;0.48236835;0.48316878;0.4839361;0.48460945;0.4852099;0.4858698;0.486528;0.4872753;0.4879601;0.48858285;0.48930418;0.49010327;0.49085015;0.491575;0.49226815;0.49295968;0.49360034;0.4945038;0.49518925;0.49588278;0.49662226;0.49734023;0.4980368;0.49864474;0.49952024;0.50022036;0.5010904;0.50179565;0.50258434;0.50338;0.5040599;0.50484145;0.50546116;0.5061822;0.5067519;0.507432;0.5081287;0.50886047;0.5095901;0.5102072;0.5108135;0.511519;0.5122407;0.5130786;0.5136687;0.51438415;0.51520556;0.5158805;0.5166163;0.5173231;0.51804554;0.5186505;0.5192804;0.5199441;0.5205089;0.52122194;0.5219065;0.5224755;0.5230868;0.52387905;0.5245474;0.52510923;0.52580863;0.52650595;0.5272526;0.52798843;0.5286453;0.5291473;0.5297925;0.530512;0.53117865;0.53171736;0.5323723;0.5329752;0.5336183;0.5343011;0.53482443;0.5354293;0.5359583;0.53660965;0.53725916;0.537784;0.5383894;0.5389198;0.5394897;0.5401312;0.54078704;0.5413604;0.54202884;0.5426392;0.54317594;0.543879;0.5445958;0.5451438;0.54579335;0.5464884;0.547079;0.54761326;0.54816186;0.5487404;0.5493252;0.5498697;0.5504903;0.55110925;0.5517034;0.55227286;0.5528486;0.55348396;0.5540413;0.5546734;0.5551519;0.5557051;0.55642295;0.5570332;0.5576267;0.55827856;0.5588091;0.5593235;0.5599777;0.5605856;0.5610737;0.5616565;0.56225246;0.56281745;0.56336635;0.5639212;0.56444556;0.5649831;0.5655773;0.56608325;0.5666816;0.56722087;0.567637;0.568131;0.5686667;0.5691939;0.56976247;0.57040024;0.57095855;0.5713746;0.57180387;0.5723655;0.57289076;0.5733449;0.573812;0.5743823;0.5749511;0.5754907;0.57599455;0.5764903;0.577074;0.57760143;0.57816166;0.57860464;0.57904;0.5794879;0.5800702;0.5805497;0.580981;0.58151215;0.58198833;0.58247685;0.58304423;0.5835436;0.5840019;0.5844129;0.58490896;0.5854961;0.5860881;0.58663917;0.58709073;0.58761305;0.5881015;0.58862126;0.58910733;0.5896246;0.5900954;0.5906166;0.59111714;0.5915142;0.5919743;0.5924589;0.5929423;0.593488;0.5939563;0.59445506;0.59493375;0.59546155;0.5960192;0.5965691;0.59697455;0.59739137;0.5979251;0.5984698;0.5989082;0.59933335;0.59976983;0.60016865;0.60062164;0.60106146;0.6015125;0.60195625;0.60235673;0.6028169;0.6032036;0.60361964;0.60402876;0.6045151;0.60504204;0.6054363;0.60589534;0.6063263;0.6067768;0.60722244;0.60770667;0.60814464;0.60851955;0.60879594;0.60922325;0.60970217;0.61008674;0.6105403;0.611016;0.6115656;0.61201566;0.6124188;0.61290133;0.61330825;0.6137886;0.614245;0.614706;0.61509776;0.61545485;0.61590165;0.6163643;0.6168202;0.61723024;0.6176673;0.6181704;0.6185608;0.61897814;0.619378;0.61984336;0.62027454;0.62069917;0.6211009;0.62152916;0.62192917;0.6223665;0.62281376;0.62323815;0.62371045;0.6240733;0.62455976;0.62497485;0.62538373;0.6258131;0.6261431;0.6265279;0.6269439;0.6274068;0.62787384;0.6282022;0.62865674;0.6290785;0.6294626;0.6298144;0.6301917;0.63059956;0.6310117;0.6314178;0.631797;0.6322014;0.63266164;0.63305384;0.6335274;0.63386124;0.634215;0.6345885;0.63496125;0.6353434;0.6356892;0.63609517;0.6364547;0.6368691;0.63720196;0.6376096;0.63797116;0.6384522;0.63883704;0.6391414;0.6394999;0.63982296;0.6401702;0.6405663;0.6409566;0.6413558;0.64176404;0.64208794;0.6424064;0.6427536;0.643144;0.64354813;0.64394164;0.6443537;0.6446681;0.6450206;0.64541566;0.6457474;0.6461074;0.64652395;0.646868;0.64726853;0.6476063;0.6480526;0.64849776;0.6488615;0.64921516;0.6495352;0.6499437;0.65024364;0.6505571;0.6509633;0.65123665;0.6515715;0.6519521;0.65231335;0.65265536;0.65300596;0.65341556;0.65370953;0.6540305;0.6544194;0.65473455;0.65509003;0.6553766;0.65568995;0.6560797;
0.6351351;0.556391;0.52284265;0.5328467;0.48732394;0.49414518;0.4610895;0.48235294;0.50294983;0.52122015;0.53229666;0.5330444;0.5520317;0.5518182;0.56839424;0.5799197;0.5972748;0.6139468;0.6186268;0.6238651;0.6348315;0.6426462;0.65462756;0.6589189;0.6664927;0.6690141;0.67585874;0.681606;0.68794966;0.69536716;0.70528543;0.7141099;0.724397;0.7317167;0.74011934;0.7464533;0.7529245;0.7586565;0.76424956;0.76978654;0.7725377;0.77579176;0.77900213;0.7837676;0.7880562;0.7922636;0.79366416;0.7949283;0.798435;0.8021192;0.80582273;0.809536;0.8132967;0.8164168;0.8193907;0.82273376;0.8259958;0.82917905;0.8320971;0.8349171;0.8383117;0.84021276;0.8420942;0.8448988;0.84763646;0.84946024;0.85151637;0.8537955;0.85558534;0.85768145;0.85982174;0.8616963;0.86357063;0.8653229;0.86696035;0.86863595;0.86996055;0.8713291;0.87275773;0.87433773;0.8761423;0.87728375;0.8791594;0.8807354;0.88210624;0.8834459;0.884808;0.8861728;0.8876388;0.8888889;0.88977635;0.8909796;0.8920955;0.8931287;0.8940979;0.89503527;0.8959989;0.89718235;0.898271;0.8992968;0.900171;0.9010946;0.9022033;0.9029908;0.9038997;0.90485144;0.9057611;0.9065846;0.90741646;0.908289;0.90901464;0.9096536;0.91056913;0.91141456;0.91225433;0.9129687;0.9136617;0.9144017;0.91511965;0.9158443;0.9165292;0.917203;0.91786605;0.91843975;0.9191435;0.9198352;0.9204653;0.9208446;0.92136806;0.92209256;0.92268616;0.9231934;0.9237628;0.9243764;0.9249285;0.9254652;0.92605907;0.92664355;0.92717004;0.92767537;0.92816687;0.9286384;0.92914337;0.92962176;0.93011296;0.930629;0.93104386;0.93145996;0.931312;0.9316969;0.9321255;0.93255466;0.9329316;0.9332754;0.93375313;0.93417895;0.93464386;0.9350858;0.9354893;0.9358985;0.9362338;0.93664414;0.93712133;0.93745416;0.93785906;0.93825376;0.93864834;0.9390137;0.93944174;0.9398308;0.9401636;0.9405435;0.9408685;0.9412305;0.94158363;0.9418842;0.9421164;0.942459;0.9427805;0.94310266;0.9434171;0.9437651;0.9440559;0.9443599;0.9446686;0.9449186;0.9452172;0.94549716;0.94576657;0.94605607;0.94633496;0.9466296;0.9468372;0.9471078;0.94744396;0.9477084;0.9480124;0.9479952;0.948232;0.94847697;0.94874346;0.948987;0.94926155;0.9495167;0.94974643;0.9499741;0.95021576;0.9504074;0.9505944;0.95082694;0.9505477;0.9507659;0.9510099;0.9512332;0.9514786;0.9517007;0.95194435;0.9521827;0.9523839;0.9525776;0.95279825;0.95303667;0.95325595;0.9534565;0.9536581;0.9538716;0.95406425;0.9542954;0.95451105;0.95471674;0.9549076;0.9550762;0.95497763;0.95517534;0.95536375;0.9555405;0.95571584;0.9558774;0.95605254;0.9562239;0.95639145;0.9565794;0.95677996;0.95693386;0.9571101;0.9572733;0.95747215;0.95765996;0.9578439;0.9579949;0.9581581;0.9583885;0.958588;0.9587791;0.95891917;0.9590582;0.95921546;0.95940924;0.95955956;0.9597026;0.9598631;0.96004474;0.96022063;0.96037906;0.9605243;0.9604802;0.9606339;0.960796;0.9609336;0.9610876;0.9612555;0.9614258;0.96157587;0.961684;0.961856;0.96199363;0.9621448;0.96230197;0.96245426;0.9625876;0.9627306;0.96286196;0.96300286;0.9631289;0.9632541;0.96337163;0.96351546;0.963638;0.96378803;0.96388406;0.96400094;0.96412843;0.9642388;0.96435016;0.96447843;0.9645883;0.96468645;0.9648248;0.9649185;0.96503806;0.9651491;0.9652686;0.9653843;0.96547955;0.96559083;0.9656999;0.9658127;0.9659292;0.96604776;0.9661482;0.9662624;0.96637297;0.96647143;0.9665806;0.9667018;0.9668123;0.9669027;0.9670201;0.96713126;0.96722806;0.9673324;0.96742535;0.9675178;0.9676123;0.96771425;0.96782863;0.9679162;0.968011;0.9681079;0.9682028;0.9683062;0.9684063;0.96850204;0.968591;0.9686781;0.96877843;0.96886456;0.9689551;0.96904755;0.96912134;0.9692284;0.96931803;0.96941066;0.9694828;0.96956974;0.96965504;0.96973294;0.9698312;0.9699254;0.97000873;0.97008145;0.970165;0.9702527;0.970342;0.9704397;0.9705356;0.9706243;0.97068644;0.97076887;0.9708326;0.97091097;0.97097933;0.97106546;0.97115105;0.97122985;0.9713082;0.9713851;0.9714492;0.97151816;0.97158885;0.9716704;0.9717454;0.97182596;0.97191113;0.9719858;0.97206706;0.972138;0.97222024;0.9723011;0.9723757;0.97245085;0.97252077;0.97259706;0.9726795;0.97275394;0.972828;0.9729053;0.97297484;0.97304493;0.97310275;0.97317576;0.9732494;0.9733225;0.9732525;0.9733145;0.9733691;0.9734306;0.9734962;0.97356415;0.9736309;0.9737051;0.9737746;0.9738299;0.97389275;0.9739527;0.97401404;0.9740794;0.97413427;0.9741864;0.9742392;0.97430587;0.9743615;0.9744267;0.9744875;0.9745456;0.9746156;0.97469;0.974756;0.97481924;0.97487503;0.97493213;0.97498816;0.97504795;0.9751167;0.9751751;0.97522855;0.97529405;0.9753508;0.97540194;0.9754628;0.9755278;0.975573;0.9756337;0.97562844;0.9757043;0.9757524;0.97577506;0.9758302;0.9758901;0.97595054;0.97596747;0.97602165;0.97607625;0.9761264;0.9761898;0.9762479;0.9763015;0.97635204;0.976394;0.9764456;0.976499;0.97654665;0.9765831;0.9766325;0.97668916;0.9767415;0.9767983;0.9768535;0.97690237;0.9769315;0.97698003;0.9770336;0.97707975;0.97712046;0.9771669;0.9772124;0.9772721;0.9773237;0.977377;0.97743005;0.97747076;0.9775151;0.9775486;0.977541;0.97759694;0.97752213;0.9773462;0.97736627;0.9773364;0.9772457;0.9772401;0.97728837;0.9773371;0.9773326;0.9773779;0.9774317;0.97747475;0.9775232;0.9774622;0.9774864;0.97745395;0.97741866;0.97745395;0.9774145;0.9774575;0.9772368;0.9770984;0.9769848;0.9766835;0.9767263;0.97676516;0.9768076;0.976856;0.9769;0.97694254;0.9769837;0.977035;0.97708124;0.9771285;0.97718096;0.9772261;0.97726977;0.9773092;0.97734445;0.9773883;0.9774291;0.9774755;0.9775217;0.97756207;0.9775999;0.9776434;0.9776889;0.9777354;0.9777789;0.97782;0.97785753;0.97790056;0.97794116;0.97798276;0.9780341;0.9780715;0.9781104;0.978128;0.97817594;0.97821444;0.9782571;0.97830284;0.9783489;0.9783916;0.97842664;0.9784653;0.9785091;0.97854906;0.9785878;0.97862333;0.9786644;0.9787058;0.9787497;0.97878313;0.9788205;0.97886133;0.9789061;0.9789451;0.97898245;0.97902316;0.9790592;0.97909313;0.9791349;0.97916913;0.9792047;0.9792416;0.9792779;0.9793121;0.97934914;0.9793851;0.9794267;0.9794614;0.97950166;0.97953707;0.9795538;0.9795904;0.97962403;0.9796571;0.9796905;0.9797243;0.9797626;0.97979426;0.9798291;0.97986424;0.9798997;0.97993374;0.9799653;0.97999865;0.9799923;0.9800268;0.97985953;0.97989327;0.9799115;0.97992474;0.9799384;0.9799488;0.97978437;0.9798228;0.97985345;0.9798876;0.9799261;0.9799662;0.97999465;0.9800257;0.98005575;0.98008657;0.98011947;0.9801492;0.98018366;0.9802219;0.9802591;0.98029405;0.9803259;0.9803627;0.980393;0.98042154;0.9804529;0.98048633;0.98051417;0.98054695;0.9805775;0.9806055;0.9806346;0.98066163;0.98069227;0.98072237;0.98074913;0.9807709;0.9807999;0.9808297;0.98085535;0.980887;0.9809185;0.98094994;0.9809801;0.9810125;0.9810472;0.98107946;0.98110795;0.9811396;0.9811683;0.98119974;0.9812263;0.98125637;0.9812859;0.98131734;0.9813463;0.98136634;0.98139745;0.98142505;0.9814495;0.9814815;0.9815099;0.98153305;0.981564;0.98159033;0.9816155;0.9816428;0.9816704;0.98169756;0.98172534;0.98175603;0.9817844;0.9818116;0.98184234;0.98187226;0.98190063;0.98192567;0.9819546;0.9819863;0.9820125;0.9819843;0.9820123;0.98203474;0.98205787;0.9820828;0.98211217;0.9821365;0.98213935;0.98216605;0.9821934;0.98221993;0.9822509;0.98227906;0.9823088;0.98233813;0.9823629;0.98238796;0.9824139;0.98243946;0.98246664;0.9824887;0.9825097;0.98253393;0.9825612;0.982582;0.9826087;0.98263305;0.98265594;0.98267585;0.98269904;0.9827244;0.98265225;0.98267174;0.9826964;0.98272103;0.98274165;0.98276514;0.98279023;0.9828149;0.98284274;0.9828708;0.982893;0.98291224;0.98293686;0.98295796;0.98298246;0.98300534;0.98302495;0.9830496;0.9830713;0.9830914;0.9831137;0.9831381;0.98315924;0.9830737;0.98309773;0.98295665;0.9829811;0.98300296;0.9830282;0.9830487;0.9830735;0.98308986;0.98311573;0.9831385;0.9831627;0.9831893;0.9831747;0.9831933;0.98321426;0.9832352;0.98326117;0.98328257;0.98330694;0.98333246;0.9833519;0.9833778;0.9834019;0.9834259;0.9834496;0.9834758;0.9834955;0.9835221;0.9835385;0.9835636;0.98358566;0.9836069;0.9836268;0.9836493;0.98366976;0.98369354;0.9837173;0.98373896;0.98376006;0.98378104;0.98380256;0.9838232;0.98384655;0.9838634;0.9838805;0.9839037;0.98392236;0.98394156;0.9839635;0.98398507;0.9840074;0.98402864;0.98404866;0.9840681;0.98409;0.9841099;0.9841324;0.98415273;0.9841716;0.98419;0.9842102;0.9842327;0.98425305;0.98427063;0.9842917;0.98430735;0.9843238;0.9843455;0.98436576;0.9843879;0.98440915;0.98442954;0.9844512;0.98447484;0.98449403;0.984514;0.98453075;0.9845493;0.9845655;0.98458064;0.9845952;0.98461515;0.98463196;0.98465174;0.98467153;0.9846882;0.9847079;0.9847273;0.98474866;0.98476744;0.9847881;0.98480654;0.9848282;0.9848475;0.9848636;0.9848801;0.98490196;0.9849199;0.9849368;0.9849519;0.9849702;0.9849882;0.98500615;0.9850238;0.98504406;0.98505855;0.98507416;0.9850921;0.9851086;0.9851263;0.9851446;0.9851622;0.9851607;0.9851139;0.9851329;0.98515064;0.98516786;0.9851839;0.9852001;0.9852142;0.9852285;0.9852455;0.9852637;0.9852818;0.985299;0.9853184;0.98533434;0.9853523;0.98536724;0.9853828;0.9854016;0.9854205;0.98543507;0.9854528;0.9854709;0.98548967;0.9855086;0.98552567;0.9855432;0.98556197;0.9855776;0.9855941;0.98561186;0.9856289;0.9856455;0.98566157;0.985677;0.985695;0.9856651;0.98568434;0.98569965;0.9857145;0.9857141;0.985671;0.9856865;0.98570496;0.98571885;0.98571646;0.98573226;0.98574734;0.985762;0.9857777;0.98579335;0.98581153;0.98579663;0.9857965;0.98581463;0.98583275;0.98584735;0.9858637;0.9858778;0.98589087;0.9859083;0.9859258;0.98594064;0.9859563;0.9859705;0.9859861;0.9860006;0.9860149;0.9860277;0.98604095;0.98605597;0.9860683;0.9860847;0.98609906;0.98611397;0.9861325;0.98614633;0.98616254;0.9861763;0.9861945;0.98621243;0.9862275;0.9862443;0.98625815;0.9862707;0.9862835;0.9862982;0.9863127;0.9863277;0.98634213;0.9863595;0.98637605;0.9863933;0.98640895;0.9864234;0.9863519;0.9863656;0.98637885;0.98639214;0.9864079;0.9864207;0.9864373;0.9864518;0.9864661;0.98647785;0.9864911;0.986503;0.9865173;0.9865317;0.9865446;0.98656;0.986575;0.98658955;0.98660356;0.9866181;0.9866326;0.9866472;0.9866611;0.9866751;0.98668945;0.98670524;0.9867192;0.9867351;0.98674953;0.98676264;0.9867781;0.98679316;0.98680615;0.9868206;0.9868336;0.9868476;0.9868632;0.986875;0.98688674;0.9869006;0.9869172;0.98693;0.98694074;0.98695564;0.9869696;0.98698276;0.986997;0.9869559;0.9869439;0.9868912;0.9869037;0.9869178;0.9869308;0.9869455;0.98695946;0.9869736;0.98698646;0.986999;0.9870154;0.9870275;0.98704064;0.98705477;0.98706764;0.9870798;0.9870935;0.9871066;0.987121;0.98713285;0.9871473;0.98716205;0.9871768;0.98718953;
0.35064936;0.37762237;0.46889952;0.53505534;0.5470086;0.5986394;0.6276392;0.65224624;0.6598241;0.6746348;0.690734;0.69966996;0.69138277;0.69813085;0.7146597;0.7198028;0.7265023;0.724438;0.7255038;0.72358805;0.72715735;0.7130699;0.7153667;0.71212965;0.70408165;0.7010309;0.7012922;0.70279384;0.70218706;0.70117015;0.6981707;0.6965721;0.70179737;0.7070064;0.70963997;0.7109936;0.71043897;0.70730823;0.7102113;0.71423674;0.7191049;0.7225302;0.7255903;0.7309375;0.736472;0.74114114;0.74536353;0.74978405;0.7545839;0.75965786;0.7637005;0.76841265;0.77353096;0.7775792;0.7813755;0.7852564;0.78884846;0.7921737;0.7953958;0.79912364;0.8030303;0.8067022;0.8100327;0.8132504;0.81647706;0.8198552;0.82289547;0.8256954;0.828239;0.8308081;0.83349264;0.83559835;0.8379535;0.8398897;0.84212434;0.84385085;0.845977;0.8481255;0.84985346;0.8518708;0.8536626;0.8557708;0.85730666;0.8589017;0.86055076;0.8618118;0.863501;0.86519116;0.86669725;0.8679903;0.8694153;0.87079066;0.8723996;0.8737498;0.8750538;0.87650645;0.87753093;0.8787921;0.88004404;0.88130283;0.8825037;0.8836184;0.88477314;0.8858004;0.8869565;0.8880894;0.8892844;0.8902608;0.89123374;0.8922563;0.89315504;0.89401317;0.8949083;0.8960745;0.89710575;0.8980452;0.89899105;0.8999541;0.90083116;0.90161526;0.90254;0.9034154;0.90422255;0.9049749;0.9058073;0.9064246;0.9070636;0.90782094;0.9086332;0.9092708;0.91001135;0.91063917;0.9112492;0.9118421;0.91254145;0.9131259;0.9137453;0.9144064;0.9151072;0.9156988;0.91622585;0.91682583;0.9174173;0.91799265;0.9184686;0.9189692;0.91947114;0.9196765;0.92026275;0.92074716;0.92118317;0.9217617;0.9222351;0.92274374;0.92323905;0.9237347;0.92419773;0.92467463;0.9251264;0.9255473;0.9260012;0.9264805;0.9269292;0.92737246;0.9278223;0.92821354;0.9287171;0.9291849;0.9295899;0.9300184;0.9304251;0.9307887;0.9312298;0.93159586;0.93194735;0.93235296;0.9326916;0.93302166;0.9333994;0.9337377;0.9341421;0.93455637;0.9349218;0.9352784;0.9355837;0.935905;0.9362463;0.9364711;0.93673354;0.93700165;0.9372944;0.93762445;0.937951;0.93832195;0.9386542;0.9389488;0.93926173;0.93955475;0.9398615;0.9401488;0.9404374;0.94072324;0.94105786;0.94131815;0.9416306;0.941909;0.9421771;0.94249934;0.9427732;0.94296676;0.9432399;0.94351774;0.9438109;0.944076;0.94437397;0.94461983;0.944874;0.9451464;0.94537866;0.94562924;0.94591427;0.9461302;0.94634444;0.9465179;0.9467646;0.9469963;0.9472354;0.94746304;0.9476793;0.94789684;0.9481372;0.948348;0.9485781;0.9488212;0.949062;0.9492946;0.94950485;0.94969887;0.9499229;0.95015347;0.9503566;0.9505748;0.9507801;0.95098644;0.95116657;0.95136696;0.9515443;0.95174956;0.951961;0.9521706;0.9523706;0.95254844;0.9527478;0.952938;0.9531467;0.9533213;0.9534625;0.9536077;0.9537959;0.95401156;0.95418215;0.9543538;0.9545125;0.9546441;0.95479584;0.9549628;0.9551102;0.95528394;0.9554541;0.955614;0.95580167;0.95593697;0.9561;0.9562988;0.9564592;0.95657766;0.9567381;0.9568889;0.95670253;0.95685244;0.9570159;0.957176;0.95731646;0.9574867;0.95765144;0.95781094;0.9579493;0.9581025;0.95825666;0.9584058;0.95854026;0.9586623;0.9588027;0.95894223;0.9590884;0.95922226;0.9593403;0.9594743;0.95959455;0.9597288;0.959884;0.959991;0.9601405;0.9602854;0.96041155;0.9605597;0.96067363;0.9607904;0.9609306;0.96106124;0.9611893;0.9613233;0.9614211;0.9615301;0.9616268;0.96175784;0.961883;0.96199596;0.9621342;0.96224403;0.9623532;0.9624746;0.9625951;0.96269757;0.96280265;0.9629148;0.9630202;0.96312344;0.9632276;0.96328986;0.9633839;0.963485;0.963593;0.96368706;0.96377313;0.96387655;0.96399546;0.96407866;0.9641745;0.964267;0.96437186;0.9644719;0.9645827;0.9646745;0.96477276;0.9648636;0.9649609;0.96506447;0.96516883;0.9652917;0.9653933;0.9654796;0.9655936;0.96569747;0.9657862;0.9658732;0.9659558;0.9660562;0.9661509;0.9662412;0.9663387;0.96643937;0.9665256;0.96661013;0.96670926;0.9668016;0.966902;0.96698344;0.9670877;0.96718276;0.9672761;0.9673833;0.9674707;0.9675458;0.9676288;0.9677114;0.96779585;0.9678706;0.9679636;0.9680387;0.96811575;0.96818787;0.9682585;0.96834016;0.96841353;0.968451;0.9685327;0.9685951;0.9686805;0.9687533;0.96883893;0.9689317;0.96900445;0.9690693;0.9691521;0.96922916;0.9693037;0.9693631;0.9694328;0.96951157;0.9695827;0.96967006;0.9697414;0.96983814;0.96992403;0.9699902;0.9700823;0.9701518;0.9702189;0.9702867;0.970262;0.9703452;0.97042996;0.9704946;0.97056;0.970629;0.9707073;0.9707833;0.97086364;0.9709321;0.9710003;0.9710607;0.9711255;0.9711955;0.97126347;0.9713338;0.9714157;0.9714844;0.9715537;0.971526;0.9715967;0.97166246;0.9717423;0.9718074;0.9718811;0.97195;0.9720159;0.97208154;0.97213817;0.9722032;0.97226447;0.97233236;0.972394;0.9724544;0.97250867;0.97258383;0.97264594;0.9727103;0.9727769;0.97284144;0.97289175;0.9729533;0.9730138;0.9730724;0.9731259;0.97318476;0.97325146;0.9733138;0.9733719;0.973444;0.973507;0.97356504;0.9736205;0.97366947;0.9737206;0.97377;0.97383225;0.9738889;0.9739483;0.9739976;0.974046;0.97410315;0.9741549;0.97421086;0.9742555;0.97430587;0.9743575;0.97441405;0.97446966;0.9745221;0.9745736;0.9746227;0.97467023;0.9747212;0.9747697;0.9748167;0.9748713;0.97491926;0.97496986;0.9750224;0.9750698;0.9751281;0.9751779;0.97520316;0.97525054;0.9753018;0.97535425;0.9753997;0.9754544;0.9755062;0.9754943;0.9755412;0.97559047;0.9756363;0.97568387;0.97572935;0.9757831;0.9758243;0.9758705;0.9759146;0.9759637;0.97601587;0.9760562;0.97610986;0.9761525;0.976193;0.9762315;0.97627497;0.9763195;0.9763632;0.9764167;0.97646934;0.97652113;0.9765666;0.97661614;0.9766606;0.97670126;0.9767345;0.97677433;0.9768206;0.9768613;0.9768989;0.97693574;0.97697663;0.97701913;0.977065;0.9771026;0.9771423;0.9771772;0.9772207;0.97725946;0.9772935;0.97733885;0.9773737;0.9774233;0.9774744;0.97750837;0.97755176;0.97759384;0.977628;0.97767425;0.977717;0.9777596;0.97780037;0.9778421;0.9777125;0.9776147;0.9776554;0.97769654;0.9777337;0.97777015;0.9778103;0.9778503;0.97789556;0.9779337;0.97797006;0.9780079;0.97804403;0.97808427;0.97811854;0.97816056;0.97818995;0.9782244;0.9782588;0.97829926;0.9783365;0.97837514;0.9784116;0.978449;0.97848165;0.97851473;0.97855324;0.9785871;0.9786183;0.9786509;0.978684;0.9787239;0.9787597;0.97879386;0.9788339;0.9788669;0.9789095;0.97894174;0.97898215;0.9790147;0.97904277;0.9790746;0.97911304;0.97914565;0.9791805;0.9792181;0.9792523;0.97929007;0.97932494;0.97936153;0.97939384;0.979426;0.9794586;0.9794905;0.97952795;0.97955835;0.9795955;0.97962797;0.9796612;0.97968894;0.9797234;0.9797541;0.9797852;0.97981435;0.97985107;0.9798854;0.97992;0.97995234;0.979985;0.9800171;0.9800492;0.98007625;0.98010504;0.9801372;0.9801706;0.9801995;0.98023313;0.9802653;0.98029864;0.98033065;0.9803638;0.9803875;0.9804183;0.98045117;0.9804848;0.98051155;0.9805416;0.9805732;0.98060924;0.9806427;0.9806703;0.980701;0.98073256;0.98076355;0.9808005;0.9808256;0.9808567;0.9808857;0.9809166;0.98095137;0.98098165;0.9810135;0.98104435;0.9810775;0.9811058;0.9811352;0.9811575;0.9811883;0.9812159;0.9812411;0.9812604;0.9812894;0.9813167;0.9813485;0.9813741;0.9814034;0.98142433;0.9814558;0.9814845;0.9815086;0.9815379;0.98156446;0.98159397;0.98161966;0.98164636;0.98167044;0.98169553;0.98171943;0.9817444;0.9817748;0.9818011;0.9818276;0.98177534;0.98179823;0.9818207;0.9818471;0.9818748;0.98190147;0.98192865;0.9819604;0.98198533;0.982012;0.982041;0.98206323;0.9820917;0.9821142;0.98214215;0.98217005;0.98219544;0.98222005;0.9822387;0.982266;0.98229074;0.9823158;0.98234147;0.98236805;0.98239356;0.9824149;0.98243755;0.98246187;0.9824858;0.98251027;0.98253566;0.98255736;0.98257834;0.9826052;0.982631;0.9826515;0.9826785;0.98270506;0.9827332;0.98275733;0.9827755;0.98279536;0.9828128;0.9828364;0.98285896;0.9828818;0.9829039;0.9829304;0.9829521;0.9829756;0.9829994;0.9830234;0.98304427;0.9830703;0.9830923;0.9831132;0.9831335;0.9831559;0.98317856;0.9832021;0.9832234;0.9832511;0.98327136;0.98329306;0.98331445;0.983337;0.983357;0.98337764;0.9834045;0.98342925;0.9833258;0.98320633;0.9829424;0.98278505;0.9827015;0.98250884;0.98245895;0.9824672;0.98245585;0.9824772;0.9825007;0.9825244;0.9825434;0.9825667;0.98258966;0.9826147;0.9826357;0.98265785;0.9826793;0.98270565;0.9827282;0.9827477;0.9827674;0.98279166;0.9828146;0.98273414;0.9827381;0.98275983;0.9827809;0.9827998;0.9828178;0.98283875;0.9828617;0.98288107;0.982903;0.98292553;0.98294795;0.98297125;0.98299265;0.9830111;0.98303133;0.9830532;0.98307645;0.9830982;0.9831196;0.9831401;0.98315996;0.983185;0.983205;0.9832227;0.9832387;0.98326176;0.9832822;0.9833023;0.98332006;0.98334235;0.9833637;0.9833811;0.9834018;0.9834213;0.9834428;0.9834636;0.9834816;0.9835004;0.9835186;0.98353785;0.9835565;0.98357624;0.98359454;0.9836123;0.98363185;0.9836503;0.9836679;0.9836367;0.98365504;0.9836734;0.983696;0.98371214;0.98372954;0.9837456;0.9837656;0.9837837;0.983802;0.9838224;0.9838449;0.98386544;0.9838828;0.983903;0.9839184;0.9839349;0.98395264;0.9839737;0.9839952;0.98401564;0.98403424;0.9840548;0.98407435;0.9840928;0.98410964;0.984128;0.9841453;0.9841631;0.98417854;0.9841965;0.9842124;0.9842335;0.9842516;0.98427165;0.98428863;0.9843113;0.9843314;0.9843525;0.9843691;0.9843883;0.9844036;0.98441833;0.9844406;0.98446095;0.984464;0.9844803;0.98449856;0.98451453;0.9845305;0.9845496;0.984565;0.98458135;0.984534;0.9845513;0.98456836;0.9845407;0.98455554;0.9845735;0.9845595;0.9845016;0.9843967;0.9843346;0.98415095;0.9841675;0.98418546;0.98420125;0.9842189;0.9842351;0.9842527;0.9842683;0.98428583;0.98430115;0.9843191;0.9843334;0.9843515;0.98436975;0.9843864;0.9844024;0.9844161;0.98443425;0.9844486;0.9844217;0.9844388;0.98445565;0.9844741;0.9844951;0.98447055;0.984485;0.9844143;0.9844294;0.98444545;0.98446167;0.9844781;0.98449564;0.9845139;0.98453224;0.98454714;0.984565;0.98458284;0.98459923;0.98461515;0.9846317;0.98464465;0.98466045;0.98467785;0.9846922;0.98470795;0.98472273;0.9847389;0.9847549;0.9847694;0.9847861;0.98480076;0.98481756;0.98483175;0.9848465;0.9848615;0.9848775;0.9848909;0.9849075;0.9849239;0.9849381;0.9848811;0.98489743;0.98489696;0.98491067;0.9849267;0.98492706;0.9849431;0.98496014;0.98497266;0.98498875;0.98500466;0.98502284;0.9850382;0.9850538;0.9850676;0.9850806;0.9850967;0.9851132;0.98512584;0.9851431;0.9851597;0.985174;0.985188;0.98520637;0.9852239;0.98523927;0.98525757;0.9852708;0.9852283;0.98524547;0.98526096;0.98527706;0.9852892;0.98530215;0.9853157;0.98533505;0.9853524;0.9853691;0.9853835;0.9853965;0.98541003;0.9854234;0.98543507;0.985451;0.98546565;0.9854659;0.9854767;
0.5365854;0.5766871;0.54435486;0.6050157;0.6327543;0.64377683;0.6605839;0.6565008;0.6699858;0.68158567;0.6764706;0.6880435;0.70541084;0.7212348;0.73356706;0.7397373;0.75628334;0.7621818;0.76837724;0.77559054;0.7852223;0.7964392;0.80544525;0.81348556;0.8209812;0.82789767;0.8338983;0.8395697;0.8430755;0.84759825;0.8523689;0.8564377;0.86101156;0.8651468;0.86938626;0.8732752;0.87641644;0.87936395;0.8825311;0.8856862;0.8886052;0.8912095;0.8943065;0.8964392;0.898576;0.90099293;0.9029207;0.905034;0.9069333;0.908447;0.9100515;0.91191316;0.91354966;0.91514707;0.916567;0.918152;0.9196778;0.9214141;0.92273635;0.9241139;0.92549103;0.92674226;0.9280412;0.92916584;0.93010217;0.93119085;0.9320747;0.93307763;0.93401396;0.93486375;0.9357274;0.936741;0.9376117;0.9383719;0.9390925;0.94001377;0.94095755;0.94166803;0.9423045;0.9430576;0.9438094;0.9444179;0.94489056;0.9453952;0.94598335;0.9466403;0.9471783;0.94773674;0.9482148;0.94880396;0.9493433;0.9499144;0.9505425;0.9510392;0.95166624;0.95218635;0.95266354;0.95316875;0.95362663;0.95411164;0.9546512;0.95509213;0.95543987;0.95586574;0.95628893;0.9567254;0.95707995;0.9574906;0.957853;0.95825404;0.9586621;0.95898575;0.9593232;0.95965517;0.96000457;0.960339;0.9606855;0.96112955;0.9614286;0.9617772;0.96208274;0.96239954;0.9626834;0.9630254;0.963342;0.9636796;0.9639704;0.96425664;0.9645096;0.9647732;0.96505725;0.9653299;0.9655545;0.9658427;0.9661066;0.96635675;0.96658736;0.9667928;0.9670237;0.96727884;0.967512;0.9677597;0.9679861;0.96818346;0.9684239;0.9686243;0.96883327;0.9690285;0.9692267;0.9694118;0.9695471;0.9697622;0.9699512;0.9701708;0.97032464;0.97051907;0.9706865;0.97085446;0.97102046;0.971213;0.97141695;0.97157663;0.9717437;0.9719222;0.9720564;0.9721563;0.9723053;0.97245914;0.9725985;0.97274065;0.97290224;0.97306395;0.97325635;0.9734039;0.9735676;0.97371566;0.9738582;0.9740183;0.97416323;0.9743009;0.9744428;0.974583;0.9747199;0.9748266;0.97497153;0.9751131;0.9752427;0.97537947;0.97552496;0.9756334;0.97575593;0.9758805;0.97599566;0.9761129;0.97622424;0.9763409;0.9764612;0.9766035;0.97672576;0.97684973;0.9769799;0.9770982;0.97722125;0.977321;0.97742575;0.97752666;0.97763234;0.9777342;0.9778505;0.9779573;0.97806716;0.97818273;0.97829306;0.97839564;0.978488;0.9785927;0.9786951;0.97878623;0.978523;0.97820115;0.97823244;0.9780343;0.977092;0.9761542;0.9757862;0.97526133;0.9747399;0.97472656;0.9748323;0.9749572;0.9750823;0.97520196;0.9752954;0.97539926;0.975505;0.9755935;0.9756895;0.9758007;0.9757892;0.97583777;0.9759325;0.9760213;0.9759498;0.97604567;0.97612274;0.9762223;0.97632223;0.97642386;0.9765035;0.9765814;0.97641754;0.97651845;0.9766088;0.9767032;0.97679216;0.97687805;0.97697383;0.97706074;0.977155;0.9771923;0.9770196;0.97678745;0.97637284;0.9764718;0.9765687;0.9766625;0.9766594;0.9767544;0.9767806;0.9764362;0.97652763;0.9766014;0.9766725;0.976752;0.97684324;0.97692823;0.9770148;0.9770996;0.97703373;0.97712433;0.97720253;0.9772833;0.97738147;0.9774725;0.9775472;0.9775797;0.97765976;0.9775332;0.97760886;0.9776972;0.97759813;0.97717345;0.9772411;0.97730833;0.9773802;0.97746265;0.97753555;0.97760206;0.97767305;0.9777534;0.9778254;0.97789985;0.97796994;0.9780282;0.97811353;0.9781776;0.9782478;0.97831106;0.9783823;0.9784421;0.9785069;0.9784978;0.978572;0.9786404;0.97870827;0.97876513;0.97883314;0.9788963;0.9789696;0.97903967;0.9790752;0.97913086;0.9791981;0.979259;0.97931874;0.9793956;0.97946364;0.97952133;0.97959185;0.97964966;0.97970796;0.97977155;0.9798411;0.97990066;0.9799678;0.9800235;0.9800805;0.980144;0.9801965;0.9802616;0.980318;0.980368;0.98042375;0.9804747;0.9805269;0.980584;0.980643;0.98069865;0.9807576;0.9808112;0.98087096;0.9809139;0.98097086;0.98103315;0.9810887;0.98113626;0.981194;0.98124725;0.9812947;0.98134667;0.9813889;0.98144376;0.9814963;0.98153913;0.9815964;0.9816395;0.9816764;0.9817244;0.9817688;0.9818078;0.9818589;0.9819104;0.9819565;0.98200357;0.98205614;0.98210275;0.9821554;0.9822008;0.982251;0.9823009;0.98233646;0.9823852;0.98243076;0.982376;0.9824213;0.9824334;0.98247826;0.9825212;0.98255795;0.98259693;0.98263454;0.9826808;0.9827302;0.98277307;0.98281974;0.9828621;0.98290145;0.98293436;0.98297846;0.983024;0.98306423;0.983111;0.9831569;0.9831999;0.98323274;0.9832753;0.9833171;0.9833517;0.9833915;0.98343;0.9834764;0.98351824;0.9835609;0.98360026;0.98364097;0.98367375;0.98371047;0.9837491;0.983785;0.9838258;0.9838659;0.9839078;0.98395157;0.9839915;0.98402935;0.984062;0.984099;0.9841387;0.98417145;0.9842094;0.9842515;0.9842847;0.9843168;0.9843536;0.9843921;0.9842746;0.98406506;0.98410016;0.9841346;0.98416847;0.9841998;0.98423713;0.9842663;0.9843024;0.98433506;0.98436666;0.98440456;0.9844451;0.98447853;0.98451227;0.98454684;0.9845744;0.9846073;0.98464185;0.9846664;0.98470956;0.98474145;0.98477495;0.98480916;0.984838;0.9848737;0.9849049;0.9849399;0.98497546;0.9850054;0.9850331;0.985064;0.98509574;0.9851277;0.9851591;0.98519164;0.9852232;0.98525214;0.98528385;0.9853162;0.9853481;0.98537534;0.9854073;0.985442;0.9854725;0.98550284;0.9855331;0.98556364;0.98559207;0.9856227;0.985652;0.9856778;0.9857065;0.98573786;0.9857633;0.98579055;0.98582304;0.9858516;0.9858804;0.98590946;0.98593205;0.9859624;0.9860004;0.9860331;0.98606116;0.9860906;0.986114;0.98614395;0.9861756;0.98614967;0.986175;0.98620385;0.98623437;0.9862576;0.98628896;0.9863123;0.986341;0.98636705;0.9863926;0.98641604;0.9864408;0.9864644;0.9864882;0.98651576;0.9865432;0.98657256;0.98660016;0.98662317;0.9866458;0.98667437;0.98670053;0.9867265;0.9867538;0.98677635;0.9867991;0.9868244;0.98684764;0.98686725;0.986892;0.9869218;0.986947;0.9869692;0.98699415;0.9870168;0.9870413;0.9870603;0.9870875;0.9871114;0.987133;0.9871574;0.98718107;0.98720336;0.987229;0.9872524;0.98727477;0.987298;0.9873248;0.98735267;0.987378;0.9874027;0.9874242;0.9874472;0.9874665;0.98748755;0.9875118;0.98753566;0.98755497;0.987581;0.98760253;0.9876269;0.98764855;0.98766786;0.98769164;0.98771423;0.98773706;0.9877569;0.9877773;0.98780096;0.9878203;0.9878405;0.9878567;0.9878786;0.9879;0.98776424;0.9877854;0.98778015;0.987778;0.98780185;0.987822;0.9877514;0.9877501;0.9877241;0.98774344;0.9877638;0.9877871;0.98780596;0.98780733;0.9878274;0.9878453;0.9878664;0.98788685;0.98790646;0.9879257;0.98794705;0.987968;0.98798865;0.98801214;0.9880297;0.9880528;0.98807025;0.988089;0.98810923;0.9881266;0.9881451;0.9881644;0.9881854;0.98820966;0.98822695;0.9882442;0.98826516;0.9882808;0.98830235;0.98832285;0.98834157;0.98836017;0.98837805;0.9883988;0.9884192;0.98843515;0.98845714;0.9884764;0.9884934;0.9885137;0.98853594;0.98855466;0.9885733;0.9885927;0.9886117;0.98863024;0.9886512;0.988667;0.98868394;0.9887008;0.9887164;0.9887334;0.98874897;0.98876476;0.988783;0.9888002;0.9888165;0.98883504;0.9888526;0.9888683;0.98888844;0.98890334;0.98892045;0.98893887;0.9889534;0.98897123;0.98898995;0.9890075;0.98902667;0.9890441;0.9890621;0.9890798;0.9890955;0.9891111;0.98913085;0.9891449;0.9891611;0.98917764;0.9891937;0.9892093;0.98922586;0.9892399;0.9892566;0.98927456;0.9892908;0.9893061;0.98932177;0.98933905;0.9893536;0.989371;0.98938715;0.989402;0.9893986;0.98941356;0.9894291;0.9894469;0.98946255;0.9894785;0.9894933;0.9895066;0.9895251;0.9895393;0.9895529;0.98956805;0.98958296;0.9895948;0.9896095;0.989624;0.9896378;0.98965365;0.9896664;0.9896806;0.98969734;0.9897099;0.9897267;0.989742;0.9897573;0.98977053;0.9897858;0.9897982;0.9898134;0.989828;0.9898416;0.9898559;0.98987246;0.98988384;0.98989785;0.9899107;0.9899081;0.989886;0.9899014;0.98991364;0.989926;0.98994035;0.9899554;0.9899706;0.9899845;0.9899991;0.99001217;0.9900261;0.99004036;0.9900521;0.99006414;0.9900756;0.9900908;0.99010277;0.9901164;0.9901301;0.99014336;0.9901591;0.990174;0.9901889;0.99019885;0.99021405;0.9902273;0.99023974;0.990252;0.99026585;0.99027944;0.9902926;0.9903065;0.9903196;0.9903331;0.9903451;0.99035966;0.9903733;0.9903866;0.99039954;0.99041396;0.99042493;0.99043477;0.9904464;0.99045736;0.99047107;0.9904854;0.99049693;0.9905092;0.9905212;0.99053115;0.9905443;0.99055797;0.99057025;0.9905814;0.990592;0.99060696;0.9906196;0.99063337;0.99064434;0.9906553;0.9906672;0.99067956;0.9906884;0.9907027;0.9907129;0.9907253;0.9907376;0.990751;0.9907628;0.9907734;0.9907857;0.9907968;0.9908076;0.9908015;0.99081254;0.9908229;0.99083364;0.9908447;0.9908563;0.9908669;0.9908798;0.9908921;0.99090385;0.99091464;0.99092484;0.99093616;0.9909494;0.9909601;0.9909711;0.9909798;0.9909905;0.9910017;0.99101335;0.9910225;0.991035;0.9910472;0.9910574;0.99107057;0.9909516;0.99096316;0.99097556;0.99098593;0.9909984;0.9910088;0.9910202;0.9910319;0.9910441;0.9910527;0.99106;0.9910713;0.9910811;0.99109066;0.9911;0.9911122;0.991123;0.99113315;0.99114496;0.9911553;0.99116683;0.99117726;0.99118906;0.9911994;0.99121207;0.991222;0.9912311;0.99122626;0.9912356;0.9912447;0.9912545;0.9912654;0.99127537;0.9912842;0.99129486;0.99130464;0.9913134;0.9913225;0.991333;0.99134505;0.99135613;0.991364;0.9913752;0.991383;0.99139094;0.99140126;0.99141157;0.99142236;0.99143153;0.9914419;0.9914521;0.99146354;0.9914721;0.9914815;0.9914908;0.99150074;0.9915104;0.9915184;0.99152774;0.99153745;0.991545;0.9915561;0.9915651;0.991575;0.99158525;0.9915954;0.9916043;0.99161476;0.9916248;0.99163395;0.9916432;0.9916549;0.99166495;0.9916745;0.99168426;0.991692;0.99170125;0.9917098;0.9917182;0.9917276;0.9917359;0.99174553;0.9917551;0.9917652;0.99177474;0.9917849;0.9917931;0.99180305;0.99181134;0.9918216;0.9918298;0.9918385;0.99184793;0.9918567;0.99186486;0.99187344;0.9918837;0.9918936;0.9919033;0.9919116;0.99191964;0.9919289;0.9919388;0.9919464;0.99191314;0.9918788;0.9918875;0.99189645;0.9919055;0.9919145;0.991924;0.99193305;0.99194086;0.99194914;0.991957;0.9919651;0.99197423;0.9919814;0.9919913;0.9919997;0.9920087;0.99201816;0.99202704;0.9920358;0.99202925;0.99200964;0.99200517;0.99200135;0.9919954;0.9920046;0.9920135;0.99202263;0.9920311;0.99203944;0.9920477;0.9920559;0.9920638;0.9920736;0.9920835;0.9920916;0.99210155;0.9921098;0.9921196;0.9921268;0.99213606;0.9921435;0.9921502;0.99215966;0.99216694;0.99217457;0.9921832;0.99219185;0.9921986;0.992207;0.9922148;0.9922228;0.9922303;0.99223775;0.9922445;0.99225175;0.9922612;0.9922695;0.9922777;0.9922852;0.99225163;0.99226016;0.9922681;0.9922768;0.9922853;0.9922928;0.9923011;0.9923082;0.9923159;0.99232507;0.9923314;0.9923397;0.9923464;0.9923545;0.9923624;0.99237126;0.99237895;0.99238724;0.992394;0.992402;0.99240875;
0.40625;0.4755245;0.50239235;0.5671141;0.6182796;0.66287017;0.6895874;0.71649486;0.73770493;0.7453333;0.7621951;0.77752554;0.7966805;0.8087805;0.8231047;0.8326217;0.84294873;0.8511278;0.85987264;0.86835104;0.87507886;0.880579;0.8848837;0.88913774;0.89377683;0.8975685;0.90129614;0.90444016;0.90782124;0.91093117;0.9139131;0.9171548;0.9194467;0.92204726;0.9220779;0.92236257;0.924576;0.92669237;0.9285226;0.93035656;0.9319883;0.93375593;0.93527406;0.93589354;0.93735224;0.93846154;0.93972135;0.9408977;0.9419973;0.9431635;0.9442545;0.9454312;0.9463698;0.94739455;0.9482548;0.9492094;0.95019966;0.95096;0.95173043;0.9525302;0.9533964;0.95413244;0.9549511;0.95562994;0.95626163;0.9569892;0.9575406;0.9582101;0.95874685;0.9593714;0.96000755;0.96069705;0.96118635;0.9617052;0.96215636;0.9626234;0.96301466;0.96349233;0.96392715;0.9644534;0.9648832;0.9653198;0.96574014;0.9661774;0.96652985;0.96670836;0.9670992;0.9674809;0.96789753;0.9682658;0.9685702;0.96893233;0.9692818;0.9696538;0.97;0.97029287;0.9705598;0.97088575;0.97114605;0.9714094;0.9717244;0.9719197;0.9710427;0.9708913;0.9703968;0.9697813;0.96971595;0.96992576;0.97008336;0.97022724;0.9703543;0.9703562;0.97037214;0.9706848;0.9709167;0.9712015;0.9714807;0.97170347;0.9719133;0.97216964;0.97240925;0.97265965;0.9728821;0.9731096;0.9733447;0.9735813;0.97378904;0.9740044;0.97418153;0.97438526;0.9745858;0.9747628;0.9742743;0.97444314;0.97445506;0.9746526;0.9748568;0.9749976;0.97514397;0.9748619;0.975026;0.9752066;0.9753593;0.9755397;0.9757197;0.97587276;0.97601527;0.97618186;0.9763568;0.9765041;0.9766434;0.97678304;0.97696537;0.9771131;0.9772688;0.9774166;0.9775338;0.9775262;0.9776696;0.9777277;0.97785705;0.97796303;0.97810936;0.9782432;0.9783753;0.9785076;0.9786468;0.9787944;0.97892493;0.9790424;0.97914386;0.97926855;0.97938067;0.9795041;0.97963697;0.97973895;0.97984904;0.979961;0.9800657;0.98015904;0.9802879;0.980395;0.98051524;0.9806213;0.98071504;0.9808355;0.9809272;0.9810154;0.9811134;0.98119587;0.9813025;0.9813963;0.9814853;0.9815887;0.9816935;0.98180085;0.98189956;0.9819923;0.9820974;0.98219645;0.9822862;0.9823762;0.98224616;0.98234946;0.98243445;0.9825209;0.98259413;0.9826623;0.9827388;0.9826873;0.9827706;0.98284996;0.98292315;0.9829947;0.9830719;0.98314327;0.9832295;0.98331493;0.98339236;0.98328674;0.98335856;0.98343575;0.98351514;0.9835997;0.98367083;0.9837624;0.9838245;0.9838927;0.98397154;0.9840469;0.9841059;0.9841754;0.9842425;0.984301;0.9843697;0.98443335;0.98450094;0.98456097;0.9846257;0.9846976;0.9847612;0.98482174;0.98488843;0.9849513;0.9850153;0.98506653;0.9851263;0.98518956;0.98525155;0.98530746;0.9853583;0.9854204;0.98548275;0.9855484;0.9856021;0.98565465;0.98571056;0.98575866;0.98581743;0.98587424;0.9859357;0.98598725;0.98604554;0.98609495;0.9861468;0.98620516;0.98626304;0.9863021;0.98634624;0.9863942;0.9864412;0.9864905;0.98654926;0.9866004;0.98663104;0.98667765;0.98673356;0.9867763;0.9868308;0.9868716;0.98692405;0.98697114;0.98702097;0.9870716;0.9870714;0.98712146;0.9866003;0.9865918;0.986079;0.9861188;0.98616344;0.98620784;0.98625445;0.98630136;0.9863523;0.98634964;0.98639274;0.98643917;0.98649794;0.986357;0.9862801;0.9863353;0.9863781;0.9864152;0.9864563;0.9865007;0.98655117;0.9865961;0.9866297;0.9866793;0.9867257;0.9867666;0.98680556;0.9868427;0.98688513;0.9869273;0.98696095;0.9870021;0.9870435;0.9870825;0.98712605;0.9871699;0.98721135;0.98724353;0.98728603;0.98727995;0.98731434;0.9873536;0.9873927;0.9874316;0.9874717;0.987505;0.9875457;0.9875866;0.9876287;0.987671;0.9877106;0.9877475;0.9877847;0.987824;0.98786074;0.98789537;0.9879354;0.9879663;0.9879989;0.9880281;0.9880664;0.98810166;0.9881385;0.98816794;0.98820174;0.9882331;0.98827136;0.98830235;0.9883397;0.9883664;0.98839647;0.9884268;0.9884582;0.9884494;0.98848236;0.9885138;0.98854893;0.9885733;0.9885997;0.9886322;0.98865914;0.9886901;0.9887233;0.9887551;0.9887827;0.98881537;0.98884624;0.988875;0.9889036;0.988934;0.98896223;0.9889931;0.98901993;0.9890501;0.98908234;0.9891118;0.9891422;0.98917055;0.9891995;0.9892261;0.9892581;0.98928434;0.989309;0.9893336;0.98936313;0.98939216;0.98942;0.9894519;0.98947585;0.98950315;0.98953146;0.9895567;0.98957807;0.9896018;0.9896295;0.98965573;0.98968357;0.98971456;0.98973733;0.98976266;0.98978853;0.98981696;0.9898409;0.98987;0.9898941;0.98992026;0.98994505;0.9899687;0.98999226;0.99001443;0.99004;0.99006456;0.99008733;0.990111;0.9901276;0.9901517;0.99017686;0.99020284;0.990225;0.9902459;0.9902715;0.99029094;0.9903191;0.9903398;0.9903635;0.99038285;0.99040806;0.99043256;0.9904528;0.9904759;0.9904983;0.99051887;0.9905405;0.990562;0.99058515;0.9906045;0.9905965;0.9906182;0.990634;0.99065673;0.99067485;0.9906932;0.9907143;0.99073356;0.9907569;0.9907785;0.9907978;0.9908187;0.9908378;0.9908601;0.9908809;0.99087465;0.99089295;0.99091226;0.99093014;0.9909522;0.9909749;0.99099386;0.9910109;0.9910269;0.991042;0.9910594;0.9910806;0.9910991;0.99111706;0.9911359;0.9911557;0.99117637;0.9911938;0.99120957;0.9912325;0.9912526;0.9912714;0.99128646;0.99130654;0.99132746;0.99134237;0.99135906;0.99137765;0.99139637;0.99141455;0.9914289;0.9914467;0.9914625;0.9914767;0.99149734;0.99151117;0.9915305;0.9915467;0.9915663;0.9915831;0.9916003;0.99161625;0.99163413;0.99165154;0.9916704;0.99168855;0.9917018;0.99171585;0.9917325;0.99174905;0.99176294;0.9917794;0.9917979;0.99181527;0.99183214;0.99184746;0.99186146;0.99187857;0.99189645;0.99191254;0.9919328;0.9919473;0.991962;0.99197704;0.9919904;0.99200493;0.9920202;0.9920348;0.992024;0.9920383;0.99205065;0.9920637;0.9920785;0.99209106;0.992106;0.99212044;0.9921343;0.99214864;0.9921641;0.9921803;0.99219626;0.9922125;0.9922273;0.9922389;0.9922523;0.9922666;0.9922816;0.992295;0.99230975;0.99232143;0.9923347;0.9923502;0.9923655;0.99238104;0.9923953;0.9924105;0.99240065;0.9923668;0.9923802;0.9923933;0.9924101;0.9924244;0.99244034;0.9923112;0.99222946;0.9922411;0.9922554;0.99226934;0.99228245;0.99229753;0.9923113;0.9923245;0.9923378;0.9923509;0.99236375;0.9923771;0.99239004;0.9924021;0.992413;0.9924253;0.9924398;0.99245346;0.9924649;0.9924793;0.9924926;0.9925055;0.9925187;0.99253255;0.99254614;0.9925594;0.9925709;0.9925822;0.9925944;0.99260885;0.99262285;0.99263465;0.99264675;0.9926576;0.9926708;0.9926819;0.9926926;0.992703;0.9927157;0.9927277;0.99273866;0.9927501;0.9927631;0.9927749;0.99278575;0.99280035;0.99281114;0.99282265;0.99283475;0.9928489;0.99285996;0.9928707;0.99288344;0.9928948;0.9929049;0.9929155;0.99292576;0.9929363;0.9929497;0.9929635;0.99297637;0.99298704;0.99299484;0.9930052;0.99301416;0.9930243;0.9930362;0.993047;0.9930579;0.9930679;0.99307925;0.9930902;0.9931002;0.9931104;0.99312025;0.9931328;0.99314535;0.99315697;0.993168;0.99317884;0.99318707;0.9931961;0.9932058;0.9932153;0.99322563;0.99323624;0.99324685;0.9932579;0.99326825;0.9932787;0.9932869;0.99329656;0.99330616;0.9933168;0.99332666;0.99333686;0.99334705;0.9933577;0.99336797;0.99337614;0.9933858;0.9933954;0.99340487;0.993416;0.99342436;0.9934337;0.99344504;0.9934541;0.99340516;0.9934163;0.9934259;0.9934365;0.99332684;0.99333704;0.9933465;0.9933552;0.9933658;0.9933362;0.9933247;0.99329627;0.9933077;0.9933179;0.99332654;0.993337;0.9933472;0.99335635;0.9933661;0.9933775;0.99338585;0.99339414;0.9934031;0.9934111;0.99342245;0.9934309;0.99343777;0.9934477;0.9934578;0.99346906;0.99347866;0.9934886;0.99349695;0.9935065;0.9935164;0.9935245;0.9935348;0.993544;0.99355215;0.993563;0.9935721;0.9935814;0.9935918;0.99360067;0.99361026;0.9936183;0.9936276;0.9936338;0.9936435;0.9936531;0.993661;0.99367005;0.9936791;0.9936869;0.9936952;0.9937043;0.993713;0.993722;0.9937293;0.99373865;0.9937471;0.9937547;0.9937634;0.99377126;0.99377906;0.99378884;0.99379605;0.9938063;0.9938144;0.9938236;0.9938311;0.99384;0.9938483;0.99385554;0.9938625;0.993871;0.99387956;0.9938896;0.9938981;0.99390537;0.99391484;0.99392295;0.9939317;0.993939;0.99394673;0.9939554;0.99396354;0.99397165;0.99397993;0.99398804;0.9939964;0.99400574;0.9940142;0.99402255;0.9940299;0.9940374;0.9940445;0.9940529;0.9940613;0.99406886;0.9940761;0.99408334;0.9940916;0.99409974;0.9941082;0.9941164;0.99412465;0.9941319;0.9941391;0.9941464;0.9941546;0.9941627;0.9941704;0.9941782;0.99418485;0.9941919;0.9941998;0.9942071;0.99421495;0.9942226;0.9942302;0.9942374;0.9942457;0.9942524;0.99425924;0.99426746;0.99427557;0.9942817;0.99428946;0.994295;0.994302;0.99430823;0.99431545;0.9943219;0.9943284;0.9943346;0.99434155;0.99435025;0.99435896;0.99436575;0.9943727;0.9943785;0.994385;0.99439037;0.994397;0.99440366;0.99441004;0.9944169;0.9944241;0.9944303;0.99443656;0.9944437;0.99445033;0.9944569;0.9944633;0.99447006;0.9944772;0.994484;0.9944896;0.99444777;0.99445546;0.9944617;0.9944686;0.99447453;0.9944811;0.99448645;0.99449277;0.9944996;0.99450445;0.9945106;0.9945174;0.99452376;0.99452955;0.9945353;0.9945433;0.9945498;0.9945238;0.9945303;0.9945374;0.9945128;0.99448705;0.99449366;0.9945008;0.9945071;0.994512;0.9945186;0.9945262;0.9945325;0.9945397;0.994546;0.9945534;0.9945591;0.99456555;0.9945722;0.9945786;0.99458456;0.99459034;0.99459577;0.9946033;0.99460894;0.994616;0.9946221;0.9946292;0.9946347;0.9946411;0.99464643;0.9946532;0.99465936;0.9946643;0.9946708;0.99463063;0.99463695;0.9946426;0.9946492;0.99465525;0.99466157;0.9946678;0.99467355;0.99467975;0.994685;0.99469155;0.99469805;0.9947038;0.9947094;0.9947163;0.99472195;0.99472773;0.99473286;0.99473894;0.9947453;0.9947518;0.9945352;0.9945406;0.9945461;0.9945522;0.99455816;0.9945641;0.99457085;0.994576;0.9945825;0.9945583;0.99456495;0.9945711;0.9945772;0.99458313;0.9945892;0.994594;0.9945994;0.99456155;0.9945675;0.99457353;0.99457985;0.99458563;0.9945911;0.9945967;0.9946027;0.9946083;0.9946148;0.99461985;0.994625;0.99463075;0.9946365;0.9946417;0.9946478;0.9946531;0.9946585;0.99466413;0.99466974;0.99467576;0.994681;0.9946871;0.99469215;0.9946978;0.9947034;0.994709;0.99471545;0.9947202;0.9947262;0.99473184;0.99473715;0.9947421;0.9947482;0.994754;0.99475926;0.9947646;0.99477005;0.9947755;0.9947808;0.9947865;0.99479115;0.9947969;0.9948031;0.99480885;0.99481356;0.9948181;0.9948235;0.9948287;0.9948343;0.9948398;0.9948448;0.9948493;0.99485564;0.99486065;0.99486536;0.9948707;0.9948771;0.9948824;0.99488693;0.99489254;0.994898;0.99490273;0.9949075;0.9949126;0.9949168;0.99492115;0.994927;0.9949309;0.99493647;0.9949407;0.99494636;0.9949516;0.9949561;0.9949614;0.9949662;0.99497175;0.99497724;0.9949687;0.99497294;0.9949776;0.9949831;0.9949888;
0.5185185;0.58598727;0.5508475;0.57741934;0.6169666;0.66004413;0.6781609;0.6991453;0.6932331;0.7164179;0.7369727;0.76072234;0.7709205;0.78146344;0.7967332;0.8056507;0.81300163;0.8177711;0.8262742;0.8312757;0.83911055;0.84299064;0.8495522;0.856;0.8606061;0.86575055;0.87060624;0.87573385;0.880358;0.8848595;0.88864535;0.89246404;0.8953872;0.8985218;0.9022701;0.9048689;0.9073669;0.9098011;0.9125645;0.91493636;0.9173177;0.9193651;0.92119145;0.9231467;0.9245843;0.9265259;0.9277177;0.9290899;0.93071467;0.9321581;0.93356;0.9348551;0.93595564;0.93726844;0.9384839;0.9396244;0.94068193;0.9416092;0.9425729;0.9434046;0.9444809;0.94530576;0.94607216;0.94687307;0.9478225;0.948635;0.94936204;0.95010805;0.9508038;0.951619;0.95228255;0.95296293;0.9534628;0.95413506;0.95482033;0.9553838;0.95594865;0.9565292;0.9570583;0.95750374;0.95812726;0.9586589;0.95917714;0.95857143;0.9590909;0.959585;0.95940566;0.9597631;0.95907044;0.9594655;0.9596241;0.96001744;0.9601897;0.9601877;0.96004504;0.9604732;0.9609246;0.9613868;0.96165746;0.9619276;0.9622791;0.96260947;0.96209085;0.9616716;0.9620173;0.9624419;0.9628986;0.9631178;0.9634414;0.9637987;0.9637517;0.9639682;0.96357226;0.9639073;0.9632107;0.9626243;0.9618217;0.9617198;0.96170545;0.9612583;0.9605033;0.9603304;0.95885086;0.9585431;0.9588517;0.9591514;0.9594552;0.9597211;0.95994204;0.96024245;0.9605866;0.96089727;0.96119136;0.9614772;0.96174;0.96206254;0.96237606;0.96263397;0.962867;0.96311826;0.9633835;0.9636125;0.9638734;0.96410066;0.9642923;0.9642922;0.96455765;0.96484447;0.9651049;0.9653338;0.9655537;0.96577084;0.96598524;0.96619403;0.9664694;0.96667236;0.96687;0.96707094;0.9672776;0.9672295;0.9672727;0.967461;0.9676471;0.967878;0.96807736;0.9682616;0.96840596;0.96859884;0.9687771;0.9689509;0.9691661;0.96935934;0.96952206;0.96969;0.9698653;0.97002727;0.9701897;0.9703482;0.97053355;0.97071874;0.9708738;0.9710336;0.97119164;0.9713147;0.9714574;0.9716251;0.9717888;0.97192883;0.9720852;0.9722553;0.9724042;0.9725381;0.9727122;0.97284883;0.97300243;0.97314346;0.97328293;0.97340494;0.9735418;0.97367895;0.9738061;0.97394735;0.97407866;0.9740683;0.974186;0.9738541;0.9735355;0.9733964;0.97289556;0.97296953;0.9721103;0.9704353;0.9696479;0.96869576;0.96729404;0.96437347;0.96158314;0.9588966;0.95641893;0.9527858;0.95;0.94652885;0.9432122;0.9396827;0.93677753;0.93363065;0.93029916;0.92710334;0.9240404;0.92078525;0.9177783;0.9142481;0.9106766;0.9072844;0.9034374;0.89891434;0.89463663;0.89099526;0.8870386;0.8839473;0.88092613;0.87701005;0.87317634;0.8699439;0.8662873;0.86301297;0.86031866;0.8569973;0.85397524;0.85047626;0.8470956;0.8435636;0.8397079;0.8365435;0.83309877;0.8297685;0.8261656;0.822848;0.8200195;0.81687623;0.81350845;0.8104148;0.8075077;0.8044999;0.80183613;0.7992699;0.7969584;0.7941469;0.79104185;0.7884663;0.7853282;0.7831349;0.78026754;0.7773076;0.77429515;0.77074796;0.7681919;0.7656894;0.76272964;0.760274;0.7576433;0.75538754;0.75300324;0.7497537;0.7473699;0.7448623;0.74195796;0.73931545;0.7366238;0.733918;0.7317006;0.72943;0.7273058;0.72542435;0.723127;0.7205843;0.7182529;0.7157122;0.71293485;0.71024215;0.7079771;0.70557076;0.7034592;0.7011449;0.6983572;0.6961066;0.69326854;0.6910506;0.68887645;0.68615586;0.68383676;0.6817077;0.6795341;0.6771734;0.67460114;0.67264235;0.6705823;0.6685069;0.6664443;0.66444963;0.6622747;0.66038674;0.6584281;0.656481;0.6546527;0.6525147;0.6507917;0.6488373;0.6470517;0.64527583;0.6431215;0.64098144;0.63893217;0.63692135;0.6349484;0.6330377;0.6311385;0.62900305;0.6272756;0.62567997;0.6240194;0.622077;0.6203632;0.6186349;0.61727345;0.61582315;0.61419076;0.612309;0.61076516;0.6085798;0.6066862;0.60485;0.6035257;0.6017766;0.60006005;0.5983085;0.59690124;0.59516805;0.59368736;0.5920385;0.59046423;0.5889417;0.58712494;0.58523375;0.5837895;0.5827571;0.58093894;0.5800007;0.5788524;0.5778585;0.57705975;0.57593554;0.5755206;0.57475686;0.5740984;0.5729012;0.57255983;0.5724313;0.5716447;0.5710274;0.57046324;0.57003176;0.5697516;0.56970644;0.5693251;0.5688857;0.5690452;0.5692921;0.5690684;0.56876624;0.5685833;0.56837666;0.5681124;0.5677094;0.5675137;0.5672834;0.56709594;0.56704456;0.5667626;0.5664875;0.56622934;0.5659782;0.5663717;0.566767;0.56762725;0.56812054;0.56895363;0.5698245;0.57025766;0.5714053;0.5717257;0.57242876;0.57260644;0.5728888;0.57340544;0.5735011;0.57370746;0.5741255;0.5742653;0.5746717;0.5748969;0.575316;0.5753918;0.5757203;0.5758357;0.57624143;0.5765571;0.577185;0.5779107;0.5783957;0.57930005;0.5800489;0.58049476;0.5806581;0.5811139;0.5818984;0.5827908;0.58379585;0.58456063;0.58515775;0.58612543;0.5865748;0.5871695;0.58785856;0.5878135;0.58829516;0.58844787;0.58857197;0.58907;0.5896393;0.5897352;0.5898345;0.5901963;0.5906484;0.5910665;0.59133106;0.5917049;0.59165037;0.59149516;0.5913248;0.59092224;0.5905662;0.59057206;0.59053487;0.59062177;0.5905311;0.59005237;0.589595;0.58894205;0.5885295;0.5879651;0.58709186;0.5865262;0.5855404;0.58448863;0.58391577;0.5829855;0.5820687;0.5813117;0.58048534;0.57949275;0.57873577;0.5779936;0.5769815;0.57618994;0.57538015;0.5749341;0.5738468;0.5730297;0.5720522;0.57117957;0.570252;0.5692892;0.5682101;0.5670738;0.5658505;0.56496686;0.56391925;0.56296617;0.56167024;0.5606947;0.5595286;0.558397;0.55738837;0.55636865;0.5552792;0.554355;0.55337554;0.5523559;0.55126756;0.54998165;0.54871607;0.54765636;0.5465722;0.5454215;0.54440266;0.5433032;0.5421662;0.54107577;0.5400592;0.53899103;0.5380651;0.5369361;0.53605825;0.53492403;0.5338761;0.5329896;0.5320168;0.5309938;0.52992123;0.5288796;0.52788186;0.52674246;0.5258055;0.524675;0.5239938;0.5231448;0.5222855;0.52123487;0.52021414;0.5191461;0.51804405;0.51711226;0.5162092;0.51528394;0.5144251;0.51349366;0.51259065;0.51171577;0.510732;0.5098263;0.50889915;0.50790155;0.50679773;0.5059669;0.5050901;0.5041801;0.50317675;0.5022135;0.5013377;0.50054854;0.499631;0.49883533;0.49806583;0.4971691;0.4962052;0.49521;0.4941955;0.49326628;0.49238673;0.49148732;0.49068293;0.489744;0.4887859;0.48801303;0.48705035;0.4861816;0.4852822;0.4845651;0.4835937;0.4826595;0.48187265;0.4810884;0.48035064;0.47950557;0.47867438;0.47776994;0.4769556;0.47615483;0.47527063;0.4743897;0.47351202;0.47278666;0.4720423;0.4711733;0.47051835;0.46986523;0.46923488;0.46835527;0.46753103;0.46667853;0.46599463;0.46537465;0.46447858;0.46367815;0.46306428;0.4622891;0.46155706;0.46084762;0.46018067;0.4595157;0.4587541;0.45807326;0.4574243;0.45661822;0.45590407;0.45519215;0.4544923;0.45372593;0.45314795;0.45241535;0.45166567;0.45092815;0.45030895;0.44952774;0.44881636;0.44821253;0.44745764;0.44676232;0.44603124;0.4452364;0.4446516;0.44391802;0.44320557;0.44259807;0.4419643;0.44123954;0.4406004;0.43989855;0.43917137;0.4385382;0.43781552;0.4370679;0.43625027;0.43557122;0.4348583;0.4341387;0.43350202;0.43277797;0.43204743;0.4313105;0.43063194;0.4298118;0.42906496;0.4283382;0.4276226;0.42693543;0.42636305;0.425749;0.4251195;0.42439744;0.4237548;0.42299476;0.42230538;0.42172837;0.4210178;0.42035168;0.4196541;0.41910106;0.41853276;0.41786617;0.4173842;0.4167709;0.4162667;0.41570607;0.41521266;0.41458935;0.4140659;0.41351116;0.4129823;0.41230896;0.41174278;0.4110332;0.41047052;0.4099254;0.40922207;0.40863252;0.40811604;0.4075613;0.40707123;0.40659022;0.4060632;0.40554535;0.40491945;0.40441233;0.4038554;0.40325028;0.40263152;0.40208396;0.40140736;0.4009397;0.40032038;0.39975625;0.3993;0.39871603;0.3981413;0.397508;0.39690673;0.39626986;0.39572453;0.39510635;0.39465323;0.39412713;0.39351392;0.39305708;0.39258665;0.39203677;0.39143732;0.3908397;0.3902294;0.38972226;0.38912988;0.3884602;0.38793615;0.38740635;0.38686374;0.38632977;0.38577598;0.3852662;0.38477188;0.3842929;0.38378704;0.38328952;0.38273743;0.38213128;0.38175836;0.38127917;0.38072622;0.38015422;0.3796251;0.37915224;0.3786532;0.37810785;0.3775844;0.37713012;0.37658915;0.3760901;0.37559912;0.3750759;0.37460092;0.37422046;0.3736545;0.37311682;0.37263355;0.37211198;0.37165102;0.37122405;0.37069985;0.37030768;0.3698577;0.36936334;0.36883146;0.3684109;0.36790106;0.3674312;0.36690485;0.3664695;0.36598414;0.3655001;0.36506805;0.36457375;0.36404923;0.36362064;0.3631679;0.36271632;0.36227834;0.36179155;0.3613807;0.36087772;0.36036375;0.35994995;0.35965407;0.35922962;0.3587571;0.35834086;0.3579805;0.35745043;0.35697046;0.3565523;0.3560687;0.35562253;0.35519552;0.35475153;0.35433257;0.3538848;0.35346785;0.35304007;0.35263106;0.35221708;0.35180998;0.35133913;0.35093406;0.35052407;0.35015005;0.34975353;0.3493579;0.3489342;0.34848836;0.34803793;0.34757712;0.34719077;0.34670365;0.34626925;0.34583023;0.34548894;0.34506324;0.34468952;0.34428272;0.34385386;0.34348273;0.34299478;0.34253612;0.34221244;0.3418115;0.34141704;0.34100133;0.34059218;0.34016195;0.3397493;0.33927736;0.33890486;0.33850047;0.3381669;0.33775377;0.3373471;0.33696836;0.33662286;0.33622965;0.33584273;0.3354299;0.33502343;0.33461264;0.3341922;0.33384174;0.33350793;0.33309555;0.3327316;0.3322423;0.33188546;0.33151892;0.33111665;0.33068934;0.33030984;0.3299623;0.3296207;0.32924363;0.32882115;0.32849213;0.32808182;0.32770827;0.32734582;0.32693326;0.32657754;0.32619733;0.32581794;0.32543948;0.32509205;0.32477048;0.32440445;0.32402924;0.32361004;0.3232665;0.32288897;0.32248756;0.32209703;0.3217025;0.3213188;0.32095125;0.32053024;0.32018834;0.31988612;0.31950673;0.3191538;0.31873748;0.31838015;0.31800437;0.31762946;0.31729853;0.31693965;0.31653863;0.3162195;0.31581557;0.31542215;0.31509107;0.31469944;0.3143511;0.31398475;0.313638;0.3133527;0.31308195;0.31271482;0.31240338;0.31205085;0.31168985;0.31138965;0.31104863;0.3106624;0.31035042;0.30995223;0.3096143;0.3093181;0.30899522;0.30865937;0.3083062;0.30797637;0.3076608;0.30730537;0.30696872;0.30663282;0.30633336;0.30594984;0.30562502;0.30529648;0.3049731;0.30462828;0.30428424;0.3040038;0.30370948;0.30337194;0.3030657;0.302747;0.30238548;0.30202913;0.3017297;0.3013836;0.30104262;0.300711;0.3003887;0.3000628;0.2997419;0.2994302;0.29912767;0.2987493;0.2984905;0.298211;0.2978814;0.2975567;0.2971823;0.29685074;0.29652828;0.29621488;0.2958688;0.295615;0.29533672;0.29498857;0.29470733;0.2943483;0.2940066;0.2937067;0.29344016;0.29310465;0.29276988;0.29248473;0.29219198;0.29196066;0.29166088;0.29132134;0.29099467;0.29064864;0.29031947;0.29000703;0.2896913;0.28938818;0.28908172;0.28881958;0.28851828;0.28820577;0.2879373;0.28765756;0.28739405;0.28702906;0.28671196;0.28641504;0.28613824;0.2858658;0.28552023;0.28519484;0.28493968;0.28464642;0.28438455;0.28408477;0.28380477;0.28355208;0.28329605;0.2829833;0.28270167;0.282432;0.28214008;0.28187522;0.2816675;
0.525641;0.54140127;0.46551725;0.5193548;0.5842105;0.6053215;0.6133829;0.6452145;0.64;0.66843504;0.6914766;0.70179373;0.70563674;0.7246377;0.74187726;0.7588533;0.772655;0.78751856;0.7983075;0.80984044;0.8194444;0.82771087;0.8353483;0.8411111;0.8464017;0.85242516;0.857994;0.86309236;0.8675926;0.8719212;0.87667096;0.88018435;0.8841636;0.8882812;0.8910061;0.89415246;0.89645183;0.89950806;0.9015151;0.9037037;0.9060138;0.9083627;0.9103167;0.91253823;0.91409755;0.9158851;0.9178592;0.91956276;0.92093664;0.92270404;0.92409414;0.92557055;0.92700917;0.92826796;0.92958784;0.93081003;0.9321192;0.93356484;0.93436295;0.9355486;0.936595;0.93760794;0.9385629;0.9395271;0.9404247;0.94128406;0.9422;0.942953;0.94382894;0.9446572;0.94553334;0.9463722;0.94713736;0.94783396;0.9485765;0.949227;0.9499047;0.95048827;0.9511742;0.9518574;0.9524358;0.95312244;0.9535295;0.95410514;0.95457405;0.95510334;0.95555216;0.9559988;0.9565283;0.9569876;0.95743114;0.9579269;0.9583093;0.9587025;0.95910573;0.95951813;0.9598115;0.96024674;0.9607099;0.96105814;0.9614105;0.96177673;0.96209645;0.9625178;0.96287763;0.96323997;0.9636409;0.9639169;0.9642505;0.96455634;0.964891;0.96521115;0.9654762;0.96577364;0.96604216;0.96633387;0.96662444;0.9669063;0.9671834;0.96748877;0.96778494;0.9680933;0.9683924;0.9686249;0.9688741;0.9691522;0.9694125;0.96934503;0.96936977;0.9696033;0.96955144;0.96980447;0.96974266;0.9695882;0.96980196;0.9696613;0.969886;0.96997;0.9701866;0.9702932;0.9703402;0.97054946;0.9704507;0.9706565;0.97050416;0.97071475;0.97091436;0.9711426;0.97132874;0.97151756;0.97169393;0.9719002;0.972089;0.97226554;0.9724613;0.9726683;0.9728307;0.9727518;0.9729163;0.97311246;0.9732771;0.9734724;0.973652;0.9738016;0.97397053;0.97414964;0.97431207;0.9744684;0.9746169;0.9747597;0.9748931;0.9750618;0.9752566;0.9754017;0.9755488;0.9756667;0.9758179;0.975944;0.9761024;0.976243;0.9763785;0.97648;0.9765925;0.97673243;0.9768906;0.9769877;0.97711813;0.9772311;0.9773857;0.9774991;0.9776223;0.97774714;0.97786915;0.97797024;0.9780705;0.9781786;0.9783134;0.9784206;0.9785282;0.9786404;0.9787416;0.97885156;0.97897685;0.97908574;0.9791908;0.9792882;0.9793689;0.979479;0.97957116;0.97967273;0.97977966;0.9798679;0.97996527;0.98004943;0.98013896;0.9802059;0.98031807;0.9803993;0.9804834;0.9805749;0.9806575;0.98074514;0.98047364;0.98055214;0.98046255;0.9801278;0.98009455;0.9801744;0.9802651;0.9803447;0.9804349;0.9805154;0.9805941;0.98068535;0.98042756;0.98051876;0.98061454;0.98069865;0.9807831;0.980871;0.98092985;0.9809884;0.98107034;0.98113924;0.98120975;0.98128873;0.9813751;0.98144585;0.981519;0.98158467;0.9816557;0.98173875;0.9818125;0.9818903;0.9819553;0.9820189;0.98209953;0.9821631;0.982227;0.9822914;0.9823607;0.9824268;0.98249245;0.98256105;0.9826283;0.98270017;0.98276633;0.9828311;0.98288363;0.9829509;0.983011;0.9830682;0.9831283;0.9831855;0.98315394;0.9832123;0.98327184;0.9833341;0.98335075;0.9832757;0.98318774;0.9831976;0.98311126;0.98317754;0.9832418;0.98331094;0.9833595;0.9834185;0.98347867;0.9835391;0.98359686;0.983649;0.9837045;0.9837545;0.98381513;0.9838731;0.9839221;0.9839729;0.9840284;0.98407996;0.98413396;0.9841925;0.9842458;0.9842959;0.98434645;0.9843967;0.9842414;0.9842869;0.98434013;0.98438567;0.9844369;0.9844918;0.9845372;0.98458743;0.9846251;0.9846774;0.9847242;0.9847669;0.98481;0.9848617;0.984908;0.98496085;0.9850023;0.9850502;0.98509294;0.9851487;0.9851945;0.98524296;0.9852912;0.98533547;0.9853819;0.98542625;0.98546225;0.9855044;0.9855451;0.9855936;0.9856328;0.98567337;0.98571426;0.98575556;0.9858043;0.98584723;0.985891;0.9859334;0.985975;0.986011;0.986057;0.9861032;0.9861338;0.98617584;0.98621756;0.9859929;0.98603654;0.98607785;0.9860396;0.98596215;0.98599917;0.9859661;0.98601425;0.98605025;0.986052;0.98608977;0.9861319;0.98617077;0.9862079;0.98624635;0.98628557;0.9863221;0.9863535;0.9863926;0.98643196;0.9864663;0.98650473;0.9865458;0.9864717;0.9865174;0.9865534;0.98658544;0.98662245;0.98666066;0.9866532;0.98668516;0.9867183;0.9867559;0.98679596;0.9868367;0.9868718;0.9865989;0.9866345;0.98666936;0.98669827;0.98673683;0.9867717;0.98680276;0.9868346;0.9868707;0.9869052;0.98694307;0.9869717;0.9870061;0.98703825;0.98706985;0.98710036;0.9871354;0.98716486;0.98720205;0.98723817;0.9872783;0.9873111;0.9873393;0.9873747;0.9874083;0.9874425;0.9874705;0.98750275;0.98753333;0.9875629;0.98755604;0.9875847;0.98761827;0.9876528;0.98768324;0.9877167;0.9877499;0.9877735;0.987803;0.9878327;0.9878635;0.9878944;0.98792374;0.98794883;0.9879783;0.9880057;0.98804;0.9880686;0.9880985;0.9881275;0.9881536;0.988182;0.98821455;0.98824126;0.98827034;0.9882989;0.98832387;0.9883532;0.9883786;0.9884073;0.98843354;0.98845994;0.9884829;0.98850644;0.98852485;0.98855084;0.9885744;0.98859954;0.98862225;0.98864716;0.9886736;0.9887015;0.9887239;0.988748;0.9887778;0.9888014;0.98882335;0.9888464;0.9888688;0.9888955;0.98892105;0.9889456;0.98896945;0.98899287;0.98901683;0.9890394;0.98906285;0.98908526;0.9891112;0.989134;0.98915946;0.9891797;0.9892019;0.9892247;0.98924875;0.98927134;0.9892888;0.9893103;0.98933345;0.9893571;0.98937917;0.9894006;0.98942393;0.9894435;0.9894641;0.98948747;0.9895048;0.9895274;0.98955214;0.9895748;0.989596;0.98961544;0.98963946;0.98966396;0.98968506;0.9897069;0.9897278;0.98974544;0.9897681;0.989788;0.9898068;0.98982203;0.98984116;0.98986024;0.98987615;0.98989457;0.9899129;0.98993176;0.9899492;0.9899692;0.989988;0.9900086;0.9900266;0.9900475;0.9900668;0.99008703;0.9901052;0.99012136;0.9901406;0.9901608;0.9901775;0.99019533;0.9902134;0.99023205;0.9902504;0.9902692;0.99009025;0.99008244;0.99000025;0.98996985;0.9899892;0.9899802;0.98989975;0.98992085;0.9899412;0.9899612;0.9899809;0.9900005;0.9900176;0.9900344;0.9900524;0.99006885;0.9900862;0.9901049;0.9901226;0.9901391;0.9901567;0.99017185;0.9901905;0.9901838;0.99020094;0.9902203;0.99023783;0.99025613;0.9902749;0.99029535;0.9903117;0.99032676;0.9903423;0.9903567;0.99037546;0.99039197;0.9904086;0.99042475;0.99044156;0.99045694;0.9904738;0.99048537;0.9905028;0.99051756;0.99053246;0.9903903;0.9903153;0.9902172;0.99023473;0.9901599;0.98997265;0.98998916;0.99000585;0.98982114;0.98957074;0.98934;0.9890245;0.98895484;0.9889745;0.9888143;0.9884583;0.98794085;0.9874737;0.9867244;0.9862609;0.9852517;0.9847969;0.98431367;0.98330593;0.9825935;0.9814657;0.98060113;0.9792188;0.9782132;0.9768874;0.97592604;0.9745596;0.97328097;0.9719888;0.97059584;0.96922976;0.9676762;0.966126;0.9650169;0.96334934;0.9619555;0.9606142;0.9592305;0.9577865;0.9563496;0.9551431;0.95376176;0.95213413;0.9507921;0.94923866;0.947885;0.94629735;0.9449718;0.94341356;0.9419979;0.9404886;0.9388866;0.9372123;0.93567955;0.9342483;0.9329563;0.9315334;0.93022966;0.9284716;0.92715746;0.9255626;0.92406774;0.9227848;0.9214115;0.91993;0.9184345;0.91681373;0.9155138;0.9145002;0.913004;0.9116597;0.90998954;0.9086176;0.9072316;0.9057046;0.90436363;0.9028463;0.90140593;0.9000956;0.89852107;0.8972369;0.89588535;0.89467955;0.8933357;0.8919607;0.89039695;0.8891009;0.8877214;0.8863289;0.885062;0.8839542;0.88283205;0.8815751;0.8802703;0.87902063;0.87774044;0.876413;0.87502176;0.8737025;0.8724378;0.8710423;0.86961794;0.86824816;0.8668994;0.8657537;0.86474335;0.8634714;0.8621703;0.860578;0.8593346;0.85799706;0.85663116;0.8554153;0.8542352;0.8530422;0.85182047;0.8506022;0.84941936;0.8481124;0.8470635;0.8457163;0.84453124;0.8432865;0.8422651;0.8410584;0.83990186;0.8388264;0.8376916;0.8366682;0.8354774;0.8342131;0.8329371;0.83175695;0.8306259;0.82958925;0.82826674;0.8271905;0.82592094;0.8249562;0.82415897;0.8231684;0.82203066;0.820911;0.8196754;0.8185918;0.8175997;0.816551;0.81532854;0.81415373;0.813187;0.81212044;0.8109839;0.8100828;0.80900985;0.80787104;0.8067032;0.80571103;0.8046783;0.80364823;0.8026493;0.8015392;0.8004179;0.7993704;0.7981988;0.79717124;0.7960762;0.79506797;0.79396474;0.79298973;0.79175353;0.79057646;0.78945804;0.7883978;0.78739524;0.7864774;0.7854115;0.7844709;0.783587;0.78244764;0.7813791;0.78023267;0.77910304;0.77816415;0.77705383;0.77603996;0.7750819;0.7739803;0.7730802;0.772169;0.77114147;0.770143;0.7692779;0.76827115;0.76729304;0.76623946;0.76526654;0.76419276;0.7631992;0.7620284;0.76109177;0.76006794;0.7591616;0.7581684;0.757292;0.756291;0.75545675;0.75442284;0.753442;0.75268924;0.7516004;0.750764;0.74990463;0.7490844;0.7481298;0.74727637;0.7464126;0.74541557;0.7445316;0.7435518;0.7427088;0.741819;0.7409071;0.7399974;0.73912615;0.7382088;0.73722154;0.7362369;0.73530275;0.73457384;0.7335605;0.7327012;0.7317784;0.7310472;0.73034996;0.7294311;0.7287095;0.727874;0.72692794;0.7261538;0.72544277;0.7246838;0.72389203;0.72335804;0.72263974;0.7217911;0.7209913;0.72029126;0.7195248;0.71880305;0.7179463;0.7169465;0.71627986;0.7155107;0.71475446;0.71406734;0.7131906;0.71234965;0.7116224;0.7109413;0.7100722;0.70924973;0.70831835;0.70736736;0.7065951;0.7057037;0.7049461;0.7041354;0.703272;0.70255226;0.7018558;0.7010847;0.7001854;0.6993425;0.69859844;0.6977271;0.69691145;0.6959694;0.69509387;0.69415677;0.69341314;0.69268167;0.6919095;0.6910547;0.69030714;0.68938285;0.6888375;0.6880712;0.6875872;0.6867474;0.6858435;0.68504554;0.68420815;0.68339336;0.68268335;0.68195426;0.681063;0.68012303;0.67921615;0.6783828;0.6776527;0.6768232;0.67614686;0.675321;0.6746778;0.6740006;0.67328995;0.67261076;0.6718134;0.6710577;0.67007583;0.66928446;0.6685443;0.66793364;0.66725534;0.66661763;0.6659029;0.6652287;0.6644878;0.66369015;0.6629429;0.66211027;0.66132796;0.66067266;0.65992254;0.65927964;0.6586762;0.6579688;0.6573297;0.65654916;0.6558653;0.6550693;0.6543607;0.6536438;0.6529472;0.6521489;0.65142745;0.6507449;0.649952;0.64928186;0.6485481;0.6477976;0.64708567;0.6463201;0.64558387;0.6448218;0.6441073;0.6434309;0.64268297;0.6419096;0.64122874;0.6405221;0.6401101;0.63961536;0.6393193;0.6388185;0.6383684;0.63786083;0.63738114;0.63675207;0.6363662;0.6357981;0.6353403;0.6347745;0.63431257;0.63376397;0.6332828;0.63259804;0.631985;0.63133675;0.6308078;0.63023174;0.62953496;0.62888306;0.6282759;0.62754875;0.62695277;0.62620294;0.62554073;0.6249314;0.62424624;0.62362236;0.6230508;0.62232727;0.62169874;0.62113917;0.6206483;0.6199978;0.6193571;0.61878496;0.61803776;0.6174262;0.61681587;0.61616504;0.6155322;0.61485094;0.61424565;0.61365813;0.6129727;0.61243695;0.61176246;0.6111961;0.61052436;0.6099112;0.609226;0.6086399;0.6079981;0.6074143;0.60679936;0.60615337;0.6055329;0.6049538;0.6044561;0.60391915;0.60329527;0.6026886;0.601932;0.6013439;
0.6455696;0.6554054;0.69058293;0.68728524;0.7065527;0.71596247;0.71568626;0.72649574;0.7450077;0.76753783;0.7879161;0.78899086;0.80256134;0.8159204;0.82451254;0.8359375;0.8457143;0.8537519;0.86066765;0.86731166;0.8724523;0.8783699;0.8841791;0.88939565;0.89427793;0.89826953;0.9015728;0.905412;0.90887743;0.9116576;0.91468775;0.917094;0.9197352;0.92243105;0.92498064;0.9270402;0.9291712;0.9307637;0.9323571;0.9342373;0.93582535;0.93735874;0.9389553;0.9403077;0.94119424;0.93786806;0.93816507;0.9395898;0.94018745;0.9411765;0.940926;0.94120705;0.941896;0.9430712;0.94403535;0.94495416;0.9460865;0.9468779;0.9476704;0.94857913;0.94944566;0.9502509;0.9510835;0.95189875;0.9524604;0.95317316;0.95398587;0.954672;0.955259;0.95581394;0.956447;0.95707023;0.95758927;0.9581958;0.95875543;0.9593075;0.95980257;0.96032023;0.96091205;0.9614605;0.961962;0.96240723;0.9628422;0.9631961;0.9636827;0.9641001;0.9645357;0.9649123;0.9652915;0.96566266;0.9659752;0.9663071;0.96671534;0.96711856;0.9674425;0.9677465;0.968103;0.96844727;0.96871996;0.96902597;0.96929705;0.9696607;0.9699684;0.9703048;0.97057307;0.9708998;0.9711575;0.9714536;0.9716981;0.9719592;0.9722121;0.9724538;0.97271746;0.9729505;0.9731765;0.9734142;0.9736751;0.9739011;0.97408795;0.9742896;0.9745223;0.97473687;0.97495604;0.9751688;0.9753753;0.9755993;0.9758013;0.9760076;0.97617805;0.97635835;0.9765697;0.97670144;0.9768903;0.9770393;0.9772091;0.97739667;0.9775414;0.9776974;0.9778447;0.9779774;0.9781232;0.97830224;0.9783472;0.97851783;0.97865397;0.9788042;0.9789561;0.979123;0.97926474;0.9794028;0.9795353;0.9796444;0.97977567;0.97992283;0.9800731;0.98018;0.9802824;0.98040557;0.98054874;0.98066044;0.98078537;0.9808928;0.9805745;0.98060095;0.98014766;0.980261;0.9802968;0.98034;0.97990555;0.9797088;0.97926396;0.9781275;0.9782473;0.97758406;0.9770951;0.97722024;0.97702736;0.9771446;0.9768624;0.97692305;0.9762155;0.9761958;0.976323;0.976428;0.97653204;0.97665054;0.9767747;0.97689074;0.97702223;0.9771506;0.9772808;0.97740793;0.977513;0.9776297;0.9777374;0.9778657;0.97797114;0.97809815;0.9781925;0.9783185;0.9784401;0.97853154;0.97865504;0.9787617;0.9788686;0.97898966;0.9786398;0.978557;0.97843313;0.9782693;0.97830427;0.978403;0.9780003;0.9774183;0.9773187;0.9771641;0.9772699;0.97739726;0.9772995;0.9774032;0.977488;0.9775996;0.9776924;0.9777926;0.9778812;0.9780101;0.97811526;0.97822595;0.9783188;0.97839814;0.9784883;0.97859776;0.97869366;0.9787998;0.97888666;0.9789812;0.9790797;0.97915953;0.9792564;0.9793512;0.9794347;0.97952217;0.97961116;0.9796971;0.9797891;0.9798791;0.97995836;0.9800425;0.9800979;0.9801905;0.980055;0.9801278;0.9799882;0.9796919;0.9796623;0.9796965;0.9797661;0.97932196;0.97913396;0.9790701;0.9781098;0.97736084;0.97643185;0.9747296;0.9739961;0.9724173;0.9709058;0.970003;0.96835697;0.9660839;0.9644979;0.9623017;0.9601943;0.9580741;0.95618355;0.9530231;0.951322;0.94863933;0.9463315;0.94381857;0.9410517;0.9379711;0.93552864;0.9325891;0.9295326;0.9268882;0.9239968;0.92090636;0.9174919;0.91423094;0.91124785;0.90769374;0.9044601;0.9010832;0.897649;0.89424086;0.8908991;0.8884294;0.885211;0.8820557;0.8791204;0.8759297;0.87334704;0.87012064;0.86741805;0.86438805;0.8614551;0.8589569;0.85598564;0.8535936;0.8509555;0.8478553;0.8451429;0.84248406;0.8397697;0.8368937;0.8338594;0.831271;0.828523;0.8258629;0.8228386;0.82024926;0.8176419;0.8149152;0.81254417;0.8100862;0.80774313;0.8052478;0.8027348;0.8004668;0.7981138;0.7958394;0.79332036;0.79068923;0.7885205;0.7864269;0.78402984;0.78196;0.77931035;0.77680206;0.7743098;0.7715898;0.76937306;0.7670787;0.76503736;0.76285803;0.76039517;0.7582797;0.7559929;0.75371987;0.75177824;0.7500767;0.74789625;0.7458138;0.74360144;0.7414022;0.7390762;0.7365705;0.73444015;0.73210275;0.7298346;0.7277972;0.7257442;0.7236759;0.7219658;0.7199455;0.7180683;0.71588624;0.71426487;0.7123652;0.71029496;0.70823675;0.70642;0.7046126;0.7026629;0.7007992;0.69884557;0.69690275;0.69514364;0.6931476;0.6911385;0.68933547;0.6875176;0.6855891;0.68371916;0.6816217;0.67979693;0.678076;0.67629355;0.67475325;0.6728724;0.67130154;0.6696233;0.6681588;0.6664735;0.6647063;0.66328573;0.66162485;0.6600392;0.6582172;0.65669185;0.6549102;0.6531383;0.65133244;0.6497956;0.6483305;0.6467864;0.64533484;0.64384735;0.6423245;0.64091384;0.6395094;0.638007;0.63620096;0.63475525;0.6331315;0.6317609;0.63039625;0.62869364;0.62726164;0.6258362;0.6239788;0.622707;0.6213021;0.6197857;0.61845267;0.6170669;0.61559045;0.6142539;0.612791;0.61133516;0.6097531;0.6084062;0.6068392;0.60550517;0.6041583;0.60292894;0.6018897;0.6004114;0.5992339;0.59786;0.59640133;0.5950222;0.5935413;0.5921933;0.59099424;0.589978;0.5886815;0.5873378;0.58591247;0.58463377;0.5834129;0.5821104;0.58067584;0.5792826;0.57791305;0.5768732;0.57531184;0.57419693;0.57278425;0.5715622;0.5706282;0.56941533;0.56815803;0.5667256;0.565284;0.56406116;0.5629408;0.56182486;0.5605687;0.5595262;0.5585035;0.5572621;0.5560579;0.5550636;0.55382174;0.55266356;0.5514791;0.55037713;0.5493567;0.5483093;0.5471434;0.5459672;0.5449175;0.54373574;0.54267955;0.54156744;0.5404449;0.5393866;0.53828794;0.53697246;0.5358836;0.53482836;0.5336754;0.5325708;0.5314419;0.5303466;0.5292128;0.528255;0.5271301;0.52602416;0.5249369;0.5237139;0.5224965;0.5216046;0.5205494;0.5195951;0.518493;0.5175854;0.5164783;0.51532155;0.51445407;0.51361644;0.5126202;0.51178855;0.51095957;0.5101067;0.509177;0.5082376;0.50718325;0.5061987;0.5053355;0.50429314;0.50328094;0.5021825;0.50132006;0.500499;0.4996551;0.4987886;0.49779835;0.49679944;0.49586734;0.49482605;0.49392632;0.49299255;0.49216136;0.49127126;0.49038437;0.48943943;0.48857135;0.48758477;0.4865053;0.48555115;0.48474485;0.48388135;0.48311636;0.48219922;0.48138028;0.4806407;0.4798666;0.47920185;0.47851697;0.4778599;0.47704747;0.47622404;0.47549817;0.4745882;0.47371602;0.47288132;0.47204953;0.47116402;0.4702141;0.4693017;0.46832567;0.46758795;0.46687478;0.46593097;0.46520078;0.4644288;0.46351677;0.46257555;0.46183404;0.4609864;0.46033648;0.4596237;0.4589131;0.45806542;0.45739168;0.4565177;0.45583788;0.45513892;0.45445266;0.45375797;0.4530444;0.45227048;0.45138472;0.45067862;0.44980943;0.44921124;0.4484195;0.44768173;0.44693616;0.44626424;0.44540185;0.4445327;0.4437071;0.44297472;0.4422647;0.44144753;0.44065318;0.4399012;0.43923053;0.43841472;0.43766057;0.4368311;0.43618917;0.43535554;0.43462154;0.43389958;0.4331417;0.43234834;0.43156734;0.4309029;0.43023103;0.42961776;0.4289687;0.4282841;0.4274991;0.42684707;0.42600244;0.4252811;0.42460826;0.42396504;0.42334205;0.42269355;0.42210156;0.4213934;0.42070565;0.4200832;0.41938177;0.41875428;0.41811973;0.4175138;0.4168209;0.41606846;0.4155709;0.41492853;0.41435823;0.413772;0.41311774;0.41260448;0.4118933;0.41129676;0.41072777;0.4100316;0.40944043;0.4087401;0.40808463;0.40744823;0.40685603;0.4063245;0.40572718;0.40508974;0.40434575;0.40374592;0.40313125;0.40256804;0.40194046;0.40148303;0.4008836;0.40030226;0.3996982;0.3992016;0.398536;0.3978322;0.3972597;0.39664873;0.39606363;0.3954483;0.39488265;0.39437413;0.39383528;0.39322686;0.39275408;0.39200783;0.39144415;0.39079633;0.3902439;0.38960007;0.38904327;0.38851118;0.38797283;0.3872523;0.38676322;0.38608518;0.38556114;0.3850234;0.38444188;0.3838471;0.3832991;0.3827527;0.3823122;0.3818327;0.3812905;0.3807942;0.38031393;0.3798717;0.37937173;0.37880722;0.37830275;0.37782148;0.37738502;0.3767829;0.37619716;0.37562042;0.37503108;0.37442216;0.37383658;0.3733026;0.37274888;0.3721968;0.37161112;0.37110454;0.3705223;0.37002566;0.36953735;0.36892527;0.36846754;0.36792806;0.36741772;0.36687443;0.36628482;0.3657449;0.36524057;0.36463585;0.36420223;0.36373588;0.36321017;0.36274818;0.36225215;0.36186433;0.36135074;0.36092496;0.3604074;0.35991114;0.35940307;0.35896873;0.358601;0.35814244;0.35770458;0.35728085;0.3568581;0.35642484;0.35626882;0.3561224;0.35619614;0.35647002;0.35694036;0.35718536;0.35739884;0.35787657;0.35844445;0.3591796;0.3598337;0.36030358;0.3611419;0.36187723;0.36276957;0.3634001;0.3641746;0.36478254;0.3657849;0.36657104;0.36718845;0.36794868;0.36875165;0.3694005;0.3699713;0.37069148;0.37156454;0.3724242;0.37329248;0.3741036;0.37480345;0.3755562;0.37611145;0.3769153;0.37765217;0.3783981;0.37917456;0.37985235;0.3806359;0.38147092;0.3822717;0.38313425;0.3838989;0.3847569;0.38568634;0.38653934;0.38727462;0.388186;0.38889647;0.38958448;0.39034364;0.39111125;0.39178395;0.39255828;0.39334092;0.39407024;0.39482853;0.3955747;0.39633942;0.39706156;0.3978529;0.39863208;0.39929834;0.40003353;0.40079704;0.40147853;0.40218845;0.40300623;0.40371254;0.40441716;0.40509045;0.40579182;0.40657026;0.40733686;0.40793806;0.40857407;0.40936473;0.41010466;0.41067725;0.41144848;0.412125;0.41280958;0.41343492;0.41409728;0.414739;0.41543663;0.41632295;0.4171022;0.41781312;0.4184751;0.41932398;0.42009524;0.4207989;0.42152888;0.42216375;0.4228345;0.42355934;0.4242361;0.4247449;0.42552954;0.42617407;0.42689973;0.42757782;0.42821553;0.4287811;0.4294068;0.43006063;0.4306768;0.43138188;0.43201318;0.43273297;0.43337923;0.43401504;0.43476546;0.4354694;0.43618044;0.43691626;0.43742242;0.43811974;0.43880653;0.43943024;0.44009632;0.44086558;0.44150212;0.44204164;0.44281423;0.44346365;0.4442151;0.44481823;0.44542864;0.44605485;0.4466711;0.44720918;0.4479165;0.4485541;0.44909167;0.44967577;0.45044422;0.4511769;0.45189086;0.4525109;0.4530711;0.45371345;0.45432937;0.45491073;0.45565638;0.45638347;0.4570441;0.45759502;0.45808744;0.45870993;0.45936358;0.45991796;0.46050373;0.4611936;0.46180087;0.46243903;0.4630193;0.46361443;0.46422428;0.4648887;0.46549562;0.46610916;0.4666498;0.4671735;0.46784642;0.46838355;0.46893534;0.46957242;0.47017664;0.47066215;0.47124824;0.47178632;0.4723544;0.47289023;0.47354108;0.4740745;0.47460684;0.47519195;0.47588316;0.47645012;0.47701585;0.4776185;0.47807524;0.4786071;0.47914547;0.47986406;0.48039985;0.48098716;0.48158816;0.4822252;0.48279348;0.48333815;0.48380727;0.48435724;0.48492083;0.48541668;0.4858599;0.4864055;0.48700136;0.48750788;0.48815972;0.48872235;0.48919633;0.48965487;0.4901997;0.49079406;0.4913726;0.49184164;0.49236745;0.49285623;0.49327958;0.49380955;0.494474;0.49498725;0.49552786;0.49597546;0.49649975;0.49708652;0.4976226;0.49811536;0.49860716;0.49904194;0.49958086;0.50005585;0.50054383;0.50116986;0.5017458;0.50229967;0.5028799;0.5034175;0.50394017;0.50446177;0.50499594;0.505488;0.50601995;0.50660515;0.50714827;0.50760895;0.5079659;0.5084641;0.509003;0.5094265;0.5099967;0.5105122;0.51107323;0.5115131;0.5120785;0.5126095;0.5131261;0.51359534;0.5140769;0.5144522;0.5149649;0.5155027;0.5160262;0.5165225;
0.6376812;0.6037736;0.56378603;0.5483871;0.5234375;0.5609756;0.5996169;0.63439065;0.6454006;0.664;0.6874237;0.7060134;0.7222222;0.739255;0.75090253;0.7667785;0.7728356;0.78469616;0.7937411;0.8001341;0.805395;0.8078818;0.81625444;0.8244232;0.83126014;0.83775353;0.8438438;0.8486172;0.8540009;0.85882354;0.86309785;0.8677966;0.87171054;0.87549883;0.8796296;0.8829268;0.8860482;0.88865095;0.8914405;0.89434475;0.89709765;0.89954925;0.90151036;0.9036627;0.9060906;0.9079953;0.9101865;0.9118558;0.9138216;0.9155879;0.91739243;0.91899586;0.9205382;0.9219062;0.9230769;0.924323;0.925759;0.92714155;0.9285388;0.92983633;0.9309965;0.93226576;0.9334326;0.9346692;0.93586063;0.9369841;0.9379461;0.93885523;0.9398193;0.94065225;0.94150627;0.9421549;0.94290406;0.9437859;0.9444839;0.9452797;0.9457498;0.9464529;0.9472003;0.94796157;0.9485246;0.94924843;0.9498162;0.9504028;0.95094514;0.9515133;0.95211226;0.95252496;0.9530151;0.9534332;0.9539589;0.9544333;0.95498854;0.9554104;0.9559051;0.95635253;0.9567493;0.9571565;0.9576306;0.9577597;0.9581623;0.95789057;0.95823574;0.95867133;0.9590038;0.95940304;0.9597845;0.96009946;0.9604436;0.96085364;0.9612787;0.9616579;0.9619938;0.96237254;0.9627697;0.96306527;0.9633854;0.963696;0.96394473;0.964218;0.9645382;0.9648026;0.96513903;0.9653983;0.9656648;0.9659055;0.9661856;0.9664682;0.9667323;0.96700585;0.96722484;0.9674805;0.967729;0.96796405;0.9682147;0.96848;0.9687073;0.96892244;0.9691049;0.969341;0.9695648;0.96974266;0.9696516;0.9698745;0.9700886;0.97027797;0.97046757;0.97066283;0.9708187;0.9710326;0.9711769;0.9713401;0.9715415;0.97173023;0.97190917;0.9720666;0.97223175;0.9724208;0.97257954;0.9727548;0.9729414;0.97311425;0.9732519;0.9733684;0.97350127;0.97365;0.9738118;0.9739759;0.9741421;0.97430205;0.97445196;0.9745842;0.97473687;0.9748662;0.97501737;0.9751515;0.9752691;0.97539866;0.9755527;0.97570306;0.9758443;0.9759822;0.97610795;0.97617126;0.9763395;0.97645783;0.97656983;0.97667074;0.97678906;0.9768979;0.97701716;0.9771272;0.97722816;0.97736454;0.977465;0.9775661;0.9776878;0.97779447;0.9775495;0.97765285;0.9777658;0.9778835;0.9779794;0.9780891;0.9781919;0.9782895;0.97838616;0.97849184;0.9786117;0.9787248;0.97882444;0.97894734;0.97905695;0.9791614;0.9792453;0.97935826;0.9794418;0.9795362;0.9796334;0.97972846;0.979819;0.9799013;0.9799818;0.98006886;0.98015636;0.9802466;0.98033255;0.98042125;0.9805022;0.9805951;0.9806871;0.9807692;0.9808607;0.98095345;0.98102796;0.9811116;0.9811998;0.9812681;0.98134327;0.9814168;0.9814898;0.98157865;0.9816534;0.9817458;0.9818272;0.981892;0.9819741;0.9820349;0.9821128;0.98217756;0.9822457;0.9823066;0.98237365;0.98244494;0.98251283;0.98257565;0.98263526;0.9826999;0.9827694;0.9828322;0.9829051;0.98297477;0.9830404;0.98309773;0.98315895;0.9832189;0.98327845;0.9833434;0.9834079;0.9834818;0.9835428;0.9835976;0.9836561;0.9835143;0.9831817;0.98324597;0.98330975;0.9833819;0.9834334;0.9834942;0.9835498;0.9836152;0.98366994;0.98372746;0.9837884;0.9838504;0.9839127;0.98397225;0.9840306;0.9840878;0.9841417;0.98419374;0.98425126;0.9843047;0.9843657;0.9844241;0.98447996;0.9845235;0.9845793;0.9846334;0.9846822;0.9847294;0.9847831;0.98452604;0.98457664;0.9846289;0.98467755;0.98472583;0.9847751;0.98482674;0.98488194;0.98492765;0.9849724;0.9850195;0.9850714;0.9851141;0.985154;0.9852031;0.98524064;0.98529226;0.9853398;0.9853785;0.9854213;0.9854662;0.98551625;0.9855612;0.9856047;0.98565143;0.98569965;0.9857388;0.98578584;0.9858245;0.985867;0.98591036;0.98595405;0.9860014;0.98603946;0.986074;0.9861128;0.9860759;0.98612267;0.9860826;0.9861215;0.98604083;0.98608834;0.9861225;0.9861662;0.986201;0.9862431;0.9862781;0.9863177;0.98636013;0.98627675;0.9862387;0.9862378;0.98627436;0.9863174;0.9862823;0.98631525;0.9863543;0.9864032;0.98644066;0.9864739;0.98651654;0.9865519;0.9865935;0.9866324;0.98666763;0.9866974;0.98669827;0.9867417;0.9867797;0.9867851;0.9868203;0.986853;0.9868822;0.98692065;0.98695093;0.9869848;0.98702496;0.9870539;0.9870854;0.987119;0.987157;0.9871952;0.987226;0.987262;0.98730004;0.9873374;0.9873693;0.9874019;0.9874378;0.98746616;0.9875;0.98752856;0.9875561;0.9875462;0.98757994;0.98760766;0.987265;0.98722434;0.98698556;0.9866859;0.9863544;0.9855641;0.9855621;0.9854703;0.98530334;0.98514396;0.9851781;0.98521847;0.9852547;0.9852936;0.98533094;0.98536426;0.9853317;0.9853677;0.98540217;0.98544157;0.9854747;0.9855128;0.98554796;0.98558104;0.985614;0.9856441;0.98567903;0.98570484;0.985739;0.9857381;0.9857738;0.98580897;0.98566127;0.985697;0.98573554;0.9857656;0.98580116;0.98583305;0.9858657;0.9859034;0.9859383;0.9859696;0.9859991;0.98603606;0.9860623;0.9860926;0.986127;0.9861562;0.98618495;0.9862114;0.98624235;0.98627114;0.9862977;0.98632866;0.98635703;0.9863877;0.98642427;0.98645467;0.9864853;0.9865162;0.98655283;0.9865764;0.98660535;0.9866287;0.98665935;0.9866867;0.98671174;0.98674273;0.98677325;0.986807;0.98684096;0.98686725;0.9868961;0.98691916;0.98694515;0.98697734;0.9870089;0.9870379;0.9870667;0.98709387;0.9871235;0.987153;0.9871827;0.9872091;0.98723394;0.98726046;0.98729175;0.98731244;0.98734003;0.98736817;0.9873928;0.9874204;0.9874464;0.98747104;0.98749965;0.98741937;0.98744386;0.987471;0.9874896;0.9875168;0.9875423;0.98757195;0.9875939;0.98762006;0.9876431;0.98763955;0.98766184;0.9876808;0.98770684;0.987727;0.9877474;0.9877683;0.98779273;0.98782146;0.9878504;0.98787296;0.98790133;0.9879249;0.9879499;0.9879739;0.9879981;0.988025;0.9880521;0.9880791;0.9880995;0.9881211;0.98814625;0.9881697;0.9881968;0.988221;0.9882463;0.9882706;0.98829013;0.9883128;0.9883362;0.988359;0.9883817;0.98840165;0.9884216;0.98844635;0.98847014;0.98849493;0.98851514;0.9885349;0.98855805;0.9885814;0.98860437;0.98862857;0.9886519;0.98867095;0.9886908;0.98871195;0.9887341;0.98875535;0.9887749;0.98879385;0.98881084;0.98882884;0.9888473;0.98886657;0.9888865;0.988909;0.9889265;0.98894805;0.9889672;0.9889899;0.9890146;0.98902965;0.989049;0.9890691;0.9890868;0.98910546;0.9891236;0.98914415;0.9891639;0.98918504;0.98920435;0.98922366;0.9892401;0.9892605;0.989283;0.9893044;0.98931867;0.98934025;0.98935974;0.98937577;0.98939276;0.98941064;0.98942846;0.98944646;0.9894651;0.98948276;0.98949957;0.98951733;0.98953223;0.9895477;0.98956794;0.9895829;0.98960125;0.9896189;0.98963743;0.9896529;0.98966736;0.98968226;0.98969984;0.9897172;0.9897333;0.9897523;0.9897733;0.9897912;0.9898078;0.9898234;0.98984027;0.9898362;0.9898317;0.98982584;0.9897129;0.98961926;0.98959213;0.9896119;0.9893684;0.98927534;0.98924756;0.9890497;0.9890661;0.98901665;0.9889661;0.98891926;0.9888946;0.98891205;0.9889288;0.9888787;0.9888962;0.988914;0.9889311;0.98894745;0.9889638;0.9889796;0.9889967;0.9890121;0.9889673;0.9889818;0.9889993;0.9890172;0.9890327;0.9890475;0.98906547;0.9890843;0.98910165;0.9891172;0.98913467;0.9891519;0.9891702;0.9891851;0.98920393;0.9892218;0.9892374;0.9892552;0.9892692;0.989286;0.9893038;0.9893218;0.98933697;0.9893533;0.9893117;0.98930794;0.98932296;0.9893367;0.9893504;0.9893674;0.9893849;0.98940206;0.9894166;0.9894303;0.9894486;0.98946637;0.9894812;0.9894956;0.9895117;0.9895285;0.98954064;0.98955464;0.9895696;0.9895823;0.98959804;0.98961186;0.9896301;0.9896475;0.9896604;0.98967767;0.9896925;0.9897087;0.98972243;0.9897364;0.98974925;0.98976403;0.98977906;0.9897949;0.98980904;0.98982054;0.98983574;0.9898486;0.98986447;0.9898797;0.98989594;0.98991144;0.9899243;0.9899396;0.9899533;0.98996806;0.98998153;0.989994;0.9900079;0.99001974;0.99003434;0.9900457;0.99005765;0.99007344;0.99008626;0.9900975;0.9901117;0.9901252;0.99014145;0.9901565;0.99016905;0.9901821;0.99019444;0.99020964;0.99022245;0.99023575;0.99024975;0.9902621;0.99027616;0.99028844;0.9903003;0.99031603;0.9903289;0.9903425;0.9903546;0.9903719;0.99038655;0.99039906;0.9904119;0.99042434;0.99043775;0.9904507;0.990463;0.99047536;0.99048764;0.9905012;0.9905143;0.9905278;0.9905417;0.99055564;0.99056756;0.9905799;0.99059325;0.9906058;0.99061835;0.9906321;0.9906453;0.9906578;0.9906698;0.99068063;0.9906904;0.9907028;0.99071485;0.9907272;0.99074024;0.9907544;0.99076504;0.9907766;0.9907902;0.9908028;0.9908141;0.9908075;0.9908217;0.9908154;0.9908271;0.99083674;0.9908479;0.9908593;0.9908708;0.9908833;0.9908945;0.9909083;0.99091995;0.99093246;0.99094445;0.9909566;0.9909661;0.9909771;0.9909915;0.9910018;0.9910126;0.99102163;0.9910346;0.9910447;0.99105537;0.99106485;0.99107623;0.99108785;0.99110067;0.99111074;0.9911226;0.9911344;0.99114645;0.99115676;0.9911683;0.9911805;0.99119127;0.9912027;0.9912136;0.9912233;0.9912327;0.99124175;0.99125427;0.99126345;0.9912733;0.9912834;0.9912951;0.9913055;0.9913175;0.99132866;0.99134094;0.99135035;0.99132746;0.9912915;0.9913014;0.99131167;0.99117655;0.99110526;0.9910996;0.9911103;0.99112105;0.9911311;0.9911442;0.99115527;0.9911657;0.9911764;0.99118584;0.9911968;0.9912069;0.99121636;0.9912251;0.99123585;0.99124557;0.9912565;0.99126756;0.9912791;0.99128985;0.99129915;0.9913091;0.99132043;0.9913301;0.9913403;0.99135125;0.9913622;0.99137205;0.9913833;0.99139273;0.9914022;0.99141306;0.9914217;0.99143153;0.9914403;0.99145114;0.9914613;0.9914708;0.9914799;0.99149084;0.99149936;0.9915085;0.9915201;0.99152946;0.99154073;0.9915504;0.9915598;0.99157065;0.99158025;0.9915606;0.9915705;0.99157894;0.99158746;0.99159664;0.9916062;0.99161565;0.9916243;0.99163187;0.9916431;0.99165136;0.99166065;0.99166954;0.9916767;0.9916855;0.99169683;0.99170864;0.9917184;0.991728;0.991738;0.9917487;0.991759;0.9917675;0.99177647;0.99178594;0.99179626;0.991804;0.9918127;0.991822;0.9918303;0.9918399;0.99184793;0.99185693;0.9918655;0.99187326;0.99188167;0.99189156;0.9919001;0.9919096;0.9919176;0.9919263;0.9919336;0.99194276;0.99195164;0.9919613;0.99197036;0.99197817;0.99198717;0.99199456;0.99200255;0.9920112;0.992019;0.9920291;0.99203676;0.9920455;0.9920524;0.9920599;0.9920668;0.99207497;0.9920817;0.9920905;0.9921001;0.9921083;0.9921185;0.992127;0.9921342;0.99214315;0.99215084;0.9921577;0.9921361;0.99210256;0.99211043;0.99211943;0.99212855;0.9921374;0.99214566;0.99215466;0.9921618;0.99217033;0.99217975;0.9921888;0.9921978;0.9922065;0.9922147;0.99222124;0.99222803;0.9922357;0.992244;0.9922516;0.9922589;0.99226904;0.9922767;0.99228376;0.9922915;0.99225765;0.9922379;0.9922053;0.9922126;0.9922202;0.9922279;0.99223673;0.99224406;0.992252;0.99225956;0.9922681;0.99227357;0.9922814;0.9922891;0.99229676;0.9923036;0.99231136;0.99231935;0.99232745;0.99233603;0.99234354;0.9923516;0.9923591;0.9923658;0.9923736;0.99238133;0.99239004;
0.5540541;0.59210527;0.60444444;0.67313915;0.7171717;0.75949365;0.78700364;0.8144654;0.8333333;0.84852374;0.8623104;0.8746015;0.8833992;0.8925319;0.8983635;0.903987;0.9088099;0.9146782;0.9191227;0.92327696;0.9275184;0.93054736;0.93337095;0.9359392;0.9384776;0.9410295;0.9430777;0.9423524;0.9428957;0.9438642;0.9455006;0.94710946;0.9487892;0.95036554;0.9511012;0.9524155;0.95369387;0.95488983;0.9559812;0.95703506;0.9579049;0.95875317;0.95949286;0.96042293;0.96125406;0.96211684;0.9629315;0.9638221;0.9645275;0.9653714;0.96607095;0.966785;0.96739674;0.96800196;0.9685172;0.96903807;0.9695632;0.9701595;0.97064096;0.9711454;0.9715958;0.97206825;0.972479;0.97289467;0.97335774;0.9737738;0.97412604;0.97452354;0.9748705;0.9752316;0.97562337;0.9759941;0.9763153;0.97668207;0.9769852;0.97728455;0.9775685;0.97786415;0.9781412;0.9783757;0.97864014;0.97891176;0.97916335;0.9794316;0.9796552;0.9799049;0.98016053;0.9802514;0.98032254;0.980547;0.9807637;0.9809401;0.9811026;0.9812887;0.9814763;0.98166025;0.9818628;0.98204887;0.9822026;0.9824074;0.9825642;0.9827452;0.9829137;0.98306596;0.9832409;0.98339576;0.98356605;0.9837289;0.983869;0.9840048;0.9841232;0.9842659;0.98439336;0.9845223;0.9846739;0.98477566;0.98492575;0.98504776;0.9851662;0.985299;0.98542464;0.9855388;0.9856619;0.9857769;0.98590505;0.98602796;0.9861357;0.98625463;0.9863618;0.98647964;0.9865833;0.986692;0.98679245;0.9868901;0.9870105;0.9870949;0.9871906;0.98730433;0.9873814;0.9874694;0.9875596;0.9876532;0.98774195;0.98782164;0.9879157;0.98800075;0.98808885;0.98816305;0.98824155;0.98832;0.98840755;0.98848784;0.988568;0.9886383;0.98869914;0.98878676;0.9888516;0.988925;0.9889992;0.9890652;0.989134;0.98920107;0.9892725;0.98933524;0.9894024;0.9894587;0.98937595;0.9894441;0.98949414;0.9895608;0.989629;0.98968285;0.989744;0.9898067;0.9898679;0.9899246;0.9899785;0.9900406;0.990099;0.99016106;0.9902167;0.99025625;0.9902355;0.99029124;0.99034774;0.99033237;0.9900344;0.9895215;0.9891614;0.98887277;0.9889271;0.9889794;0.98903346;0.9890929;0.98914874;0.9891859;0.9892394;0.9893002;0.9893589;0.98940927;0.98946816;0.989525;0.9895759;0.9896196;0.9896775;0.9897361;0.9897894;0.9898423;0.9898267;0.98987436;0.9899254;0.98997027;0.99002403;0.9900687;0.9901117;0.9901556;0.9902008;0.9902486;0.9902889;0.99032605;0.99037206;0.99041706;0.99046725;0.9905163;0.9905567;0.99059564;0.9906364;0.99067736;0.99072057;0.9907582;0.9907939;0.99083656;0.99087685;0.9909147;0.9909517;0.99098796;0.99102694;0.9910739;0.9911111;0.99114466;0.9908027;0.99083716;0.9908718;0.9909086;0.99094224;0.9909766;0.99101114;0.991044;0.9910766;0.9911095;0.9911458;0.99117863;0.9912144;0.9912485;0.99128777;0.99132174;0.9913546;0.99138767;0.99142134;0.99139893;0.99142975;0.9914629;0.9914949;0.99152374;0.99155825;0.9915929;0.9916215;0.991654;0.99168664;0.9917174;0.99174917;0.9917779;0.9918045;0.9918399;0.99187106;0.9918986;0.9919278;0.9919584;0.99198717;0.9920176;0.9920468;0.99207425;0.9920993;0.9921282;0.9921572;0.99218464;0.99221575;0.9922484;0.9922759;0.99229896;0.99232227;0.9923482;0.9923695;0.9923975;0.9924229;0.9924465;0.99246824;0.9924965;0.99252087;0.99254715;0.9925722;0.99259454;0.99262154;0.992517;0.9924945;0.9925158;0.9925012;0.9925255;0.9925526;0.99257654;0.99259824;0.9926179;0.99264336;0.99266404;0.99268764;0.9927147;0.9927419;0.99276143;0.9927856;0.9928105;0.99283373;0.99285245;0.9928711;0.99289715;0.9929216;0.99294186;0.99295974;0.99298596;0.993009;0.9930287;0.99305004;0.9930734;0.9930934;0.9931159;0.99313647;0.9931571;0.99317473;0.9931954;0.9932131;0.9932354;0.993256;0.9932775;0.9932976;0.99331754;0.99333435;0.9933543;0.9933782;0.99339426;0.9932671;0.9932863;0.9930449;0.9930659;0.9929015;0.992737;0.9925748;0.9925967;0.99262005;0.9926398;0.9926583;0.9926409;0.9926676;0.99268484;0.9927044;0.9927252;0.9927466;0.99276763;0.99278754;0.99280524;0.9928257;0.9928455;0.99286973;0.9928896;0.9929066;0.9929249;0.99294794;0.99296904;0.9929851;0.99300337;0.99302244;0.9930424;0.9930587;0.9930782;0.99309593;0.99308085;0.99310017;0.99312025;0.99313587;0.993153;0.99317235;0.9931884;0.9932048;0.99322385;0.9932403;0.9932574;0.993273;0.9932906;0.9933105;0.9933296;0.9933445;0.9933582;0.9933766;0.9933934;0.9934121;0.9934291;0.99344635;0.9934628;0.9934792;0.9934932;0.9935086;0.99352264;0.9935389;0.9935529;0.9935686;0.99358445;0.9936004;0.99361354;0.9936306;0.9936475;0.993661;0.99367464;0.9936892;0.99370545;0.9937216;0.99373496;0.99375;0.9937627;0.9937774;0.9937924;0.993808;0.9938195;0.99383223;0.99384737;0.99386245;0.99387616;0.9938894;0.99390537;0.99391794;0.9939316;0.9939461;0.9939578;0.9939723;0.9939852;0.9939989;0.994012;0.9940227;0.9940357;0.994049;0.9940645;0.99407905;0.9940918;0.99410313;0.9941161;0.9941285;0.9941379;0.9941534;0.99416465;0.99417853;0.9941904;0.99420214;0.99418855;0.9942006;0.9942129;0.994225;0.99423796;0.9942508;0.9942642;0.9942764;0.994291;0.9943028;0.9943142;0.9943267;0.99433744;0.99434966;0.9943612;0.99437195;0.9943822;0.9943388;0.9943523;0.994364;0.9943753;0.994386;0.994397;0.9944072;0.99441826;0.9944303;0.99444264;0.99445164;0.9944652;0.99442345;0.99443585;0.9944464;0.9944572;0.9943613;0.99405473;0.9940147;0.9939205;0.9939336;0.99386823;0.9938552;0.993788;0.99377275;0.99373156;0.9937425;0.9936521;0.99356043;0.99336773;0.9933523;0.9931339;0.9929686;0.9928542;0.9928432;0.99280757;0.9926681;0.9926555;0.99259526;0.99255705;0.9925704;0.9925849;0.9926001;0.9926146;0.99263006;0.99264336;0.9926577;0.9926719;0.9926872;0.9927015;0.9927154;0.992727;0.9926693;0.9926827;0.9926987;0.99271226;0.9927255;0.99273884;0.9927536;0.99254644;0.9925617;0.9925746;0.99258775;0.9926023;0.9926175;0.9926311;0.99264634;0.99265856;0.9926727;0.99268657;0.9927002;0.9927131;0.99272805;0.9927426;0.99275434;0.99276805;0.99277866;0.99279267;0.9928056;0.9928198;0.99283165;0.99284506;0.9928595;0.9928745;0.99288464;0.9928971;0.9929109;0.99292296;0.9929362;0.9929485;0.99296135;0.9929733;0.9929856;0.9929988;0.99301165;0.9930246;0.9930348;0.9930486;0.9930606;0.99307257;0.993085;0.9930969;0.9931101;0.9931232;0.9931334;0.99314624;0.99315685;0.99316925;0.9931836;0.99319655;0.9932079;0.9932175;0.99323004;0.99324083;0.9932531;0.99326396;0.9932765;0.9932886;0.99330056;0.9933133;0.99332577;0.9933374;0.993347;0.9933583;0.99336857;0.99337804;0.9933911;0.9934018;0.9934105;0.9934215;0.99343324;0.99344295;0.993454;0.993466;0.9934765;0.99348736;0.9934993;0.99350953;0.9935196;0.99353033;0.9935424;0.99355465;0.9934802;0.9933641;0.9931853;0.99307084;0.9929762;0.99286073;0.9927268;0.99261254;0.99245816;0.99247086;0.99246013;0.9924731;0.99246204;0.9924744;0.9924241;0.9924355;0.99244606;0.9924597;0.9924721;0.99248165;0.99249303;0.99250424;0.99251634;0.992528;0.99254036;0.99255365;0.9925639;0.992577;0.99248743;0.99243766;0.9922446;0.99219596;0.9921877;0.99216056;0.9920536;0.992007;0.9919196;0.99173176;0.9913488;0.9911842;0.9910787;0.9908756;0.99081206;0.9906487;0.9906625;0.9906768;0.9906522;0.9906487;0.99033266;0.9903265;0.9902229;0.99018043;0.99011576;0.9898786;0.9898353;0.98985046;0.9896726;0.98968714;0.98970205;0.9897177;0.9897314;0.98974615;0.9897603;0.9897752;0.9897901;0.98980373;0.9898169;0.9898311;0.9898473;0.98986274;0.98987776;0.989889;0.9899028;0.9899179;0.9899331;0.9899477;0.98996127;0.98997337;0.98998725;0.9900017;0.9900146;0.9900274;0.9900418;0.9900547;0.9900686;0.9900832;0.9900981;0.99011004;0.99012464;0.99013686;0.99005866;0.9900746;0.99008626;0.99010044;0.9901146;0.9901277;0.9901394;0.9901551;0.9900591;0.9899634;0.9898854;0.9898445;0.9898587;0.98981863;0.9898124;0.9898263;0.9897709;0.989747;0.98976046;0.9897752;0.9897895;0.98980486;0.9898191;0.9898342;0.98984617;0.98985994;0.98987365;0.9898866;0.98990077;0.9899158;0.98993045;0.98994255;0.98995554;0.98996806;0.98998135;0.98999333;0.9900074;0.99001914;0.99003226;0.99004394;0.9900591;0.9900738;0.9900911;0.990104;0.9901177;0.9901294;0.9901412;0.9901555;0.99016863;0.9901815;0.99019474;0.9902074;0.99021715;0.99023056;0.9902445;0.99025565;0.990268;0.99028033;0.9902914;0.9903027;0.99031585;0.99032825;0.990342;0.9903561;0.9903703;0.9903799;0.9903924;0.9904054;0.99041617;0.99042875;0.99044067;0.9904509;0.99046504;0.9904783;0.99049336;0.99050593;0.99051934;0.9905307;0.99054426;0.99055696;0.9905676;0.9905793;0.9905244;0.99047023;0.9904325;0.9904435;0.99045455;0.99040025;0.990198;0.99001265;0.9896173;0.9892561;0.9890223;0.98889035;0.9886575;0.98850834;0.98836017;0.9882114;0.9877902;0.9875115;0.9870762;0.98681957;0.9865791;0.98640007;0.9861277;0.9859055;0.9856647;0.9853939;0.98529696;0.98485065;0.9846294;0.9842321;0.9840615;0.98384374;0.98351353;0.98319566;0.98302424;0.9826349;0.981977;0.98174435;0.98145574;0.9814155;0.981108;0.9808303;0.9803663;0.98004645;0.9796903;0.9793685;0.9792986;0.9787958;0.97862387;0.9786343;0.97845864;0.97816056;0.9777836;0.9775795;0.97723335;0.9769002;0.97671187;0.9762621;0.975842;0.9753012;0.97470534;0.9741791;0.97391623;0.97365195;0.97331536;0.9731336;0.97268826;0.9721447;0.97171706;0.9710778;0.97045994;0.97003824;0.96962625;0.96919465;0.96878403;0.9683328;0.9678251;0.96742797;0.96659493;0.96592414;0.9652771;0.9647394;0.9641787;0.9633909;0.9624929;0.961458;0.96051437;0.95963466;0.9586118;0.9578966;0.9570667;0.95624566;0.955269;0.954281;0.9534712;0.9526033;0.9514844;0.9502925;0.9492391;0.9483907;0.94742024;0.94635075;0.9454841;0.94455177;0.9434194;0.942331;0.9411902;0.9401069;0.93920386;0.9381933;0.93723947;0.936111;0.9349987;0.9339702;0.9327821;0.93183917;0.9308042;0.92989206;0.92892826;0.92807317;0.9269666;0.92611516;0.92503977;0.9240463;0.92313415;0.922092;0.921118;0.9201329;0.91904515;0.91806453;0.91696864;0.9159794;0.9150571;0.9140979;0.9131278;0.91205657;0.9111808;0.91006273;0.90907556;0.90801376;0.9070055;0.90584683;0.9047673;0.9037788;0.9029568;0.90206057;0.9011032;0.9002107;0.899157;0.89808077;0.8971069;0.8962098;0.895389;0.8943466;0.89346737;0.8926887;0.89186203;0.89101225;0.890201;0.88926864;0.88826483;0.88733655;0.88653195;0.88554645;0.8845632;0.88384837;0.8828688;0.88199997;0.8810967;0.88020736;0.8792838;0.87837416;0.87745446;0.87664384;0.8757278;0.87463576;0.8736647;0.8728256;0.87196463;0.87112886;0.87010694;0.86927474;0.8682688;0.86739343;0.86648494;0.8656588;0.86483514;0.8639321;0.8630425;0.8622698;0.86132616;0.8604533;0.8594907;0.85858923;0.8577676;0.85689056;0.8560722;0.8552553;0.85427034;0.8535247;0.85265636;0.85180104;0.8508689;0.8501067;0.84931237;0.84839684;0.8475389;0.84663826;0.84575063;0.84485376;
0.115384616;0.26490065;0.26609442;0.2942943;0.33414635;0.4016227;0.44665462;0.49196142;0.5272206;0.553137;0.56557375;0.59347826;0.63126844;0.6553309;0.6701389;0.69174755;0.70423603;0.71825963;0.7312119;0.74421597;0.7561275;0.76477474;0.77326566;0.7814534;0.787753;0.7932068;0.80115277;0.80753136;0.8138489;0.8193717;0.8251689;0.8299795;0.8348624;0.8399691;0.84430236;0.84835166;0.85240644;0.8561001;0.8599459;0.8631857;0.8667525;0.86929137;0.8719926;0.8747359;0.8777614;0.8802309;0.8829997;0.88545406;0.8878378;0.8898912;0.8921798;0.8943214;0.8961981;0.89756817;0.8995665;0.90085185;0.9025808;0.90422857;0.9059906;0.9075871;0.9088932;0.910661;0.91199327;0.91366166;0.91472083;0.9154169;0.9159283;0.9172481;0.91841805;0.9197217;0.9208673;0.9221229;0.92310464;0.9241698;0.92512715;0.9262139;0.927021;0.9281145;0.92888075;0.92976975;0.9306593;0.9315266;0.9324474;0.9333229;0.9340846;0.93500763;0.93584734;0.93652445;0.9372243;0.93802613;0.93868464;0.9394584;0.9401458;0.94072735;0.94133;0.94187313;0.9423752;0.9429602;0.9434961;0.94408065;0.94471776;0.94524235;0.9457778;0.9463568;0.9468509;0.94734246;0.9478569;0.9484673;0.948954;0.94943756;0.94982964;0.9503373;0.95078945;0.9512;0.95154333;0.9519577;0.95236504;0.9527707;0.9531336;0.9534909;0.95383286;0.954268;0.9546565;0.954972;0.9553347;0.95572835;0.95604736;0.9558824;0.95616883;0.95657855;0.9569292;0.9572785;0.957618;0.95789886;0.95826894;0.9585611;0.9588571;0.95914894;0.9594595;0.95974654;0.9600259;0.9602466;0.960483;0.960738;0.9609827;0.9612799;0.9615453;0.96181047;0.9620687;0.9622971;0.9625585;0.96282274;0.9630675;0.96329653;0.96352273;0.9637736;0.964018;0.9642414;0.96445614;0.9647001;0.96490943;0.9651078;0.9653541;0.96556944;0.9657659;0.96593595;0.9661336;0.9663499;0.9665376;0.9667411;0.966927;0.9671308;0.96730244;0.9675115;0.96772504;0.96791923;0.9680898;0.96827495;0.9684787;0.9686411;0.9688064;0.96898556;0.9691539;0.9693247;0.9694786;0.9696523;0.96979445;0.9699541;0.970108;0.9702725;0.9704474;0.97060627;0.97073567;0.9708777;0.9710242;0.97116154;0.9713071;0.9714399;0.9715696;0.97169626;0.97184014;0.9720008;0.97212726;0.9722347;0.97236615;0.9724928;0.97262704;0.9727617;0.97289157;0.97304046;0.97315437;0.97328883;0.97341377;0.9735537;0.9736617;0.9737705;0.9738736;0.9740088;0.97411937;0.97423816;0.9743605;0.9744937;0.97460765;0.9747206;0.97483104;0.9749391;0.97504044;0.97516245;0.975279;0.9753902;0.97550607;0.9756084;0.97572076;0.97583216;0.97592914;0.9760147;0.9761207;0.97622585;0.9763158;0.9764218;0.9765128;0.97661704;0.9767128;0.97680664;0.97688854;0.9769821;0.9770725;0.9771658;0.97725356;0.97733593;0.97742593;0.9775281;0.9776038;0.9776917;0.97778004;0.97785527;0.9779513;0.9780365;0.97810555;0.97817963;0.9782499;0.97823906;0.9783238;0.9784112;0.97850317;0.9785933;0.9786648;0.97875154;0.97883546;0.9789136;0.9789912;0.9790662;0.9791527;0.97922647;0.9793087;0.97939223;0.97947216;0.97955436;0.9796225;0.97969687;0.97976315;0.97983366;0.97990185;0.9799871;0.9800588;0.9801282;0.9801917;0.98025566;0.98032635;0.9803957;0.98046714;0.9805329;0.9805947;0.98065954;0.9807231;0.98078454;0.98083633;0.98090374;0.9809724;0.9810323;0.9810901;0.98115504;0.98123163;0.9813084;0.98138136;0.9814411;0.98150045;0.9815617;0.98161715;0.98167694;0.9817371;0.9817892;0.9818539;0.9819136;0.98197526;0.9820379;0.98208314;0.9821436;0.9822065;0.9822611;0.982316;0.9823835;0.98242986;0.98248446;0.98254156;0.98259825;0.98264974;0.98270845;0.9827655;0.98282415;0.9828743;0.9829295;0.9829811;0.98302567;0.98307;0.9831188;0.98316526;0.98321474;0.98327035;0.9833192;0.9833659;0.98341614;0.98346037;0.9835081;0.98355687;0.9836047;0.9836603;0.9837075;0.98375624;0.9837981;0.98384935;0.9838919;0.9839331;0.98397756;0.984023;0.9840699;0.9841072;0.98415595;0.9841998;0.98424625;0.98428905;0.9843434;0.9843885;0.9844288;0.9844706;0.98450553;0.9845535;0.98460066;0.98464584;0.9846838;0.9847221;0.9847639;0.98480713;0.9848469;0.984887;0.9849316;0.98483324;0.984838;0.98487824;0.9849172;0.98495185;0.98499554;0.9850283;0.9850721;0.98511106;0.98514783;0.98517996;0.98521787;0.98525363;0.9852882;0.9853339;0.98537445;0.98541284;0.98545057;0.9854876;0.9855254;0.98556346;0.98560184;0.9856395;0.9856714;0.9857036;0.9857375;0.98577213;0.98580575;0.9858401;0.9858811;0.98591954;0.98595244;0.9859883;0.98602444;0.98605686;0.98609173;0.9861256;0.9861606;0.9861941;0.986224;0.9862581;0.986286;0.9863197;0.9862247;0.9862602;0.98629373;0.98632085;0.98635495;0.9863881;0.98642063;0.9864559;0.98648775;0.98652184;0.98655295;0.9865843;0.9866179;0.98664415;0.9866735;0.9867031;0.98673534;0.98676705;0.98680013;0.98683;0.98686475;0.9869001;0.9867812;0.986777;0.98681426;0.986851;0.9868794;0.9869085;0.98670584;0.9867317;0.986759;0.98678964;0.98681974;0.98684627;0.98687536;0.9869058;0.98693466;0.9869678;0.9869982;0.987027;0.9870524;0.98708016;0.9871075;0.9871358;0.98715895;0.9871935;0.98719275;0.98722243;0.9872491;0.9872735;0.98729545;0.9873246;0.9873481;0.9873728;0.98740166;0.9874286;0.9874534;0.9874805;0.9875075;0.98753506;0.9875638;0.98758775;0.98761356;0.98763967;0.987668;0.9876935;0.9876924;0.9876649;0.98769253;0.9876372;0.98758143;0.9875255;0.98749834;0.9873876;0.98741525;0.9874404;0.9874596;0.98748755;0.98751277;0.9875385;0.9875626;0.98758715;0.9874828;0.9875084;0.98753136;0.9875568;0.9875815;0.9876045;0.98763055;0.9876549;0.98767954;0.9877063;0.9877269;0.98774755;0.9877724;0.9877953;0.9878166;0.98783964;0.98786014;0.9878833;0.98790705;0.9879274;0.9879482;0.98797464;0.9879986;0.9880174;0.98804206;0.9880667;0.988087;0.98810995;0.9881339;0.9881578;0.988179;0.9882004;0.9882232;0.9882442;0.98826736;0.98829585;0.98831826;0.9882942;0.9883137;0.988334;0.98835504;0.98837686;0.98839885;0.98841715;0.98843765;0.9884616;0.9884811;0.9885074;0.9885273;0.9885267;0.9885465;0.9885683;0.9885901;0.98860806;0.9886281;0.9886499;0.988673;0.98869383;0.98871386;0.9887343;0.9887565;0.9887744;0.98879546;0.98881483;0.98883337;0.9888534;0.98887026;0.98888814;0.9889115;0.9889327;0.9889519;0.9889703;0.9889898;0.9890087;0.9890259;0.9890423;0.9890613;0.9890864;0.98910433;0.9891226;0.9891404;0.9891596;0.9891811;0.9892011;0.9892215;0.98923707;0.9892554;0.98927397;0.9892917;0.9893087;0.98932683;0.98934275;0.9893577;0.9893743;0.98939174;0.98941004;0.989425;0.9894432;0.98946136;0.98947895;0.98949873;0.9895153;0.9895334;0.98954874;0.9895665;0.9895833;0.9896043;0.9896212;0.98963785;0.9896505;0.9896701;0.98968655;0.9897034;0.98971933;0.9897361;0.98975235;0.98976856;0.98978776;0.98980385;0.9898197;0.98983675;0.98985374;0.9898714;0.98988825;0.9899034;0.9899206;0.9899371;0.9899538;0.98997104;0.9899849;0.9899971;0.99001586;0.99003106;0.9900462;0.99006206;0.990079;0.99009395;0.9901087;0.9901232;0.9901389;0.99015605;0.9901704;0.99018717;0.9902032;0.99021703;0.99022865;0.9902409;0.9902558;0.99026984;0.99028486;0.99030215;0.9903163;0.9903321;0.99034655;0.99036324;0.99037737;0.9903928;0.9904059;0.9904194;0.9904364;0.9904518;0.9904657;0.9904803;0.9904945;0.9905094;0.9905244;0.99053824;0.9905543;0.99056697;0.99057996;0.9905937;0.9906077;0.9906202;0.99063253;0.9906474;0.99066377;0.99067825;0.99069315;0.9907067;0.99072003;0.9907342;0.9907494;0.99076086;0.9907753;0.99078894;0.9908015;0.9908132;0.99082637;0.9908385;0.9908513;0.99086577;0.99087983;0.9908927;0.99090534;0.99091744;0.9909305;0.99094355;0.99095774;0.9909692;0.99098414;0.9909974;0.99101037;0.9910255;0.99089396;0.99090844;0.9909215;0.9909335;0.9909458;0.9909591;0.99097186;0.9909841;0.9909984;0.99101347;0.99102724;0.99103993;0.9910494;0.99106073;0.9910731;0.9910847;0.99109626;0.9911081;0.99112177;0.99113244;0.9911454;0.99115646;0.99116725;0.99118114;0.9911936;0.991206;0.9912176;0.9912289;0.9912402;0.99125063;0.9912635;0.9912754;0.9912873;0.99129975;0.99131155;0.9913235;0.99133706;0.9913495;0.9913618;0.9913749;0.9913882;0.99140084;0.9914119;0.9914243;0.99143755;0.9914485;0.9914607;0.99147236;0.99148446;0.9914953;0.9915075;0.9915193;0.99153024;0.9915423;0.9915534;0.99156517;0.9915778;0.99158907;0.99149656;0.9914223;0.9913667;0.99137723;0.99138707;0.99139726;0.9914086;0.99140346;0.9914145;0.99142635;0.9914363;0.99144727;0.9914573;0.9914685;0.99147946;0.9914903;0.9915008;0.991511;0.9915219;0.9915326;0.99154586;0.9915562;0.99156755;0.99157786;0.9915885;0.9915986;0.9916102;0.99161977;0.99163157;0.99164176;0.9916524;0.9916633;0.9916744;0.9916848;0.99169534;0.9917058;0.9917159;0.9917252;0.9917382;0.99175;0.99176055;0.9917712;0.9917821;0.991697;0.9916413;0.99158674;0.9915514;0.99152935;0.9915405;0.99154985;0.9915598;0.9915714;0.9915828;0.9915941;0.9915874;0.9915985;0.99160916;0.99162114;0.9916307;0.99164295;0.9916547;0.9916644;0.99167246;0.9916832;0.99169403;0.9917034;0.9917147;0.991724;0.9917034;0.9917118;0.99172354;0.9917354;0.99174404;0.9917526;0.9917628;0.99177253;0.99178106;0.99179214;0.9918025;0.99181324;0.9918232;0.9918318;0.9918437;0.99185556;0.9918187;0.9918299;0.99183834;0.9918476;0.99185824;0.9918682;0.9918773;0.9918865;0.991896;0.99190664;0.99191606;0.9919249;0.9919341;0.9919434;0.9919536;0.9919629;0.99197364;0.9919832;0.99199134;0.9919702;0.99197906;0.99198914;0.99199903;0.992007;0.9920163;0.99202573;0.992034;0.9920423;0.992051;0.9920627;0.9920718;0.99208075;0.9920889;0.99209833;0.9921082;0.9921186;0.99212855;0.9921373;0.99214756;0.99215597;0.9921659;0.99217504;0.99218273;0.99219185;0.9921998;0.99220794;0.9922162;0.99222547;0.9922336;0.9922429;0.9922524;0.9922617;0.9922699;0.99227864;0.9922859;0.99229395;0.9923025;0.9923106;0.9923175;0.9923249;0.9923339;0.9923432;0.9923516;0.9923608;0.9923702;0.9923805;0.99238896;0.99239606;0.99240446;0.9924122;0.9924209;0.99242896;0.99243736;0.992446;0.99245334;0.99246216;0.9924703;0.9924784;0.992473;0.9924806;0.99248666;0.9924672;0.99247384;0.9924807;0.9924886;0.99249554;0.99250305;0.9925117;0.9925192;0.9925255;0.992534;0.99254143;0.9925498;0.992558;0.99256593;0.9925736;0.9925815;0.9925901;0.9925974;0.9926032;0.99261016;0.99261856;0.9926267;0.9926346;0.9926415;0.99265116;0.99265885;0.99266607;0.99267435;0.9926812;0.9926894;0.9926963;0.9927035;0.9927118;0.9927187;0.9927248;0.9927338;0.9927423;0.9927502;0.9927579;0.99276626;0.99277264;0.9927796;0.9927858;0.99279404;0.9928011;0.9928095;0.9928178;0.9928262;0.9928348;0.9928421;0.9928517;0.99285847;0.99286705;0.9928747;0.9928807;0.99287325;0.99287957;0.9928866;0.9928953;0.9929031;0.9929105;0.992917;0.9928592;0.99286705;0.99282205;0.99282897;0.9928362;0.99284375;0.99285173;0.9928589;0.9928668;0.99287474;0.9928813;
0.5802469;0.5925926;0.70247936;0.76602566;0.78553617;0.78838176;0.80866426;0.83254343;0.85070425;0.8642766;0.8766007;0.8862661;0.8947368;0.9023941;0.9082251;0.91353995;0.91920733;0.923741;0.9273475;0.9308996;0.9337914;0.9368672;0.9394977;0.9423913;0.94456065;0.94673365;0.94871795;0.9505366;0.95212287;0.95385283;0.9552554;0.9566462;0.95800316;0.9590259;0.96019524;0.96124315;0.9620751;0.96320724;0.964165;0.96520025;0.9660474;0.966719;0.9675046;0.9681873;0.96893317;0.969549;0.97017443;0.97080696;0.97152066;0.9720759;0.97262394;0.9731374;0.97363186;0.9742281;0.9746533;0.97514653;0.975621;0.97611;0.976481;0.9768559;0.97722876;0.9775993;0.97791666;0.9783187;0.9786978;0.97903067;0.9793372;0.97959185;0.9799014;0.9801721;0.980432;0.9807343;0.98098654;0.9812456;0.9815041;0.98177755;0.98201865;0.9822861;0.98256004;0.9827362;0.98295;0.9831559;0.98335165;0.98353523;0.9837473;0.98397094;0.98413885;0.9843357;0.984512;0.9846865;0.984855;0.9850325;0.9851935;0.9853551;0.98522574;0.9853817;0.98551697;0.98566306;0.98580813;0.9859393;0.98606634;0.98605245;0.9861973;0.986334;0.9864529;0.98657966;0.98671216;0.98684525;0.9869633;0.9870914;0.98720956;0.9873049;0.987425;0.9875343;0.9876361;0.98774314;0.9878443;0.9878453;0.9878303;0.9878075;0.98759973;0.9873675;0.9874681;0.98756456;0.98755753;0.9876646;0.9874537;0.9875675;0.98766184;0.9877559;0.98783773;0.98793155;0.988011;0.9880906;0.9881806;0.9882523;0.98833877;0.988413;0.9884884;0.98858213;0.9886638;0.98873085;0.9888022;0.9888696;0.98894024;0.9890189;0.9890847;0.98915267;0.98922074;0.9892907;0.9893496;0.9894162;0.98939383;0.989452;0.9895087;0.9895807;0.9896473;0.98971915;0.989801;0.9898699;0.98993206;0.98999757;0.99005497;0.9901173;0.99017805;0.99024117;0.9902951;0.9903499;0.99040335;0.9904518;0.9905034;0.990566;0.9906229;0.9906684;0.9907198;0.9907692;0.9908209;0.9908727;0.9909205;0.99097645;0.9910278;0.9910863;0.99113387;0.9911916;0.9912412;0.99128956;0.9913362;0.9913878;0.99142617;0.9914755;0.99151784;0.99156666;0.99161154;0.99165595;0.9912938;0.9913405;0.99137586;0.99142057;0.9913947;0.99143386;0.9914732;0.99151766;0.99155957;0.99160045;0.99162966;0.99166936;0.99171555;0.99175024;0.99178;0.9918146;0.9918536;0.99189276;0.99193597;0.9919684;0.9920064;0.9920387;0.9920679;0.9921116;0.9921426;0.99218094;0.99222255;0.9922568;0.9922931;0.9923304;0.9923606;0.99239457;0.9924322;0.9924664;0.9925007;0.9925309;0.99256337;0.9925913;0.99262077;0.99265206;0.99268514;0.9927187;0.99274635;0.99277735;0.9928046;0.9928363;0.9928685;0.99279046;0.9928183;0.9928525;0.9928795;0.9929082;0.9929367;0.9929668;0.992994;0.99302065;0.9930493;0.9930789;0.993107;0.99313575;0.9931571;0.99318147;0.993205;0.9932301;0.9932598;0.9932852;0.9933114;0.993333;0.9933558;0.99338114;0.99340624;0.99342567;0.9934514;0.993475;0.9934982;0.99352527;0.993544;0.9935679;0.99359006;0.99361545;0.9936422;0.99366874;0.99369293;0.9936703;0.9936016;0.9936231;0.9936405;0.9936626;0.99368566;0.9937078;0.99373084;0.993754;0.99377364;0.9937957;0.9938181;0.9938418;0.99386585;0.99388725;0.9939055;0.9939271;0.99395055;0.9939692;0.9939893;0.99400747;0.99403054;0.9940468;0.9940678;0.9940883;0.99410635;0.9941233;0.9941439;0.9941614;0.9941813;0.9941998;0.99421865;0.9942374;0.99425554;0.9942709;0.99429005;0.9943081;0.9941577;0.993884;0.99390674;0.9938474;0.99386555;0.99388254;0.9938615;0.99371433;0.9935703;0.9934259;0.99345;0.99347067;0.9934503;0.993472;0.99349165;0.99350727;0.9935293;0.9935502;0.9935689;0.99358976;0.9936102;0.99363005;0.9936485;0.9936694;0.9936906;0.99370825;0.99372435;0.99374056;0.99375963;0.99377716;0.9938002;0.99382246;0.99384356;0.99385804;0.99387753;0.99389625;0.9939141;0.99393624;0.9939516;0.9939701;0.99398977;0.99400645;0.99402326;0.99403733;0.9940553;0.99406964;0.99408543;0.99410117;0.9941138;0.9941285;0.9941436;0.99416196;0.9941787;0.99419314;0.9942085;0.99422395;0.9942408;0.9942586;0.9942752;0.99429137;0.9943056;0.99432254;0.99433625;0.9943485;0.9943646;0.9943783;0.9943579;0.99433565;0.9942808;0.9942945;0.9943102;0.99429137;0.9943058;0.9943213;0.994333;0.9943149;0.9943303;0.99431074;0.9943245;0.99433625;0.9943195;0.99433446;0.9943135;0.9943284;0.9943441;0.99435925;0.99437296;0.9943872;0.99440116;0.99441576;0.9944303;0.99444443;0.9944587;0.9944721;0.9944867;0.99450195;0.9945139;0.99452746;0.99454004;0.99455035;0.994563;0.99457383;0.99458724;0.9945997;0.99461216;0.99462485;0.9946387;0.99465275;0.9946664;0.9946784;0.99469024;0.9947018;0.9947124;0.9947281;0.9947375;0.99475217;0.9947662;0.99478024;0.99479324;0.99480593;0.99481773;0.99483025;0.99484086;0.99485314;0.99486655;0.99487853;0.9948911;0.99490404;0.9949169;0.99492806;0.9949402;0.9949523;0.99496394;0.99497384;0.99498606;0.9949988;0.9950099;0.9950205;0.99503225;0.99504375;0.99505526;0.99506664;0.995078;0.99508905;0.99510026;0.9951108;0.9951214;0.99513346;0.99514425;0.99515635;0.99516565;0.99517715;0.9951865;0.99519813;0.99520767;0.9952181;0.9952272;0.99523795;0.9952478;0.9952019;0.9952124;0.99522364;0.99523336;0.9952424;0.9952539;0.9952633;0.99527377;0.9952829;0.9952949;0.99530387;0.9953124;0.9953208;0.9953315;0.99533993;0.99534833;0.9953578;0.99536765;0.9953764;0.99538666;0.99539524;0.9954043;0.99541306;0.99542135;0.99543077;0.9954403;0.99544895;0.9954587;0.9954684;0.9954776;0.99548584;0.9954949;0.9955031;0.99551153;0.99551964;0.9955274;0.99553585;0.9955442;0.9955519;0.9955608;0.99556947;0.99557817;0.99558705;0.9955954;0.9956033;0.99561214;0.99562;0.99562824;0.9956368;0.9956458;0.99565303;0.995662;0.9956697;0.9956768;0.9956846;0.99569243;0.9957008;0.9957094;0.9957185;0.9957263;0.99573314;0.9957407;0.99574906;0.9957575;0.99576455;0.9957731;0.99578214;0.9957901;0.99579763;0.99580544;0.99581254;0.99582124;0.9958278;0.9958345;0.9958413;0.99584824;0.9958548;0.99586344;0.9958717;0.995878;0.99588543;0.9958938;0.995901;0.9959089;0.99591655;0.9959236;0.99593025;0.9959366;0.99594355;0.99595076;0.99595815;0.99596614;0.9959018;0.9959107;0.99591875;0.9959248;0.9959324;0.9959392;0.99594545;0.9959514;0.9959585;0.99596554;0.99597126;0.99597824;0.9959847;0.99599;0.9959972;0.9960045;0.9960108;0.9960178;0.99602395;0.99603105;0.9960371;0.9960438;0.9960509;0.9960585;0.99606466;0.99607074;0.99607754;0.996085;0.9960909;0.9960978;0.99610376;0.99611044;0.9961167;0.99612343;0.9961307;0.9961385;0.996143;0.9961493;0.99615496;0.99616086;0.9961673;0.9961735;0.9961792;0.9961849;0.99619097;0.9961969;0.996204;0.9962099;0.9962153;0.9962213;0.9962273;0.9962331;0.99623996;0.99624574;0.9962516;0.99625707;0.996262;0.9962684;0.9962742;0.9962805;0.9962858;0.9962923;0.99629724;0.99630266;0.996309;0.9963138;0.99631935;0.9963249;0.9963318;0.9963376;0.9963428;0.9963474;0.9963532;0.99635845;0.9963648;0.99637014;0.99637514;0.9963815;0.9963865;0.9963928;0.99639875;0.9964042;0.9964103;0.996416;0.9964208;0.99642664;0.99643135;0.9964373;0.99644315;0.99644876;0.996455;0.9964611;0.99646634;0.99647224;0.99647796;0.9964839;0.996489;0.99649477;0.99649996;0.99650556;0.99650985;0.9965162;0.9965206;0.996526;0.9965307;0.9965362;0.9965416;0.9965474;0.99655163;0.99655545;0.9965614;0.99656653;0.996572;0.9965772;0.99658215;0.9965864;0.9965913;0.9965962;0.9966015;0.99660695;0.99661195;0.99661654;0.9966221;0.99662685;0.9966322;0.9966359;0.9966402;0.9966455;0.9966504;0.9966554;0.9966602;0.99666566;0.9966705;0.9966754;0.9966797;0.99668384;0.99667;0.9965995;0.9966046;0.9965162;0.9964844;0.9963033;0.9961409;0.9961462;0.99604017;0.9959348;0.995903;0.9958351;0.995767;0.9954961;0.9953728;0.9953425;0.9952197;0.9951715;0.995142;0.9951487;0.9951367;0.9950517;0.9950403;0.99504817;0.9950189;0.9949725;0.9949424;0.9948956;0.99483;0.99478346;0.9947904;0.9947973;0.99480546;0.9947763;0.99476457;0.99475354;0.99474275;0.994714;0.9946665;0.9945484;0.9945025;0.99445677;0.99432254;0.9942945;0.9940888;0.9938325;0.9937332;0.99356556;0.99327534;0.9931786;0.993101;0.9928302;0.9926822;0.99255246;0.9924052;0.9922231;0.99200666;0.9917722;0.9916609;0.9915841;0.9915589;0.99130964;0.9912357;0.9910915;0.9908083;0.99057966;0.9904718;0.99029624;0.990224;0.9901677;0.99001163;0.989817;0.9897428;0.9896883;0.9895638;0.9894402;0.98906547;0.98897725;0.98882073;0.98846334;0.9883271;0.9882232;0.9881378;0.98796904;0.9879348;0.98786485;0.98778033;0.9876781;0.98762316;0.9876193;0.9873008;0.987184;0.98703784;0.9869683;0.986969;0.9868694;0.9867022;0.9866164;0.98647064;0.9863411;0.98625624;0.98615754;0.98612344;0.9859578;0.9859571;0.985942;0.9856495;0.98552096;0.98545825;0.9853931;0.9853935;0.98539627;0.98530006;0.9852395;0.98525435;0.98526865;0.98523635;0.98518866;0.9851283;0.98514676;0.9850852;0.98508877;0.9849151;0.9848713;0.9848446;0.98449486;0.9844508;0.98431224;0.98428196;0.9842505;0.98417217;0.9841892;0.9841607;0.98413354;0.9840903;0.9841087;0.9840203;0.9840222;0.9840093;0.9839997;0.983974;0.9839276;0.9838677;0.9838109;0.98376614;0.98367566;0.98361754;0.9834498;0.98346734;0.9834884;0.9834753;0.98349655;0.9835147;0.9835361;0.98355794;0.9835795;0.98360103;0.98362094;0.9836383;0.98365486;0.98367465;0.9836932;0.9837133;0.98372704;0.98374665;0.9837657;0.98378426;0.9838028;0.98381925;0.98383546;0.9838514;0.9838695;0.98388827;0.98390436;0.98384833;0.9838654;0.98388237;0.98390055;0.98392165;0.9839409;0.9839597;0.983978;0.98399806;0.9840124;0.9840289;0.9840482;0.9840665;0.9840857;0.9841053;0.98412484;0.9841444;0.9841601;0.9841779;0.9841943;0.98421085;0.9842297;0.9842457;0.9842617;0.98428;0.9842991;0.98431593;0.98433197;0.98435056;0.98436564;0.98438346;0.9843969;0.9844153;0.9844343;0.98445153;0.98446774;0.9844853;0.9844757;0.9844625;0.9844057;0.9843506;0.984355;0.9842429;0.98411536;0.9840186;0.98389137;0.98376733;0.9837127;0.98367083;0.98368883;0.98369247;0.9837125;0.983718;0.9837202;0.9837235;0.98374295;0.9837152;0.98373383;0.9837265;0.9837431;0.98376256;0.98377836;0.9837498;0.9837661;0.98371077;0.9837298;0.9837471;0.98375297;0.98373073;0.98360837;0.98361456;0.9836196;0.98358303;0.9835995;0.9835751;0.9834681;0.98348415;0.9835011;0.98351663;0.9835342;0.98354965;0.98356897;0.9835853;0.9836009;0.98361534;0.9836327;0.9836494;0.9836653;0.98368233;0.9836973;0.98371625;0.9837356;0.9837512;0.98376846;0.9837844;0.98380136;0.98381835;0.9838353;0.9838541;0.9838701;0.98388976;0.9839074;0.9839215;0.9839391;0.9839553;0.9839731;0.9839895;0.984005;0.98402447;0.98404014;0.9840562;0.98407066;0.98408663;0.98410326;0.9841187;0.9841367;0.9841513;0.9841665;0.98418355;0.9842001;0.9842181;0.9842353;0.9842503;0.9842672;0.9842823;
0.4057971;0.46575344;0.52340424;0.5361842;0.5510753;0.54298645;0.5564202;0.5787671;0.5895865;0.5840336;0.5743329;0.58986175;0.59286463;0.5988258;0.61299175;0.6314879;0.6524193;0.6702372;0.68786126;0.6988364;0.7144711;0.7258567;0.739182;0.750142;0.7626753;0.7708333;0.77955914;0.78825796;0.7962963;0.8040089;0.8101812;0.81628394;0.82236576;0.827451;0.8324448;0.8366134;0.8396947;0.8433949;0.847931;0.85166496;0.8548387;0.8588348;0.86223054;0.8653435;0.8685936;0.870826;0.87360275;0.8760888;0.8783784;0.88129205;0.88382506;0.88584;0.8875574;0.889335;0.8913793;0.8931686;0.8948247;0.89662445;0.8982699;0.8998641;0.90142727;0.90302765;0.9043704;0.90595746;0.9074733;0.90890354;0.9103812;0.91175884;0.91288924;0.9141914;0.91524446;0.9164145;0.91766024;0.9188693;0.91995656;0.9209444;0.9220458;0.9229831;0.9240289;0.9250339;0.9259135;0.92668766;0.9275053;0.92828166;0.9291667;0.92994136;0.9308619;0.9316636;0.9323331;0.93319225;0.93404955;0.9348371;0.9355309;0.93609023;0.9367125;0.9373938;0.9380952;0.93871325;0.939269;0.940019;0.94071096;0.94119996;0.9417348;0.94227505;0.94293094;0.9434276;0.9440223;0.9445629;0.9449564;0.9454792;0.945979;0.94641125;0.9469133;0.947406;0.9478896;0.94829804;0.9487239;0.9491311;0.94953763;0.949949;0.9503538;0.95073014;0.95110077;0.95143926;0.9518204;0.9522162;0.95259035;0.95297873;0.95334107;0.95350784;0.95378065;0.95413315;0.95418286;0.954527;0.95415616;0.9541138;0.9544733;0.95476943;0.9550617;0.9554196;0.95575476;0.9560471;0.95634395;0.95667356;0.9570064;0.95731026;0.9575864;0.9578745;0.958151;0.95842016;0.9586598;0.9589188;0.95912564;0.9594034;0.959681;0.9599373;0.9602007;0.96045053;0.9607274;0.9609043;0.9610862;0.9611601;0.961368;0.9611868;0.961068;0.96092594;0.9604866;0.96004874;0.95997095;0.9602596;0.95949066;0.9594808;0.9595626;0.95903367;0.95856977;0.9584203;0.95826286;0.95791;0.95745975;0.95748055;0.95737016;0.95706713;0.9558758;0.9538166;0.95266443;0.95105714;0.94984347;0.9468578;0.9447084;0.94319487;0.94141126;0.939497;0.9373723;0.9363968;0.9345371;0.93130934;0.9298862;0.92853713;0.9267194;0.9245117;0.92370594;0.9226842;0.9218363;0.9200559;0.9184606;0.91736406;0.915875;0.91418326;0.9133031;0.9129424;0.9115681;0.91159725;0.9104449;0.9089641;0.9082939;0.90862274;0.9084375;0.90806675;0.9074969;0.9072521;0.9067339;0.90616965;0.9053857;0.9052184;0.90426433;0.9046015;0.90467066;0.9043986;0.9042585;0.9036358;0.9032562;0.9025791;0.9027153;0.90215117;0.9017485;0.90143037;0.9016544;0.9019574;0.90191495;0.90233797;0.90277934;0.90317136;0.90356725;0.9038687;0.9042961;0.9047461;0.90513444;0.90560764;0.9059582;0.9063163;0.9066616;0.90699935;0.9073197;0.9077418;0.9080521;0.90826905;0.90860474;0.9087599;0.9091196;0.9093575;0.90959865;0.909923;0.91025907;0.9106249;0.91092825;0.911275;0.91162366;0.91189784;0.9123082;0.9126091;0.9129342;0.9132569;0.9135944;0.91389513;0.91421497;0.91447467;0.91473556;0.9150365;0.9153478;0.9156609;0.9159717;0.91626805;0.9165744;0.9169024;0.9172358;0.9175194;0.91781664;0.9181079;0.9184586;0.9187415;0.91906786;0.9193616;0.9195919;0.9196395;0.9199687;0.92029154;0.92060083;0.9207916;0.9210013;0.921162;0.9214671;0.92172784;0.92203206;0.9222683;0.9225443;0.922791;0.9230498;0.9232765;0.92353535;0.92378247;0.92384106;0.9240924;0.92423654;0.9244754;0.9244349;0.9246578;0.9248931;0.9249531;0.9251307;0.92529345;0.92549103;0.9256484;0.9258855;0.9261057;0.92629516;0.9265067;0.92672914;0.92694426;0.927146;0.9274094;0.9276561;0.92788047;0.9281035;0.92831063;0.9285252;0.92875;0.92896765;0.9291585;0.9293737;0.9296044;0.92982244;0.9300337;0.93024355;0.9304057;0.9306188;0.9308442;0.93101966;0.9311996;0.93138665;0.9315567;0.9315916;0.9314984;0.93132734;0.93141234;0.93161416;0.9315966;0.93181217;0.931998;0.9321906;0.9323897;0.9325699;0.9327668;0.9329375;0.9330949;0.9332615;0.9333976;0.93358237;0.93375385;0.9339269;0.9341087;0.93429667;0.9344884;0.93466955;0.9348449;0.9350311;0.9351765;0.9353422;0.93550473;0.93568486;0.9358113;0.93598974;0.93616945;0.93634367;0.93649673;0.93655664;0.93671334;0.9368336;0.93700373;0.93714005;0.93730634;0.93745875;0.93762124;0.9377764;0.93795216;0.9380993;0.93827116;0.9384442;0.9385848;0.9387144;0.9388642;0.9390215;0.9391801;0.93931943;0.93946016;0.9396063;0.93976384;0.9399066;0.9400206;0.94018203;0.9403069;0.94044703;0.94059044;0.940741;0.9408655;0.94099724;0.941138;0.9412743;0.9414423;0.94155824;0.941702;0.9418488;0.94198745;0.94211423;0.9422627;0.94238275;0.94251513;0.94265795;0.9428036;0.94294316;0.9430676;0.9431987;0.94331306;0.9434661;0.9436042;0.9437574;0.9439028;0.9440457;0.9441706;0.94431216;0.94440156;0.9445249;0.9446476;0.9447834;0.9449;0.9450311;0.945155;0.94528496;0.9454044;0.94552326;0.9456335;0.94575626;0.9458899;0.9460148;0.9461472;0.9462773;0.9464164;0.94653726;0.94665444;0.94679314;0.9469045;0.9469766;0.94710267;0.947222;0.94732994;0.94744974;0.94754463;0.94765735;0.947724;0.9478389;0.9479383;0.9480658;0.9481748;0.94830555;0.9484135;0.948521;0.94864124;0.94876677;0.9488801;0.94899863;0.9491253;0.94923127;0.94934684;0.9494221;0.94953114;0.94962984;0.94972533;0.94983727;0.9499389;0.95002353;0.9501383;0.95024014;0.9503374;0.950433;0.95052546;0.95062166;0.9507256;0.9508076;0.95089203;0.95098543;0.9510918;0.95117396;0.9512703;0.951361;0.951471;0.95157784;0.95166093;0.951745;0.9518185;0.95191103;0.952016;0.95210266;0.9522207;0.95231295;0.95239854;0.9525126;0.9526025;0.95269704;0.95278496;0.9528849;0.95298564;0.9530786;0.9531627;0.95325744;0.95334935;0.95343494;0.95353574;0.9536265;0.95372176;0.9538059;0.95387924;0.9539769;0.9540719;0.95415366;0.9542351;0.9543197;0.9544029;0.9544789;0.9545581;0.9546586;0.9547451;0.9548211;0.95490247;0.95497113;0.9550475;0.9551303;0.95522386;0.9552994;0.95538235;0.95546937;0.9555451;0.9556403;0.95572525;0.9558067;0.9558888;0.95596534;0.95604795;0.9561314;0.9562145;0.95628774;0.9563713;0.9564493;0.9565123;0.9565929;0.95667636;0.95674497;0.9568185;0.9568949;0.95696485;0.9570377;0.9571184;0.95718867;0.9572648;0.95733654;0.9574091;0.9574935;0.9575575;0.9576243;0.95769495;0.9577831;0.95785314;0.9579279;0.9579926;0.9580717;0.95814955;0.9582194;0.9583112;0.9583814;0.95845336;0.9585212;0.9585974;0.9586591;0.9587424;0.9588046;0.95887786;0.9589415;0.9590125;0.95907575;0.95914066;0.9592026;0.95926255;0.95934063;0.95940745;0.9594759;0.9595377;0.9596102;0.95967615;0.95973736;0.95980114;0.9598638;0.9599289;0.9599947;0.96006995;0.96011853;0.96015286;0.9602126;0.96020526;0.96026826;0.96033365;0.96039885;0.9604647;0.9605269;0.96058714;0.96066266;0.9607191;0.9607762;0.96083915;0.9609035;0.960966;0.9610275;0.96108705;0.9611423;0.9612007;0.9612614;0.96132857;0.9613831;0.96144986;0.96151143;0.96157527;0.96163076;0.9616926;0.9617574;0.9617709;0.9618306;0.9618885;0.9619438;0.9620046;0.96206355;0.9621136;0.96217936;0.9621897;0.9620153;0.9620258;0.96208346;0.9620736;0.96206015;0.9620617;0.9620912;0.9620459;0.962011;0.9620227;0.96200716;0.9619278;0.96196264;0.9620217;0.9620702;0.9620552;0.96193963;0.9619164;0.96191806;0.96187776;0.9618905;0.96188456;0.9619197;0.9618356;0.9618089;0.96186864;0.9618998;0.9619253;0.961907;0.96188956;0.961948;0.96194434;0.9619942;0.96189815;0.9618961;0.9619033;0.9619119;0.96174693;0.9616928;0.96152335;0.9614185;0.96135765;0.9610631;0.96093976;0.96087456;0.9608546;0.96067905;0.96067274;0.96069115;0.96045244;0.95997214;0.959793;0.9595587;0.9593944;0.95937526;0.95929617;0.9593125;0.9590253;0.958684;0.95851636;0.95828325;0.95778483;0.9572594;0.9569347;0.9565325;0.95635617;0.955938;0.9558451;0.95569515;0.9555292;0.9555192;0.9554992;0.9554434;0.9554881;0.9554271;0.95524174;0.95509076;0.9550512;0.95489895;0.9548495;0.9548187;0.9547585;0.9547381;0.9544875;0.9540682;0.9539967;0.9538552;0.9535987;0.9535832;0.95307684;0.9528326;0.9525185;0.952187;0.9520344;0.95154244;0.95104563;0.9506446;0.95044607;0.95020914;0.94996744;0.94995576;0.94982237;0.9498559;0.9496681;0.9496982;0.9497695;0.9498334;0.94989085;0.9499643;0.95002586;0.95008826;0.9501575;0.9502302;0.95029205;0.9503713;0.9504407;0.9505073;0.9505746;0.95063555;0.9506947;0.9507571;0.9508194;0.9508789;0.95094;0.9510027;0.9510695;0.951131;0.95118463;0.95125264;0.95131195;0.9513771;0.9514445;0.95150506;0.95157385;0.95164496;0.9517083;0.9517699;0.9518263;0.9518925;0.95195854;0.9520186;0.9520909;0.9521515;0.9522217;0.9522722;0.95232904;0.95239717;0.95245695;0.95252067;0.95259136;0.9526459;0.9527043;0.9527594;0.95282227;0.9528865;0.95294595;0.95301145;0.9530729;0.9531295;0.9531843;0.95325464;0.9533045;0.9533489;0.95341253;0.95347136;0.95351774;0.9535786;0.9536409;0.9536999;0.95372957;0.9537906;0.9538401;0.95388716;0.95394176;0.9539939;0.9540392;0.9541062;0.95416623;0.9542202;0.9542762;0.9543366;0.9543997;0.9544413;0.95447683;0.9545233;0.9545749;0.95462924;0.954685;0.95473546;0.9547821;0.9548331;0.9548883;0.9549412;0.95499617;0.95505816;0.95511496;0.9551602;0.9552174;0.95526457;0.95531094;0.95536494;0.9554153;0.9554712;0.95552915;0.95558685;0.9556438;0.9556956;0.9557557;0.95578384;0.95575947;0.9556984;0.95565146;0.95566493;0.95571285;0.95569146;0.9557524;0.9556367;0.955612;0.955651;0.9554609;0.955131;0.9549541;0.95476365;0.9546981;0.95441973;0.9542508;0.9538656;0.9536495;0.9533045;0.9528785;0.9523656;0.95215106;0.95191437;0.95151156;0.9512251;0.9508782;0.9501875;0.949799;0.9493977;0.94916826;0.94891644;0.94832575;0.947527;0.94698954;0.94614965;0.94555986;0.94480264;0.944192;0.94336814;0.94278896;0.9420003;0.94141257;0.94086486;0.94009686;0.9392139;0.9384143;0.93751395;0.9367505;0.935958;0.9353526;0.93486905;0.93428755;0.9334715;0.9327281;0.9316363;0.93102735;0.9303398;0.9293484;0.9283593;0.92744386;0.9264915;0.9255547;0.92451143;0.92350876;0.92260844;0.9216496;0.92068255;0.91980374;0.9190278;0.9179997;0.91701376;0.9159901;0.9149953;0.9141481;0.91311765;0.91219485;0.9112082;0.9103155;0.90926754;0.9082742;0.9072569;0.90616393;0.9052422;0.90411526;0.9032106;0.9022433;0.9012652;0.9002379;0.8993154;0.8984586;0.89760345;0.8965972;0.8956187;0.8947816;0.89394605;0.8928849;0.8920655;0.89110935;0.89002985;0.8889905;0.8881283;0.88726777;0.88645864;0.8852291;0.8842133;0.88326156;0.88247204;0.8816348;0.8807131;0.8798546;0.87896115;0.8779231;0.8770213;0.87609714;0.87522334;0.8743755;0.8734569;0.8725282;0.8716254;0.8706766;0.86994535;0.86902404;0.86824787;0.8672587;0.8663787;0.8655124;0.86474985;0.86393404;0.8631434;0.8624601;0.8616251;0.86090904;0.86006534;0.85911816;0.8582547;0.85726494;0.85649806;0.85560507;0.854818;0.85402083;
0.6304348;0.69005847;0.6398305;0.69325155;0.74937963;0.788501;0.8159292;0.84018266;0.85694826;0.86809045;0.87954545;0.8887723;0.89807695;0.90510297;0.9097744;0.91502756;0.919583;0.92436975;0.9280959;0.93147206;0.9349789;0.9376803;0.94065934;0.943038;0.9452888;0.9474453;0.94931954;0.9509314;0.9525066;0.95417905;0.95546395;0.9568518;0.95810705;0.95929134;0.96023566;0.9612903;0.9623431;0.96332765;0.9643329;0.96511626;0.96597356;0.9668101;0.9675481;0.9682166;0.9689744;0.96970546;0.9703378;0.970913;0.9714588;0.9720786;0.9725261;0.9719509;0.9724545;0.97295994;0.97302413;0.9730483;0.9726465;0.9731123;0.97272325;0.9725643;0.9730017;0.9735196;0.9735493;0.9739657;0.9731504;0.9719773;0.972147;0.97091806;0.9686503;0.9646558;0.9611314;0.9563028;0.9521531;0.94995624;0.94882435;0.94832;0.94728863;0.94303274;0.93947846;0.9367602;0.93355745;0.9314656;0.9314598;0.92796546;0.92380226;0.92197835;0.92045116;0.9205395;0.92018574;0.91934556;0.9186344;0.9179797;0.9156106;0.9110835;0.9074554;0.9046013;0.9028297;0.9009378;0.89761;0.89693916;0.8943734;0.8930969;0.89100474;0.89023936;0.8877689;0.8853038;0.8815869;0.8787191;0.8751184;0.87186104;0.86894387;0.8648929;0.8609778;0.85770977;0.8544432;0.8506863;0.8441056;0.8410037;0.8366616;0.8337998;0.8300919;0.8243644;0.81960493;0.8139341;0.8089679;0.8038954;0.7985977;0.79326683;0.7873937;0.7817062;0.7755444;0.76978;0.7637299;0.75835824;0.7520543;0.74571294;0.74017304;0.7347834;0.72947174;0.72403646;0.7197988;0.71580577;0.71179235;0.7067433;0.70176536;0.6971656;0.693358;0.68844575;0.6838996;0.67917854;0.67475355;0.6707857;0.66663843;0.6623748;0.6582755;0.65400916;0.64969045;0.64558727;0.6414833;0.63743114;0.633889;0.629932;0.6265722;0.62255794;0.61859477;0.61501795;0.6122512;0.60874945;0.6059394;0.6025092;0.5994824;0.5964859;0.59293836;0.58996254;0.58692896;0.5835371;0.5806119;0.577843;0.5745131;0.57122135;0.5678443;0.5650334;0.5620094;0.55929554;0.55593985;0.5529734;0.5499232;0.54671663;0.54343474;0.5405257;0.5376476;0.5346548;0.53187466;0.5294434;0.52682275;0.52471685;0.5221773;0.51931953;0.5164929;0.5138309;0.5112958;0.5086213;0.5062347;0.5035806;0.5011134;0.4989547;0.49703395;0.4946304;0.49181965;0.4891014;0.48737624;0.48485595;0.48277554;0.4805369;0.47855148;0.47664005;0.47462937;0.47240883;0.47068667;0.46850276;0.46636665;0.46422255;0.46226084;0.46047708;0.45865363;0.45673856;0.45491827;0.45259166;0.4505463;0.4484938;0.44658652;0.4447205;0.44277042;0.44068936;0.43877438;0.43687597;0.43468183;0.43298516;0.4313253;0.42952177;0.42788854;0.42599103;0.42415595;0.42204243;0.42062262;0.41890022;0.4173024;0.41534406;0.41351253;0.4118693;0.41008955;0.40862167;0.40705907;0.40544575;0.40386587;0.40233937;0.40055937;0.39911836;0.39791024;0.39634973;0.39495966;0.3932063;0.39192683;0.3902584;0.3887574;0.38709676;0.38548797;0.38398597;0.38256988;0.3810905;0.3797505;0.37847438;0.37731513;0.37601945;0.3745546;0.3732601;0.3718342;0.3704365;0.36908385;0.3677925;0.36671475;0.36525366;0.36382094;0.36249942;0.36130333;0.36024675;0.3589837;0.3576159;0.35633898;0.35497522;0.35385996;0.35290956;0.35182294;0.3506759;0.34943283;0.34821388;0.3469271;0.34572557;0.3444721;0.34324265;0.34196264;0.34091303;0.33984056;0.33887672;0.33783147;0.3368358;0.33557448;0.33437923;0.33347428;0.33230796;0.33112192;0.33015156;0.3290083;0.3279002;0.32675892;0.3256928;0.3247807;0.32374072;0.32266775;0.32153633;0.32043883;0.31950408;0.31870353;0.31771484;0.3165797;0.3155662;0.31469733;0.31352124;0.3124282;0.31158876;0.3108518;0.3098868;0.30908522;0.30829978;0.30732659;0.3063238;0.3053512;0.30460814;0.30382186;0.3029814;0.3019952;0.3010843;0.30014464;0.29930165;0.29836178;0.29730442;0.29646617;0.29566586;0.29480374;0.29389185;0.29312715;0.29233393;0.2915881;0.2908139;0.28996912;0.28912923;0.28849462;0.28765273;0.28701413;0.28625357;0.28538343;0.28481653;0.28420067;0.28346515;0.28268272;0.28194493;0.2811709;0.2803911;0.27962556;0.27873603;0.2779207;0.27704197;0.27617848;0.27532032;0.27449617;0.27391455;0.2733733;0.27260786;0.27185604;0.27122024;0.27047607;0.2699206;0.26915595;0.26843217;0.26773044;0.26705045;0.26632893;0.26553977;0.26495096;0.26432043;0.2637458;0.26310346;0.26247296;0.26188895;0.26118636;0.26053917;0.2599209;0.2592544;0.2585828;0.25812575;0.25741798;0.25676423;0.25613874;0.25549975;0.25482276;0.2541821;0.25346318;0.25286987;0.25217447;0.25157112;0.25092274;0.2503333;0.24969919;0.24909975;0.24851884;0.2478705;0.2472643;0.24661475;0.24603769;0.2455321;0.24496008;0.24437559;0.2438617;0.2432149;0.24268349;0.24219158;0.24165721;0.24106625;0.24047081;0.24000974;0.23943405;0.23891902;0.23829813;0.23782381;0.23722288;0.23668177;0.23609364;0.23553658;0.23502414;0.23449302;0.23395734;0.23349518;0.23296411;0.23239437;0.2318683;0.23135817;0.23087731;0.23027737;0.2297876;0.2292266;0.22870813;0.2281854;0.22777024;0.22721249;0.2267487;0.2262868;0.22581384;0.2252785;0.2247777;0.22424087;0.22386535;0.22336449;0.22291626;0.22241963;0.22191897;0.22143298;0.22095531;0.22041808;0.21992025;0.2194674;0.21905291;0.21860363;0.21816221;0.21760844;0.2171232;0.21666987;0.21623029;0.21576299;0.21536236;0.21482854;0.21437308;0.21390794;0.21351995;0.21307579;0.2125876;0.21213017;0.21170312;0.21126647;0.21085416;0.21039855;0.2099002;0.20945981;0.20901574;0.20858458;0.20812772;0.20765646;0.20729624;0.20687214;0.20644976;0.20596991;0.20550837;0.20506488;0.20469232;0.20425764;0.20381951;0.20345148;0.20311092;0.20274544;0.20229301;0.20189428;0.20149197;0.20111689;0.20079432;0.20039128;0.19998479;0.1996153;0.19921698;0.1989208;0.19855033;0.1982111;0.19783829;0.19743724;0.19710673;0.19678225;0.19647838;0.19601949;0.19563547;0.19528194;0.194896;0.19446361;0.19407612;0.19366638;0.19329152;0.19298418;0.19260724;0.1922599;0.19185778;0.19142483;0.19106321;0.19070296;0.19028437;0.18992706;0.18953007;0.18917558;0.18881336;0.18842103;0.18808411;0.1876948;0.18738273;0.18704951;0.18669538;0.186369;0.18603061;0.18572842;0.18534443;0.18501407;0.18468057;0.18432243;0.18399142;0.18367442;0.18335424;0.18299699;0.18261997;0.18231189;0.18192929;0.18160681;0.18129797;0.18099849;0.18067929;0.18035299;0.18001962;0.1796916;0.1794137;0.17907162;0.1786782;0.17838326;0.17808528;0.17775224;0.17745636;0.17712566;0.17681998;0.1764956;0.17620781;0.17586215;0.17559987;0.17528385;0.17502606;0.17488372;0.17460528;0.17445916;0.17438067;0.1743838;0.17435142;0.1745071;0.17459275;0.17451572;0.17436099;0.17416123;0.17389601;0.17368832;0.17340502;0.17313103;0.17291154;0.17261687;0.17233062;0.17203422;0.17172411;0.17146653;0.17118408;0.17092812;0.17067292;0.17042212;0.17017928;0.16993713;0.16969928;0.16945492;0.16916117;0.16889696;0.1686087;0.16835329;0.16812336;0.1678307;0.16759168;0.16733234;0.16702498;0.1667396;0.16646211;0.16622007;0.16599248;0.16572778;0.16548444;0.16525546;0.16499309;0.16472138;0.16440664;0.16413012;0.1638948;0.1636267;0.16338949;0.1631197;0.16287069;0.16262574;0.16240132;0.16214463;0.16188222;0.1615978;0.16134366;0.16111301;0.16084099;0.16059889;0.1603543;0.16011685;0.15991846;0.1596632;0.15945004;0.15920892;0.15896855;0.15870686;0.15845859;0.1582361;0.1580205;0.1577557;0.1575383;0.15726893;0.15700664;0.15677285;0.15651527;0.15630127;0.15604828;0.15581128;0.15559314;0.15534848;0.15512562;0.15489142;0.15463698;0.15438935;0.15415141;0.15391421;0.1536807;0.15346554;0.15326272;0.1530107;0.1527974;0.15259635;0.15238711;0.152164;0.15194152;0.15171969;0.15153007;0.15131517;0.15109801;0.15087296;0.1506429;0.15038526;0.15015951;0.1499569;0.14973523;0.14952537;0.14930776;0.14905468;0.14882182;0.148609;0.14838853;0.14813033;0.14794135;0.14773378;0.1475295;0.14732307;0.1471037;0.14690386;0.1466696;0.14647362;0.14627548;0.14609388;0.14592071;0.14571345;0.14552762;0.14531094;0.14507914;0.14485592;0.14473732;0.14450482;0.14429384;0.14404462;0.14386085;0.14367755;0.14347927;0.14326361;0.14304858;0.14287499;0.14266367;0.14244537;0.14224544;0.14204606;0.1418774;0.14166401;0.14148375;0.1412865;0.14107737;0.14090109;0.14069557;0.14054054;0.14035334;0.14015928;0.13994373;0.13978006;0.13959001;0.13943931;0.13924778;0.13907366;0.13886866;0.13865706;0.13848442;0.13827638;0.13809992;0.13790728;0.13769624;0.13749292;0.13731138;0.13713972;0.13694507;0.13679068;0.1365807;0.13639693;0.13618584;0.1360216;0.13583702;0.13564146;0.13551465;0.13537355;0.13523138;0.13504677;0.13486493;0.13469037;0.13450499;0.13430434;0.1341492;0.13396977;0.13382433;0.13365692;0.13347659;0.13331448;0.13313727;0.13295613;0.13277988;0.13261726;0.13243096;0.13224736;0.13206646;0.13192947;0.1317581;0.13158716;0.13142745;0.13125308;0.13105343;0.13087364;0.13071565;0.13055167;0.13035627;0.130208;0.13005583;0.12986402;0.12970847;0.12953863;0.1293943;0.12922734;0.12909202;0.12890512;0.12876219;0.12861753;0.128467;0.12831682;0.12817518;0.12797253;0.12781943;0.12766059;0.12752853;0.12738864;0.12725714;0.12707147;0.12686627;0.12669575;0.1265377;0.12640198;0.12623271;0.12608573;0.12594898;0.12579277;0.12562908;0.12544814;0.12533417;0.12517956;0.12501949;0.124854;0.124690875;0.1245514;0.12441223;0.12427145;0.124157906;0.12402154;0.12387589;0.12372677;0.12357039;0.12343911;0.12331569;0.123167925;0.123031825;0.122880965;0.12274551;0.122630976;0.12249232;0.12232784;0.12217498;0.12201692;0.12188892;0.121742696;0.12161711;0.12150652;0.121364884;0.12122724;0.121066146;0.120936476;0.12080891;0.12065437;0.12050203;0.12038622;0.1202544;0.120094076;0.11993956;0.11979976;0.119679935;0.119542524;0.11941788;0.11928462;0.11914634;0.118999556;0.118874274;0.118745744;0.118605204;0.1184755;0.1183618;0.118209966;0.11809156;0.11793001;0.11781563;0.1176911;0.1175427;0.11742047;0.117283046;0.117164776;0.11706042;0.11691873;0.116779074;0.116648234;0.116522774;0.116402656;0.1162929;0.11617596;0.116054885;0.115910605;0.115773365;0.11564812;0.11551483;0.11540676;0.11525911;0.11512175;0.11496989;0.11484145;0.114705086;0.114585415;0.114466004;0.11432401;0.11420676;0.11407677;0.11395355;0.11383384;0.113706306;0.11357906;0.113461725;0.11336387;0.11324859;0.11314152;0.1130012;0.11288029;0.1127644;0.11263292;0.11252228;0.11239767;0.112273335;0.11215084;0.11203801;0.11194259;0.111808345;0.111683756;0.11157807;0.111467935;0.11135183;0.11122826;0.11108956;0.11099114;0.11087296;0.110762686;0.11062972;0.11050927;0.110396676;0.11026914;0.110129796;0.110011935;0.10989734;0.109784484;0.10966136;0.10955348;0.10944282;0.109359875;0.10922734;0.10912331;0.10901505;0.10889517;0.108785875;0.10867091;0.10854738;0.108444646;0.10833187;0.108217865;0.1081041;0.10800221;0.1078889;0.107780166;0.10767888;0.10755471;0.10742075;0.10730147;0.107185334;0.10706658;0.10696664;0.1068441;0.106751665;0.106667906;0.10657295;0.10650361;0.106370844;0.106276415;0.10616951;0.106079645;0.10595493;0.105844475;0.1057454;0.105639555;0.105532534;0.105438195;0.1053385;0.10524037;0.10513002;0.105026774;0.10491139;0.104805835;0.10470596;0.10459127;0.10449181;0.104368076;
0.4177215;0.46666667;0.48945147;0.5673077;0.60106385;0.61946905;0.63377607;0.64467007;0.6530303;0.6778075;0.6809291;0.6795154;0.6850716;0.68490565;0.6972077;0.6954357;0.71050584;0.7227941;0.7355199;0.74403185;0.7460216;0.7522659;0.7592166;0.76655626;0.7729931;0.7789689;0.78416914;0.7904762;0.79640716;0.80187;0.8063958;0.8119227;0.8167347;0.8192675;0.82181674;0.825367;0.82757354;0.8322028;0.8339701;0.8371225;0.840819;0.8442227;0.8448928;0.84736353;0.85010576;0.8527934;0.8535529;0.85548645;0.8574604;0.8596682;0.86228985;0.86395806;0.8667008;0.8687988;0.8709995;0.87321556;0.8754448;0.87733644;0.8795236;0.88147813;0.8832408;0.88379204;0.88564056;0.88724035;0.8891898;0.89113975;0.8927419;0.89421356;0.89584965;0.8971981;0.8985894;0.9001502;0.9016636;0.9029905;0.9043853;0.9056403;0.9065683;0.9078309;0.9089665;0.9102715;0.9111408;0.9121387;0.9130577;0.9138377;0.91488343;0.9158908;0.9169005;0.9179242;0.9189477;0.9198617;0.92080235;0.9216407;0.92249525;0.92333144;0.92420363;0.92509836;0.9258383;0.9267052;0.9273842;0.9282445;0.92892385;0.92964625;0.93029034;0.9310657;0.9317978;0.9324376;0.9329981;0.9336404;0.93423;0.9349127;0.9354331;0.93550706;0.93606657;0.93649113;0.93690854;0.9375145;0.93800944;0.93860847;0.9390657;0.93952966;0.94008654;0.9405679;0.94099003;0.94151413;0.94197917;0.9422298;0.9424217;0.94279414;0.9432587;0.94356006;0.94385713;0.944088;0.9444388;0.94461757;0.9448434;0.94465894;0.9446248;0.9450088;0.9454034;0.94584453;0.9462581;0.9466654;0.9470765;0.9474372;0.9478366;0.9481822;0.9485045;0.9488693;0.949174;0.949475;0.94973665;0.95002663;0.9503045;0.9506919;0.9510179;0.95140266;0.95169455;0.9519993;0.95230025;0.9526134;0.9529028;0.9532353;0.9535172;0.9537136;0.9539817;0.95427275;0.9544904;0.9547569;0.955006;0.95525587;0.95555556;0.9557959;0.95604736;0.95631295;0.9565686;0.9567915;0.957058;0.95730186;0.9575365;0.9577465;0.9579481;0.9581602;0.95837945;0.9585903;0.9588291;0.9590295;0.9592456;0.9594449;0.95963067;0.9598605;0.96007645;0.960318;0.96052355;0.9606601;0.9606769;0.96087766;0.960923;0.9610993;0.9613083;0.96148115;0.96168095;0.96178347;0.96195686;0.96194464;0.9620571;0.9622617;0.96223575;0.96234035;0.96253324;0.96270245;0.9625538;0.9625631;0.9624309;0.9624455;0.9619911;0.9615457;0.96150964;0.96082205;0.96059144;0.9597365;0.9593924;0.95835114;0.95773363;0.95665056;0.95627296;0.9560367;0.9561739;0.9560407;0.9557465;0.95579296;0.9555686;0.9556503;0.95509017;0.95514864;0.95522994;0.95477533;0.95436347;0.95412374;0.9536691;0.9532494;0.9532111;0.95282334;0.95122904;0.95054734;0.94995576;0.9485541;0.94811606;0.9469573;0.9463829;0.9454565;0.9447204;0.94315493;0.9417429;0.94054973;0.9388535;0.93634343;0.9342431;0.9309748;0.92811584;0.9243536;0.921286;0.91792357;0.91473705;0.9119442;0.9080882;0.904854;0.90150553;0.89813644;0.8943425;0.890982;0.8874251;0.8842482;0.88100666;0.8777021;0.8746373;0.87167925;0.8686987;0.8659071;0.8629658;0.8599197;0.8563174;0.8532361;0.84973;0.8464541;0.84376335;0.84053314;0.83728814;0.834342;0.8321168;0.8296324;0.826932;0.8237147;0.82097685;0.81870914;0.81592953;0.81339186;0.81042653;0.8072262;0.80456024;0.8019481;0.79920906;0.7962747;0.7937868;0.7907163;0.78798354;0.7851309;0.78264314;0.78;0.77744263;0.7747332;0.7724785;0.7697035;0.76681614;0.76421297;0.7618232;0.75925374;0.7576042;0.75515926;0.7529212;0.7505064;0.74816996;0.74634886;0.7438203;0.7419893;0.7397671;0.73746634;0.73511904;0.73257536;0.7307692;0.7289421;0.7269457;0.7245763;0.72228086;0.7200292;0.7178494;0.7156251;0.7134146;0.7114454;0.70906264;0.7072579;0.7050149;0.7028416;0.70062643;0.6985623;0.6967833;0.69471467;0.6927392;0.6907481;0.6886084;0.68698573;0.6850803;0.6832117;0.6813793;0.6792453;0.6774857;0.67529905;0.67325383;0.671297;0.66962874;0.66789347;0.66621715;0.6645988;0.6627166;0.6608204;0.6591305;0.65720624;0.6552931;0.6536553;0.6516434;0.64988124;0.6485777;0.647138;0.6456813;0.64402115;0.6424623;0.640634;0.6389308;0.6373965;0.6356423;0.63380736;0.6319605;0.630236;0.62854314;0.6269699;0.6255364;0.6239781;0.62240577;0.62073296;0.6191985;0.61782175;0.6162589;0.61478895;0.61317796;0.6117016;0.610337;0.6087701;0.6071075;0.60539216;0.6039325;0.60221463;0.6008514;0.59931254;0.59766096;0.5962983;0.59512097;0.5934924;0.5917743;0.5905363;0.5891082;0.58778423;0.58640814;0.58501923;0.5835028;0.58201337;0.580721;0.5792645;0.5777966;0.576336;0.5750501;0.5737329;0.57251394;0.57104325;0.56963485;0.568524;0.56723654;0.5658108;0.56435645;0.5631056;0.56193125;0.5608856;0.5595268;0.55841994;0.5571603;0.5561671;0.5548484;0.5535359;0.55219525;0.55103177;0.5498052;0.54846567;0.54716635;0.54572237;0.5444693;0.54335475;0.54209596;0.5407279;0.5394649;0.538273;0.5372485;0.5358563;0.53476065;0.5334773;0.5325986;0.5313415;0.53023255;0.52936447;0.5280285;0.5268865;0.5258738;0.5248185;0.52375203;0.5227206;0.5215402;0.52045655;0.5192712;0.5180761;0.517097;0.5157324;0.51458335;0.5134246;0.51235956;0.51128423;0.51025736;0.5090888;0.50795466;0.50689775;0.5058452;0.5049117;0.5040816;0.5028985;0.50197583;0.500986;0.5000703;0.49905992;0.4980536;0.496968;0.49592862;0.49496242;0.49401373;0.49306864;0.4919502;0.49090457;0.49003884;0.48909545;0.4880619;0.48707274;0.48628694;0.48517257;0.48426098;0.48339224;0.48230413;0.48119488;0.48022035;0.47931433;0.47845036;0.47767928;0.47656563;0.47572425;0.4747464;0.47372207;0.4726142;0.47172415;0.47078755;0.46968096;0.46875247;0.46786457;0.4670536;0.46602553;0.46507493;0.46423724;0.46339047;0.46237844;0.46137083;0.46027228;0.45939243;0.45845684;0.4575133;0.45667917;0.45574293;0.4548105;0.45402095;0.45314172;0.4522314;0.4513591;0.45059288;0.44969276;0.44879624;0.44799355;0.44717124;0.44622874;0.44521216;0.444289;0.44339177;0.44270742;0.44209114;0.44134507;0.44049242;0.43961042;0.43891603;0.43813747;0.43746924;0.43663147;0.43575418;0.43501872;0.4341479;0.43321723;0.43252182;0.43182868;0.43097055;0.43015745;0.4293578;0.42867473;0.42777765;0.42695603;0.42617843;0.42532226;0.42457086;0.42375144;0.4231062;0.42237264;0.42156166;0.42092308;0.42016727;0.41944385;0.41872293;0.41794553;0.41720036;0.41647735;0.4157277;0.41493234;0.4142847;0.41347003;0.4127791;0.41209045;0.41134703;0.41073903;0.409991;0.40927395;0.40850312;0.4077632;0.4070912;0.4064214;0.40573528;0.40505147;0.40441594;0.40366328;0.4030412;0.40234825;0.40179378;0.40109605;0.40040073;0.39984262;0.39915165;0.39845413;0.39786583;0.3971905;0.39646447;0.39582917;0.39508176;0.3944771;0.39385685;0.39322987;0.39253554;0.39192137;0.39121446;0.39059582;0.3898595;0.38918552;0.3887092;0.38819164;0.38759097;0.3870343;0.38642043;0.38588384;0.3851985;0.3845738;0.3839594;0.38326436;0.38264593;0.3821362;0.3814559;0.38077804;0.3801432;0.37955907;0.37885565;0.37816286;0.37760085;0.37720042;0.3765376;0.37598833;0.37537727;0.3747445;0.3742241;0.3736266;0.37301537;0.37237495;0.37181443;0.37132537;0.37069073;0.37005055;0.3694433;0.36886862;0.36833385;0.36776263;0.3672538;0.36670104;0.36611977;0.36548775;0.3648729;0.36434966;0.36374608;0.36330765;0.3627519;0.3622347;0.3617043;0.36116076;0.36054572;0.3601369;0.35957623;0.35908982;0.35854685;0.35804433;0.35744715;0.3568806;0.35637593;0.35578442;0.3552516;0.3547699;0.35426125;0.35375407;0.35320628;0.3527231;0.35219243;0.35166335;0.35107347;0.35056847;0.35000983;0.34951475;0.34902108;0.34856975;0.34809235;0.34750763;0.3469722;0.34642497;0.34593996;0.3454563;0.3449339;0.34443304;0.3439403;0.3434755;0.34298548;0.34251004;0.3420491;0.34157628;0.34108514;0.34065408;0.3402046;0.33973685;0.33928332;0.3388052;0.33833486;0.3379364;0.33741087;0.336938;0.33638376;0.33592644;0.3354514;0.33506602;0.33454305;0.33412212;0.33365214;0.33320224;0.33277842;0.3323743;0.33190307;0.33143932;0.33100152;0.33055255;0.33010483;0.32958505;0.32912773;0.3286535;0.32821694;0.32776344;0.3273654;0.32700437;0.3265842;0.3261292;0.3257053;0.3252587;0.32480738;0.32432187;0.32382008;0.32339042;0.32294428;0.32249936;0.32210234;0.32168883;0.32125896;0.32088232;0.32041422;0.31997627;0.31956244;0.319081;0.31859532;0.31812817;0.3176794;0.3172715;0.3168026;0.31641382;0.31603724;0.31562233;0.31519178;0.31476796;0.3143286;0.3139293;0.31351438;0.31311157;0.31273508;0.31243855;0.31209877;0.31166148;0.31128526;0.31080136;0.31037852;0.309973;0.30956855;0.30912217;0.30874673;0.3082974;0.30793992;0.30753544;0.30714792;0.30675608;0.30632833;0.30598068;0.30554458;0.30518824;0.3048954;0.30448845;0.30415535;0.30379704;0.30341887;0.3029952;0.30266023;0.30225408;0.30187976;0.30150634;0.30116954;0.30074197;0.30032575;0.29997134;0.29963794;0.29928014;0.29896837;0.2986372;0.2982018;0.29785737;0.29749385;0.2970965;0.29677442;0.29637402;0.29605845;0.2957337;0.29530668;0.2949787;0.29462704;0.2943054;0.29390195;0.29354802;0.29323357;0.292915;0.29261154;0.29231352;0.29193944;0.29155675;0.29122272;0.29081815;0.29052377;0.29012588;0.28977153;0.2895028;0.28919226;0.28878394;0.28845623;0.28812462;0.28780305;0.28749615;0.2871204;0.28677797;0.28648248;0.28616458;0.28582904;0.28548053;0.28515118;0.28482258;0.2845175;0.28418127;0.28385943;0.28354284;0.28321797;0.28290728;0.28261077;0.28227904;0.28191683;0.28155556;0.2812263;0.28079587;0.28048608;0.28014168;0.27986413;0.2795564;0.2792493;0.27896914;0.27867645;0.2783365;0.2780321;0.27770668;0.27734748;0.27708837;0.2768082;0.27648997;0.2762196;0.27584282;0.27559298;0.2752478;0.27495444;0.2746193;0.2743315;0.27402744;0.27377033;0.2734381;0.27314857;0.2728513;0.2725171;0.27226284;0.27201322;0.2716728;0.2713125;0.2709862;0.27069774;0.27040988;0.27012673;0.2698687;0.2695336;0.26930526;0.26898375;0.26867518;0.26839972;0.26812074;0.26776582;0.2674721;0.26719907;0.26688257;0.2665748;0.26630363;0.2659932;0.2656756;0.26536667;0.2650466;0.2647982;0.26453453;0.26420864;0.26391482;0.2636217;0.26334476;0.2631011;0.2627788;0.26253852;0.26224074;0.2619205;0.2616549;0.26135147;0.26110232;0.26078868;0.26046818;0.26015228;0.25985608;0.25955302;0.25925818;0.25897908;0.25864422;0.258359;0.25808555;0.25780153;0.2575181;0.25719073;0.25685677;0.25658283;0.25635007;0.2560588;0.25575715;0.2555039;0.2552072;0.25494772;0.25467783;0.25442672;0.25420147;0.2538897;0.25365457;0.25340906;0.25314602;0.25287634;0.25264665;0.25239593;0.25212428;0.25188172;0.25158983;0.2513554;0.25110722;0.2508454;0.2505524;0.2502671;0.24998596;0.2497545;0.24954794;0.24929285;0.24900346;0.24876685;0.2485203;0.24827422;0.2480321;0.24775252;0.24750452;0.2472639;0.24697918;0.24677035;0.24648677;0.24627195;0.24595894;0.24573827;0.24547058;0.24522376;0.24494709;0.24471141;0.24448961;0.244228;0.24396695;0.24369311;0.24342321;0.24316719;0.24286532;0.24263032;0.24235947;0.24212874;0.24187873;0.24161611;0.24137042;0.24111545;0.24088055;
0.5857143;0.62142855;0.64788735;0.6111111;0.5801105;0.61136365;0.62109375;0.65;0.6681416;0.6946667;0.72409636;0.7491785;0.7668342;0.7828887;0.79760885;0.8122029;0.8218045;0.8313167;0.840081;0.8482714;0.85495716;0.8613224;0.86715245;0.8733974;0.87883437;0.88336617;0.8881548;0.89266306;0.8929987;0.89672756;0.8997525;0.90256613;0.9058869;0.9089205;0.91153985;0.9139823;0.9161491;0.91823685;0.92089844;0.9226853;0.92436975;0.92598236;0.9275492;0.92917514;0.9306111;0.9311503;0.9325843;0.9324906;0.9339647;0.93542576;0.93664813;0.93782514;0.93888485;0.9397359;0.94089943;0.9420056;0.9431484;0.9438981;0.94489574;0.9458468;0.9463301;0.9472697;0.9481345;0.9489611;0.94934446;0.9500294;0.95087653;0.95153934;0.9523097;0.95307326;0.9536785;0.95421904;0.95478725;0.95536494;0.95590526;0.95649207;0.95712847;0.9576834;0.958183;0.95864415;0.9591281;0.95958155;0.96007514;0.9604957;0.96094346;0.96140456;0.9618777;0.96231157;0.9627193;0.96313965;0.96352977;0.96389633;0.9643157;0.96473515;0.9651115;0.9654939;0.9658223;0.96614;0.966465;0.96683574;0.9671899;0.9675366;0.9678396;0.968129;0.96842885;0.9687653;0.9690872;0.9694061;0.9696645;0.9699505;0.97024506;0.97053725;0.97080374;0.9710491;0.97129023;0.97152746;0.97174203;0.9719657;0.9721677;0.9723966;0.97261596;0.9728319;0.9730444;0.9732452;0.9734596;0.9737086;0.97390234;0.9741169;0.9743125;0.9745153;0.97472996;0.9748966;0.9747973;0.97496116;0.97510135;0.9752684;0.9754449;0.9756374;0.975811;0.9759754;0.97616845;0.97633463;0.9765369;0.97669375;0.976861;0.9770135;0.977156;0.9773047;0.97746724;0.97764295;0.9777797;0.97791666;0.9780519;0.97820395;0.9783503;0.97849464;0.9786265;0.97875845;0.97887844;0.97903293;0.9791582;0.97929704;0.97944057;0.9795595;0.97968984;0.9798043;0.9799159;0.98003715;0.98014927;0.98024654;0.98033834;0.98046637;0.9805752;0.9806814;0.98079646;0.98090726;0.98102665;0.9811307;0.98122543;0.9813328;0.9814389;0.9815411;0.9816462;0.98174095;0.981831;0.98192394;0.98201215;0.9820933;0.98170394;0.98151714;0.9814119;0.98150414;0.98098654;0.9809402;0.9802239;0.97972655;0.9797692;0.97966325;0.97956634;0.9795398;0.97963434;0.979728;0.97980386;0.97985244;0.97995657;0.9800597;0.9801567;0.9802553;0.98035413;0.9804422;0.98053074;0.98063403;0.9807338;0.98081976;0.9806734;0.9807541;0.9808526;0.9809353;0.9810149;0.9811041;0.9811934;0.9812732;0.9813544;0.98144907;0.98154277;0.98162806;0.9817042;0.9817859;0.98186487;0.9819533;0.9820217;0.9821067;0.9821799;0.98225445;0.98233235;0.9824066;0.98248124;0.98253804;0.9826058;0.9826797;0.9827502;0.98281455;0.98286086;0.982928;0.9830056;0.9830752;0.98315144;0.9830544;0.9831168;0.9831743;0.9832455;0.98330474;0.98336357;0.9834297;0.9834817;0.9835511;0.9836174;0.9836799;0.98374104;0.98381567;0.9838758;0.98393637;0.9840084;0.9840616;0.9841121;0.9841677;0.9842284;0.98428553;0.98433685;0.9843955;0.9844499;0.98450774;0.9845629;0.9846257;0.98468876;0.9847571;0.9848083;0.9848699;0.9849282;0.9849768;0.9850273;0.9850802;0.9851224;0.98517185;0.9852319;0.98527116;0.9853324;0.98538715;0.9854336;0.98548824;0.98552555;0.9855769;0.9856292;0.98567986;0.985734;0.9857801;0.98582846;0.9858665;0.98591614;0.9859216;0.98587805;0.98587936;0.9859295;0.9859751;0.98584765;0.98571306;0.98571736;0.9857204;0.985724;0.98573667;0.985654;0.9856182;0.98554426;0.9855866;0.98559415;0.9855999;0.9856493;0.9854475;0.9854971;0.985496;0.98554397;0.98558986;0.98563427;0.9856715;0.9857229;0.9857597;0.9858054;0.98584455;0.9858908;0.98593116;0.98597467;0.98601454;0.9860619;0.98610127;0.98614424;0.9861811;0.98621494;0.9862599;0.9862966;0.98633945;0.9863799;0.9864191;0.9864575;0.9864973;0.9865384;0.98658586;0.98662436;0.9866717;0.9867087;0.98674357;0.9867812;0.98681027;0.986845;0.9868835;0.9869155;0.9869522;0.98698914;0.98699254;0.98702294;0.98705137;0.98707867;0.9871195;0.98715305;0.9871901;0.987233;0.98727006;0.98730284;0.98733366;0.9873697;0.98740286;0.9874327;0.98746073;0.9875013;0.9875351;0.9875735;0.98760647;0.987632;0.98766416;0.98769414;0.9877286;0.9877561;0.98779064;0.9878208;0.9878591;0.9878943;0.9879301;0.98796123;0.98799175;0.98802334;0.98804957;0.98808366;0.98811716;0.9881481;0.98817575;0.98820204;0.98822945;0.988266;0.98826206;0.98829836;0.9883267;0.98835534;0.98838156;0.9884058;0.9884341;0.98846066;0.9884842;0.98851687;0.9885468;0.98857397;0.98860145;0.9886262;0.9886559;0.98868406;0.9887106;0.9887399;0.9887662;0.98878914;0.98881245;0.98883873;0.9888635;0.9888927;0.9889152;0.9889441;0.9889718;0.9889984;0.9890222;0.9890505;0.9890808;0.9891075;0.9891338;0.9891582;0.9891806;0.98920393;0.98923105;0.9892541;0.9892771;0.98929614;0.9893212;0.9893474;0.9893722;0.9893966;0.9894214;0.9894409;0.98946404;0.9894886;0.989514;0.98953867;0.9895592;0.9895833;0.9896089;0.9896328;0.98965806;0.98968;0.98970264;0.9897291;0.9897548;0.98977685;0.98980236;0.98982394;0.9898515;0.98987085;0.98989385;0.989915;0.98993385;0.9899577;0.98997945;0.9899986;0.9900188;0.99004084;0.99006337;0.99008024;0.9900963;0.99011964;0.9901412;0.9901641;0.990185;0.9902047;0.99022514;0.99024737;0.9902684;0.99029124;0.9903116;0.9903295;0.9903497;0.99037266;0.9903927;0.9904136;0.9904319;0.99045473;0.99047464;0.9904965;0.990517;0.9905357;0.9905563;0.9905735;0.9905927;0.9906143;0.9906316;0.99065226;0.9906718;0.9906921;0.99070954;0.99072844;0.9907429;0.99076045;0.9907767;0.9907915;0.9908075;0.990825;0.99084246;0.99086267;0.99088067;0.99089885;0.99086595;0.9908827;0.99090236;0.99092156;0.9909367;0.9909537;0.9909735;0.99099076;0.9910091;0.99102575;0.99104303;0.99105895;0.99107456;0.99108833;0.99110293;0.991119;0.9911336;0.99115133;0.99116963;0.9911864;0.9912048;0.991222;0.9912405;0.9912555;0.99127465;0.99129015;0.9913056;0.9913229;0.9913422;0.9913577;0.9913735;0.9913882;0.99140024;0.9914194;0.991435;0.9914538;0.9914711;0.9914847;0.99149907;0.99151295;0.99152964;0.9915438;0.99155897;0.9915725;0.99158895;0.9916045;0.9916187;0.9916294;0.9916441;0.99165833;0.99167365;0.9916893;0.99170315;0.9917187;0.9917348;0.9917487;0.99176234;0.9917788;0.99179316;0.99180645;0.9918205;0.9918341;0.99184805;0.99184;0.9918544;0.99186975;0.99174976;0.9917624;0.99177855;0.9917935;0.99180824;0.99182147;0.99183446;0.99184865;0.9918598;0.9918728;0.9918876;0.99189895;0.9919144;0.991928;0.9919422;0.991957;0.99196887;0.99198157;0.9919925;0.9920072;0.99195594;0.99186105;0.9918745;0.99188864;0.9919015;0.9919168;0.99193007;0.9919423;0.9919546;0.9919683;0.99198174;0.9919955;0.9920103;0.9920222;0.9920335;0.99204606;0.99205875;0.99207145;0.9920832;0.9920966;0.99211085;0.99212414;0.99213874;0.9921505;0.99216485;0.992178;0.9921904;0.99220234;0.9922155;0.9922287;0.99224013;0.99225175;0.9922637;0.9922747;0.99228704;0.9923018;0.9923155;0.992326;0.9923376;0.9923102;0.9923231;0.99233425;0.9923449;0.99235815;0.99236953;0.9923825;0.992396;0.9924083;0.99241906;0.992431;0.99244285;0.992455;0.99246657;0.9924782;0.99248934;0.9925003;0.992512;0.9925236;0.9925358;0.9925492;0.99256206;0.99257267;0.9925825;0.9925929;0.99260384;0.99261624;0.9926286;0.9926384;0.9926498;0.9926612;0.99267423;0.9926851;0.99269533;0.9927046;0.9927152;0.9927257;0.9927354;0.9927449;0.99275374;0.9927633;0.99277246;0.9927811;0.9927358;0.9927077;0.99271667;0.99272895;0.9927378;0.9927471;0.99275845;0.99276894;0.99278075;0.99279195;0.9928022;0.9928131;0.99282277;0.99283373;0.9928258;0.9928347;0.9928445;0.99283546;0.9928458;0.99285513;0.9928646;0.9928746;0.992886;0.992895;0.99290437;0.9929158;0.9929267;0.9929378;0.992947;0.9929566;0.99296737;0.99297655;0.9929849;0.9929943;0.9930039;0.99301183;0.99302167;0.9930314;0.9930413;0.9930505;0.99306124;0.99307144;0.99308133;0.9930918;0.99310136;0.9931118;0.9931218;0.99313086;0.99313927;0.9931492;0.9931589;0.9931693;0.99317867;0.99318784;0.993199;0.9932085;0.993219;0.9932291;0.99323773;0.99324673;0.99325746;0.9932684;0.99327856;0.99328834;0.99329686;0.99330586;0.99331397;0.99332297;0.99333125;0.9933413;0.9933505;0.99336034;0.99336964;0.9933636;0.9933729;0.9933814;0.99338984;0.9933969;0.993406;0.9934152;0.9934241;0.99343336;0.9934419;0.99345064;0.99345845;0.99346703;0.9934764;0.9934863;0.9934957;0.9935033;0.9935117;0.99352044;0.99352854;0.99353653;0.993545;0.9935537;0.99356204;0.9935691;0.9935776;0.9935851;0.99359274;0.9936028;0.99361145;0.9936193;0.99362737;0.9936363;0.99362826;0.99363554;0.993643;0.9936519;0.9936594;0.9936661;0.9936755;0.99368423;0.9936923;0.9936671;0.993674;0.9936822;0.99368984;0.99369806;0.993707;0.993715;0.99372256;0.9937297;0.9937375;0.993745;0.9937527;0.9937602;0.9937683;0.99377507;0.99378175;0.9937917;0.9937989;0.99380654;0.9938144;0.9937895;0.99379706;0.9938043;0.9938121;0.99382025;0.9938267;0.99378616;0.9937949;0.9937399;0.99374646;0.9937229;0.99373084;0.99373806;0.9936352;0.9936105;0.9935561;0.9935636;0.9935716;0.99348575;0.9934934;0.9935007;0.99350834;0.9935161;0.99352396;0.99353224;0.99354;0.9935474;0.9935552;0.99356294;0.9935709;0.9935784;0.993586;0.9935938;0.9936026;0.9936105;0.9936182;0.9935799;0.99354196;0.9935502;0.9935573;0.9935658;0.99357283;0.9935794;0.993588;0.99359596;0.9936024;0.99361014;0.99361795;0.9936245;0.9936328;0.9936393;0.9936459;0.99365366;0.993663;0.99366915;0.9936773;0.99368405;0.99369115;0.99369866;0.99370563;0.9937132;0.99371994;0.99372846;0.9937358;0.99374324;0.9937513;0.9937586;0.9937661;0.9937732;0.9937812;0.9937879;0.99379605;0.9938024;0.99380976;0.9938165;0.99382347;0.99383074;0.99383926;0.99384636;0.99385375;0.9938609;0.99386805;0.9938761;0.993883;0.9938901;0.99389654;0.9939021;0.9939087;0.9939141;0.9939202;0.99392647;0.9939343;0.9939413;0.993948;0.9939542;0.9939605;0.9939669;0.99397445;0.99398106;0.99398726;0.9939944;0.9940009;0.99400693;0.9940132;0.9940195;0.9940263;0.9940185;0.99401027;0.9940169;0.99400985;0.9940151;0.99402124;0.99402773;0.9940352;0.99404204;0.99404836;0.99401313;0.9940191;0.9940256;0.9940319;0.99403757;0.9940443;0.9940507;0.9940575;0.9940625;0.9940687;0.99407566;0.99408257;0.99408937;0.99409735;0.99410397;0.994111;0.99411726;0.99412364;0.99413085;0.9941377;0.99414295;0.9941494;0.99415547;0.99416107;0.9941677;0.99417293;0.9941793;0.99418557;0.99419117;0.994197;0.99420303;0.99421024;0.9942161;0.9942223;0.99422854;0.9942336;0.99423975;0.994246;0.99425197;0.9942581;0.9942649;0.994271;0.9942775;0.99428403;0.9942896;0.9942952;0.99430144;0.994308;0.9943135;0.99431986;0.99432534;0.99433136;0.9943378;0.9943437;0.9943499;0.99435663;0.99436206;0.99436784;0.9943725;0.9943261;0.99433213;0.99433756;0.99434394;0.9943499;0.99435604;0.9943622;0.9943671;0.9943721;
0.48051947;0.54375;0.53846157;0.56902355;0.5949721;0.6079812;0.595092;0.6144366;0.60971785;0.61494255;0.64248705;0.6654846;0.66593647;0.6788247;0.6898855;0.7079252;0.7216667;0.73510975;0.74626863;0.7542857;0.76614547;0.77640957;0.7866831;0.7969484;0.8048505;0.8125677;0.8190377;0.8256927;0.83005893;0.83578545;0.84091955;0.84519017;0.85021645;0.85456073;0.85831285;0.8623707;0.8665638;0.8697289;0.87321365;0.87642854;0.8796103;0.8829103;0.88546836;0.8882068;0.8905756;0.89301175;0.8956889;0.8980554;0.9;0.90184397;0.9039956;0.90585035;0.9077087;0.90958977;0.9110997;0.9127144;0.91407996;0.9155067;0.91692674;0.9182806;0.91953486;0.9210406;0.92233443;0.92346823;0.92465156;0.92554337;0.9267104;0.9279016;0.92896736;0.9301574;0.9311306;0.9319835;0.93285465;0.9337926;0.9345812;0.935568;0.93657196;0.93728477;0.9381148;0.93885845;0.93970025;0.9405396;0.94133604;0.9420338;0.9427152;0.943353;0.9440853;0.9446134;0.9451751;0.94580203;0.946315;0.9468592;0.9474404;0.9480012;0.94861895;0.949252;0.9496727;0.95015126;0.95064896;0.9511644;0.95167595;0.9520842;0.95260274;0.9530784;0.9535071;0.9539281;0.9543355;0.9547772;0.9551581;0.95554984;0.95596844;0.9563957;0.9568417;0.9562098;0.95574355;0.95609874;0.9564693;0.9568801;0.9572072;0.9575494;0.9579107;0.9582273;0.95859617;0.9585705;0.9582768;0.95842695;0.95791584;0.95791453;0.9582283;0.95857346;0.95896167;0.95926005;0.95962274;0.9599243;0.9602338;0.9604977;0.9608025;0.9611145;0.9614568;0.9617316;0.96198744;0.9622847;0.9625332;0.9628764;0.9630993;0.96331954;0.9635825;0.9638245;0.96394867;0.96410495;0.9642691;0.96447074;0.9647059;0.9649251;0.9651416;0.96542096;0.96563756;0.9658697;0.96616143;0.96636003;0.96656215;0.9668021;0.9670131;0.9671963;0.96740514;0.9676004;0.9677636;0.967968;0.96814865;0.9683194;0.9685065;0.9687067;0.96889174;0.96906716;0.96924555;0.9694194;0.96958417;0.96972805;0.9698965;0.9700655;0.9702418;0.970416;0.9705905;0.97075623;0.9709047;0.97107565;0.9712446;0.971386;0.97153866;0.971696;0.97184956;0.9719851;0.97213554;0.9722844;0.97244346;0.97256947;0.9727001;0.9728295;0.97296154;0.9731149;0.97327024;0.97342926;0.9735355;0.9736662;0.9738027;0.97396255;0.9741013;0.974223;0.9743281;0.9744545;0.9745847;0.97471523;0.9748345;0.9749462;0.975086;0.9752034;0.9753308;0.9754413;0.97555697;0.97567004;0.9757698;0.9758718;0.97597146;0.9760658;0.97617716;0.9762802;0.9763896;0.97649795;0.9763238;0.9764242;0.97653234;0.97662824;0.97672194;0.97682595;0.97692215;0.9770271;0.9771163;0.97721416;0.9773138;0.97740734;0.97748584;0.97758186;0.97768474;0.97778034;0.97787005;0.9779616;0.9780635;0.9781485;0.97823775;0.97830933;0.9783997;0.9784845;0.97857106;0.9786569;0.97873735;0.97881955;0.97890687;0.97898775;0.9790725;0.9791633;0.9792445;0.9793305;0.97941905;0.97950906;0.9795908;0.9796739;0.9797459;0.97982365;0.97990495;0.9799835;0.98004717;0.98012364;0.98019046;0.9802628;0.9803327;0.9803961;0.98046994;0.9805403;0.98060817;0.9806785;0.9807483;0.98082423;0.9809014;0.98096776;0.9810309;0.98110276;0.9811695;0.9812295;0.98124367;0.9813075;0.981386;0.9814533;0.98152095;0.98157597;0.9816427;0.98170644;0.98177147;0.9818351;0.9818967;0.9819703;0.98202354;0.98208296;0.98214614;0.982195;0.98224044;0.9822969;0.98235375;0.98241657;0.98247033;0.9825214;0.9825761;0.9826389;0.9826905;0.9827434;0.9827951;0.98284733;0.9829045;0.9829553;0.98300284;0.9830567;0.98311394;0.98316646;0.9832121;0.9832647;0.98331195;0.9833639;0.9834113;0.98337644;0.98342913;0.9834815;0.98352873;0.9835777;0.9836203;0.9836687;0.9837081;0.98376274;0.9838097;0.9837395;0.9837809;0.98383135;0.98371094;0.98375475;0.9836798;0.9836783;0.9837277;0.9835742;0.98318756;0.98288614;0.9826527;0.982341;0.9823128;0.9822326;0.98209;0.9821408;0.98219955;0.9822434;0.9822926;0.98234355;0.98239356;0.98244053;0.98249334;0.98253846;0.98259604;0.9826413;0.9826929;0.98270226;0.982641;0.98235536;0.9824019;0.98233616;0.9822286;0.98227906;0.98218614;0.9822344;0.9822832;0.98233557;0.9823837;0.9824297;0.98237514;0.9824183;0.9824734;0.98237836;0.9823195;0.9823757;0.98242456;0.9824675;0.9825152;0.98255587;0.9825919;0.98263776;0.9826858;0.9827269;0.9827708;0.9828151;0.98285794;0.9829006;0.98294955;0.98298824;0.9830349;0.9830779;0.98312;0.9831625;0.9832008;0.9832475;0.9833008;0.98334414;0.9833861;0.9834279;0.98346376;0.98337555;0.9834131;0.9833546;0.98329365;0.9831666;0.9831057;0.9827753;0.9828188;0.9827918;0.9828214;0.98220474;0.9821805;0.98221856;0.98225415;0.98229074;0.9823266;0.9823715;0.9824025;0.98243904;0.9824772;0.98251796;0.9825647;0.98260283;0.9826425;0.982678;0.9827245;0.98276794;0.9828123;0.9828532;0.9828917;0.98292893;0.9829703;0.9830088;0.983045;0.9830832;0.98312277;0.98316216;0.9831946;0.98323315;0.98327357;0.983303;0.98333746;0.98337275;0.983412;0.98344654;0.9834804;0.9835156;0.9835507;0.9835822;0.9836185;0.9836477;0.9836896;0.98372346;0.9837606;0.983798;0.983829;0.9838594;0.9838916;0.9836601;0.9836955;0.9837297;0.983771;0.9838083;0.98384255;0.98387474;0.9839111;0.9839491;0.9839865;0.9840195;0.9840552;0.9840866;0.9841302;0.9841654;0.9841958;0.9842312;0.9842659;0.9843005;0.98430556;0.9843355;0.9843639;0.9843936;0.9844284;0.98445827;0.9844885;0.9845173;0.98455113;0.98458266;0.9846167;0.9846522;0.98468506;0.9847157;0.98474276;0.9847706;0.9847987;0.9848268;0.98485476;0.9848859;0.98491937;0.9849556;0.98498267;0.9850137;0.98504543;0.98507506;0.9851057;0.98513824;0.9851694;0.9851973;0.9852251;0.98525834;0.98523957;0.98526514;0.98529255;0.9853218;0.9853502;0.98537886;0.98540705;0.9854309;0.98545504;0.9854844;0.98550993;0.9855349;0.98556435;0.98559034;0.9856147;0.98564196;0.9856687;0.9856936;0.98571837;0.9857441;0.9857738;0.9857983;0.9858234;0.9858503;0.9858766;0.9859015;0.98592377;0.98594916;0.98597765;0.98600286;0.9860265;0.98605156;0.98608;0.9861045;0.98612577;0.98615044;0.98617464;0.9862002;0.98622733;0.98624825;0.9862738;0.9862987;0.9863244;0.98630476;0.9861583;0.98615855;0.98615444;0.9861798;0.9862055;0.98623115;0.98625594;0.9862787;0.986302;0.9863246;0.98635143;0.98637384;0.9863988;0.9864231;0.9864449;0.9864687;0.9864962;0.9865172;0.9865397;0.9865602;0.98658514;0.98660684;0.9866303;0.98665375;0.98667705;0.9866956;0.9867172;0.9867397;0.98676026;0.98677856;0.98680425;0.9868258;0.98684794;0.9868694;0.9868913;0.98691565;0.98693746;0.986958;0.9869773;0.9870004;0.98702437;0.98704374;0.98706514;0.9870841;0.9871039;0.98712593;0.9871427;0.9871652;0.9871888;0.98721117;0.9872326;0.98725134;0.9872741;0.9872927;0.9873147;0.98733807;0.98735994;0.9873797;0.9874014;0.98742193;0.9874427;0.98746413;0.9874817;0.9875036;0.98752266;0.98754144;0.98755515;0.98757434;0.9875935;0.98761445;0.9876378;0.987657;0.98767376;0.9876926;0.98771214;0.9877285;0.987749;0.9877641;0.9877806;0.9878012;0.9878194;0.98784035;0.98786026;0.98787934;0.9878985;0.9879177;0.9879371;0.98795104;0.9879665;0.98798364;0.9880031;0.9879966;0.98801595;0.9880337;0.98805296;0.9880724;0.9880872;0.9881065;0.988124;0.9881417;0.98815787;0.9881797;0.9881979;0.98821765;0.9882346;0.9882497;0.98826754;0.988287;0.9883047;0.9883221;0.9883392;0.98835844;0.9883764;0.98839456;0.98841214;0.9884266;0.9884437;0.9884628;0.98847854;0.98849875;0.9885125;0.9885312;0.98854744;0.98856694;0.9885826;0.9885985;0.98861945;0.9886343;0.9886462;0.9886635;0.98867756;0.98869276;0.9887093;0.9887053;0.9887018;0.9887178;0.9886538;0.9886695;0.98866606;0.98864084;0.9886013;0.9886173;0.9886319;0.98853064;0.9884484;0.9884446;0.98846275;0.98847806;0.9884157;0.9883943;0.98840904;0.98842347;0.98844033;0.988456;0.98847145;0.98848796;0.9885031;0.9885173;0.98853457;0.9885533;0.988568;0.9885851;0.9884276;0.988387;0.9882699;0.9882268;0.98822546;0.98823977;0.9882541;0.98827034;0.98828745;0.9882999;0.9883178;0.9883328;0.98834753;0.98836094;0.9883756;0.988392;0.98840654;0.9884235;0.98843884;0.988454;0.9884682;0.98848283;0.98849696;0.98851496;0.9885307;0.98854494;0.9885596;0.98857504;0.98859;0.9886045;0.9886221;0.9886382;0.98865056;0.9886662;0.98867905;0.98869395;0.9887086;0.98872447;0.98874134;0.9887536;0.9887675;0.988782;0.9887932;0.9888058;0.9888191;0.9888369;0.9888542;0.9888707;0.98888546;0.9889005;0.9889138;0.9889287;0.98894477;0.9889566;0.9889722;0.9889875;0.9890026;0.989019;0.98903304;0.9890457;0.98905843;0.98907065;0.98908204;0.9890934;0.9891065;0.9891199;0.9891327;0.9891444;0.9891581;0.9891746;0.989186;0.9891996;0.9892145;0.989228;0.9892406;0.9892544;0.9892688;0.9892799;0.9892902;0.9893009;0.9893139;0.98932624;0.9893391;0.9893377;0.9893165;0.9893303;0.9893433;0.989354;0.9893668;0.9893783;0.98939097;0.98940384;0.9894163;0.9894296;0.9894429;0.9894551;0.98946995;0.98948187;0.98949397;0.989505;0.9895188;0.98952997;0.98954123;0.98955387;0.9895674;0.98958176;0.98959327;0.98960704;0.98958683;0.9895997;0.98961216;0.98962617;0.9896403;0.98965377;0.9896654;0.9896781;0.9896907;0.9897028;0.98971474;0.989728;0.98973775;0.9897489;0.9897619;0.98977244;0.9897839;0.98979425;0.98980594;0.9898191;0.98983306;0.9898468;0.98985887;0.9898714;0.9898826;0.98989224;0.98990536;0.98991895;0.98993164;0.9899433;0.98995566;0.98996717;0.98997927;0.9899754;0.9899857;0.9899986;0.99001104;0.9900232;0.99003595;0.9900458;0.99005544;0.9900692;0.9900817;0.9900921;0.99010575;0.99011815;0.9901305;0.9901406;0.9901524;0.99016345;0.9901766;0.99018884;0.9902039;0.99021286;0.9902233;0.9902364;0.990248;0.9902585;0.9902687;0.9902807;0.9902935;0.9903063;0.99031705;0.9903286;0.9903383;0.99034816;0.990361;0.9903717;0.99038404;0.99039453;0.99040693;0.99041796;0.9904277;0.9904371;0.99044925;0.99045956;0.9904698;0.99048084;0.99048924;0.99049956;0.9905102;0.9905215;0.99053067;0.990542;0.9905539;0.9905652;0.99057674;0.99058765;0.990598;0.9906081;0.99061584;0.9906263;0.99063456;0.99064386;0.99065363;0.9906638;0.99067223;0.99068326;0.99069446;0.99070376;0.9907129;0.99072534;0.9907362;0.9907464;0.9907561;0.9907687;0.9907789;0.99078995;0.990799;0.99081004;0.9908204;0.99082863;0.9908382;0.9908483;0.99085754;0.9908683;0.99087733;0.9908869;0.9908962;0.9909051;0.9909152;0.9909252;0.99093443;0.990944;0.99095535;0.990964;0.99097246;0.990982;0.9909923;0.9909868;0.99099463;0.9908315;0.99083847;0.99082017;0.9908299;0.9908388;0.9908336;0.99084234;0.9908388;0.99085003;0.9908589;0.9908692;0.99086434;0.99087393;0.9908696;0.99087876;0.990889;0.99089766;0.990907;0.990917;0.9909282;0.9909379;0.9909484;0.9909577;0.990968;0.99097824;0.9909885;0.9909983;0.99100673;0.99101454;0.99102384;0.9910341;0.9910448;0.99105376;0.99106187;0.9910707;0.9910821;0.99109024;
0.38271606;0.5481928;0.58264464;0.5867508;0.6;0.61523044;0.6197917;0.6387195;0.66164386;0.68301886;0.7113636;0.73145247;0.7419669;0.7477396;0.7485331;0.7476415;0.75167286;0.76308346;0.76938635;0.7769181;0.78435;0.7889151;0.79686624;0.80376345;0.8098958;0.8170426;0.82435036;0.8314088;0.8375612;0.8430107;0.8482959;0.8524656;0.8565252;0.8607402;0.864564;0.8674612;0.8705263;0.8737201;0.8768309;0.87855047;0.8807631;0.8830282;0.8852558;0.88777024;0.89014167;0.89230335;0.89395195;0.89544964;0.89689904;0.8923358;0.893726;0.89338696;0.8950099;0.8955911;0.8966009;0.8981503;0.90004593;0.8999549;0.8990704;0.8996517;0.9013693;0.9007152;0.902439;0.9033836;0.9041784;0.90565664;0.90625;0.9074856;0.9085412;0.9096834;0.9106946;0.9117807;0.9124531;0.9137476;0.91488624;0.9158399;0.9168634;0.91737324;0.91811615;0.91882277;0.9194942;0.9204169;0.92049885;0.92150223;0.922563;0.9233428;0.92424244;0.9251431;0.92615116;0.9270282;0.92789483;0.9287012;0.92932373;0.92995465;0.93065;0.9313686;0.93205434;0.932824;0.93351585;0.934219;0.93479097;0.93552464;0.93621016;0.9367324;0.9372925;0.9379562;0.93851715;0.93919885;0.93977326;0.94028103;0.9403781;0.94054055;0.94109607;0.9415284;0.941216;0.940582;0.940833;0.9409965;0.94127846;0.94116384;0.94107616;0.9410956;0.94043;0.9386969;0.9389084;0.9380449;0.9376779;0.9376262;0.93678737;0.9365631;0.936533;0.9364241;0.9368993;0.93704206;0.93649423;0.93582076;0.9356841;0.9352672;0.9356931;0.9346327;0.93473893;0.9345913;0.93470234;0.9340905;0.93358785;0.93386245;0.93412757;0.9336526;0.93391;0.93361956;0.93409497;0.9338696;0.9335632;0.9335729;0.9333389;0.9332343;0.93331146;0.93309456;0.9329184;0.9331302;0.9331687;0.9335235;0.9338947;0.93421465;0.93464917;0.93475574;0.93441993;0.93461657;0.9348272;0.93505514;0.9352685;0.93524593;0.9351207;0.9350965;0.93517435;0.9352911;0.93489283;0.9343507;0.93388194;0.93376493;0.933272;0.9328873;0.9326472;0.9323214;0.9321975;0.93252;0.93289465;0.93320143;0.93355954;0.933954;0.93426883;0.9345632;0.93492854;0.9352213;0.9355709;0.93588316;0.93622565;0.9365686;0.93687946;0.93721944;0.937504;0.9378176;0.9381085;0.93837726;0.93871677;0.9389879;0.9393019;0.9396126;0.93987596;0.94019914;0.9405297;0.940828;0.94109505;0.9414123;0.94172966;0.94202644;0.9423168;0.94262105;0.94288546;0.9431178;0.94334817;0.9435995;0.9438389;0.9440667;0.9442832;0.94450116;0.9447455;0.94502777;0.9449321;0.9451437;0.9452943;0.9455298;0.9457782;0.9456534;0.9459136;0.94615674;0.94641507;0.94664234;0.94688183;0.9470742;0.94730985;0.9475434;0.9477612;0.9479799;0.948186;0.9483931;0.94863844;0.9488025;0.9490126;0.94922096;0.9494379;0.9496377;0.94981825;0.9499925;0.95017296;0.9503868;0.9505989;0.9507726;0.95095474;0.9511524;0.9513413;0.9515476;0.9517476;0.9518673;0.9520621;0.9522392;0.9523536;0.9525353;0.95269084;0.952861;0.95299387;0.95296717;0.9530409;0.9531629;0.95326585;0.95306426;0.9532201;0.95323277;0.9529725;0.9530379;0.9530809;0.953193;0.95326555;0.95336276;0.9531453;0.9529365;0.95253575;0.9524571;0.9521726;0.9520222;0.9513148;0.95091647;0.951059;0.95051914;0.9504869;0.9504468;0.9502991;0.95022935;0.949968;0.94999146;0.94989395;0.9500592;0.9501117;0.95021427;0.9503914;0.95050085;0.9506409;0.9507986;0.95098364;0.9511129;0.9512876;0.9514392;0.95152605;0.95157486;0.95135707;0.9512392;0.95114875;0.9509382;0.9508873;0.95089626;0.9508575;0.95066625;0.95074517;0.9508927;0.95096457;0.9510895;0.9511194;0.9512062;0.95121855;0.95135283;0.9515088;0.95164895;0.9517827;0.9519249;0.9520755;0.9522032;0.95233756;0.9524855;0.95261645;0.95275027;0.9528904;0.9530279;0.95316464;0.9533006;0.95343053;0.95356494;0.9537003;0.9538535;0.95396185;0.95407975;0.9541937;0.95432377;0.9544398;0.9545652;0.954685;0.9548171;0.9549501;0.9550582;0.95516413;0.9552967;0.9554364;0.9555516;0.95567095;0.9557756;0.9559092;0.95603126;0.9561465;0.956252;0.9563433;0.95646745;0.9565984;0.9567077;0.95682836;0.9569616;0.95707786;0.95718914;0.9572984;0.9573537;0.9574677;0.9575897;0.9577109;0.9578174;0.9579317;0.9580511;0.958185;0.9583029;0.9584188;0.9585094;0.95861864;0.95872194;0.95882875;0.9589403;0.9590487;0.95912594;0.95922405;0.9593296;0.95942676;0.95953125;0.95965075;0.9597528;0.9598685;0.95996433;0.96006733;0.96017617;0.9602731;0.96038324;0.9604866;0.96059316;0.9606905;0.9607984;0.96089107;0.9609966;0.9610824;0.96115935;0.96125036;0.96134925;0.96145236;0.9615396;0.9616347;0.9617247;0.9618119;0.96190333;0.96192807;0.96199936;0.9620932;0.96183777;0.9617586;0.9618478;0.9617747;0.9617821;0.9618819;0.961971;0.9620552;0.9621569;0.96226025;0.96235865;0.9624423;0.96252227;0.9626051;0.9626963;0.96279675;0.9628902;0.9629683;0.96305776;0.96312666;0.96320474;0.96328783;0.9633715;0.96345073;0.9635409;0.96361834;0.96370465;0.9637783;0.9638649;0.9639561;0.9640338;0.96412516;0.96419716;0.9642688;0.9643402;0.96440935;0.96449196;0.9645742;0.96463954;0.9647259;0.9648061;0.9648811;0.9649558;0.9649223;0.9649966;0.96500504;0.9650779;0.9651486;0.96513164;0.96521133;0.96528786;0.96535844;0.9654343;0.9655218;0.96560526;0.9656755;0.96573186;0.96579975;0.96588093;0.9659581;0.966043;0.9661088;0.96618146;0.96624583;0.9663056;0.96637124;0.9664393;0.96651834;0.9665961;0.9666787;0.9667455;0.9668077;0.9668876;0.96695524;0.96701586;0.96707463;0.9671465;0.9672139;0.96728605;0.9673496;0.9674162;0.9674686;0.9675315;0.96759003;0.9676613;0.9677259;0.96779335;0.96784216;0.96790195;0.9679711;0.9680312;0.9680982;0.968161;0.96821576;0.9682789;0.9683386;0.9684059;0.9684667;0.9685296;0.9685922;0.9686569;0.96872056;0.96879447;0.9688598;0.9689159;0.9689859;0.9690394;0.9691037;0.9691684;0.9692205;0.9692804;0.9693358;0.9693858;0.96944726;0.969502;0.9695615;0.9696208;0.9696721;0.9697289;0.96978116;0.96984106;0.96989506;0.96995586;0.97000253;0.9700539;0.97003305;0.970089;0.97014;0.9701685;0.97022593;0.97027504;0.97026354;0.9703246;0.9703739;0.9704305;0.9703988;0.97043914;0.97048855;0.9705425;0.97058624;0.9706464;0.9707024;0.9707562;0.9708117;0.9708612;0.97090405;0.97094613;0.9709939;0.9710325;0.9709561;0.9710017;0.9710522;0.9710924;0.9711439;0.97119206;0.97124195;0.9712948;0.97134745;0.9713937;0.9714423;0.9714962;0.9715352;0.97158575;0.9716355;0.97168446;0.9717278;0.9717655;0.9718159;0.97186303;0.9719022;0.97194844;0.97200173;0.97204524;0.9720934;0.9721355;0.97217625;0.972224;0.9722721;0.97231543;0.9723597;0.97240335;0.9724538;0.9725034;0.9725431;0.97259074;0.97263587;0.97268206;0.97272295;0.9727756;0.972819;0.9728606;0.9729015;0.97294396;0.97298634;0.9730313;0.9730806;0.97312135;0.9731615;0.97320044;0.97324467;0.9732866;0.97332627;0.97337335;0.97341603;0.973459;0.97350407;0.9735452;0.973583;0.97361964;0.9736615;0.9737095;0.97375107;0.9737867;0.97383064;0.9738651;0.9738916;0.97393256;0.9739729;0.9740105;0.9740532;0.9740891;0.9741299;0.9741646;0.97420317;0.9742412;0.97427905;0.97432387;0.97436196;0.974404;0.9744254;0.97446567;0.9745108;0.97454935;0.97458136;0.97458595;0.97459346;0.97463554;0.9746687;0.9747057;0.97474396;0.9747798;0.97482175;0.97486115;0.97490185;0.97494626;0.97498906;0.97502226;0.97505873;0.9750894;0.975119;0.9750608;0.97504145;0.975079;0.9751141;0.97515005;0.9751826;0.9752225;0.97525907;0.97530013;0.97533554;0.97537494;0.97541517;0.9754498;0.9754857;0.975526;0.97555935;0.9755891;0.9756232;0.9756568;0.9756885;0.97572684;0.9757584;0.97579116;0.9758229;0.97585464;0.9758907;0.97592574;0.97596157;0.9759986;0.9760289;0.97606707;0.97610545;0.9761403;0.97610784;0.9761409;0.97617424;0.9762041;0.9762415;0.9762772;0.9763165;0.9763498;0.9763784;0.9764115;0.97643995;0.97647536;0.9764893;0.9765242;0.9765564;0.9765903;0.97661746;0.97665435;0.97668505;0.9767112;0.97674257;0.9767775;0.97680944;0.97684664;0.9768788;0.97690654;0.97693413;0.9769637;0.9769944;0.9770246;0.97705394;0.9770852;0.97711515;0.9771509;0.9771846;0.9772159;0.9772459;0.9772712;0.9773034;0.9773351;0.97736365;0.9773782;0.9774085;0.97743535;0.9774682;0.9774971;0.9775241;0.9775575;0.97758996;0.97761935;0.97764903;0.9776831;0.97771716;0.97774285;0.97777516;0.9778045;0.97783995;0.9778709;0.9779006;0.97793436;0.97795886;0.9779873;0.97801673;0.978045;0.9780714;0.97810245;0.9781287;0.9781517;0.97817427;0.97820246;0.9782292;0.97825307;0.9782779;0.978302;0.97832674;0.97835314;0.97837985;0.9784062;0.97843486;0.97846246;0.9784892;0.97851807;0.97854024;0.9785658;0.978592;0.9786168;0.9786452;0.97867364;0.9786999;0.9787248;0.9787506;0.9787777;0.9788057;0.9788293;0.9788532;0.97887975;0.9789045;0.9789332;0.9789609;0.9789831;0.979005;0.97903013;0.9790532;0.9790769;0.9791045;0.9791327;0.9791559;0.9791778;0.97920346;0.9792278;0.9792521;0.97927696;0.97930175;0.9793281;0.979357;0.9793832;0.9794062;0.9794329;0.9794602;0.97948205;0.9795086;0.97953063;0.9795561;0.9795831;0.97960746;0.979629;0.9796561;0.97968155;0.9797082;0.9797335;0.9797585;0.9797874;0.97981256;0.979837;0.9798614;0.97988087;0.97990304;0.97992975;0.97995514;0.979978;0.9799994;0.9800261;0.9800495;0.98007303;0.9800972;0.98012096;0.98014325;0.9801675;0.98019314;0.98021024;0.9802346;0.9802575;0.98028326;0.9803028;0.98032784;0.98035395;0.98037916;0.9804008;0.9804187;0.9804472;0.98047125;0.98049045;0.9805113;0.9805347;0.98055744;0.98057926;0.98058647;0.9806122;0.9806336;0.9806581;0.9806794;0.98069817;0.98064506;0.98062295;0.9806145;0.980565;0.9805142;0.9804204;0.98036873;0.98032033;0.9803418;0.980352;0.98034024;0.9803596;0.98038125;0.9804017;0.98042375;0.9804455;0.98046666;0.98049164;0.9805154;0.9805381;0.9805576;0.9805821;0.9805448;0.98052526;0.98049194;0.98048437;0.9805052;0.980531;0.9805388;0.9805167;0.98052365;0.98052955;0.98054916;0.9805585;0.98057777;0.9805866;0.9806074;0.98062813;0.9806502;0.9806327;0.98065287;0.9806761;0.9806877;0.9807082;0.98073107;0.9807382;0.98070204;0.9807103;0.9806998;0.9806253;0.9805874;0.9805521;0.98055786;0.98056597;0.9805882;0.98051375;0.9804904;0.98048174;0.9804356;0.9803871;0.9803512;0.98010427;0.98009366;0.98003405;0.97988147;0.9796981;0.9795726;0.9792979;0.97919637;0.9790844;0.97899806;0.9788883;0.9787878;0.9787991;0.97880924;0.9787086;0.97870296;0.9787089;0.9787319;0.9787262;0.97873724;0.97876066;0.9787843;0.9788062;0.97882557;0.97884655;0.9788736;0.97889614;0.9789209;0.97894144;0.9789624;0.9789826;0.97900385;0.97902256;0.97904754;0.9790694;0.9790916;0.97911286;0.97912973;0.97915447;0.97917753;0.9791992;0.97922426;0.9792447;0.9792659;0.97928447;0.9793067;0.97932804;0.9793454;0.9793648;0.97938585;0.97940886;0.9794183;0.97943753;0.9793545;0.9793722;0.97939175;0.9794102;0.9794291;0.979448;
0.4262295;0.6527778;0.5809524;0.5510204;0.5173333;0.50547045;0.4943609;0.48247078;0.4894895;0.5006766;0.5147059;0.535513;0.54885656;0.5728062;0.58765656;0.5940348;0.60408485;0.62316716;0.62918997;0.6398136;0.6503497;0.66019416;0.6668615;0.6734007;0.6845782;0.6922678;0.7009486;0.7063645;0.71501863;0.7244944;0.73272884;0.74046123;0.75020176;0.7585803;0.76711816;0.7747453;0.7807297;0.7866988;0.79228187;0.79771245;0.8024258;0.80734515;0.8123105;0.81648386;0.82104653;0.8247452;0.8281033;0.83142704;0.8342704;0.8379581;0.841404;0.84458953;0.8477619;0.8506274;0.853387;0.8558118;0.8580275;0.86064833;0.86277986;0.86511225;0.8671959;0.8691332;0.87155014;0.873725;0.8756029;0.8774985;0.87954855;0.88144034;0.88311934;0.88466555;0.8860666;0.8875568;0.8889088;0.8903649;0.8918588;0.89327586;0.8945306;0.8960188;0.8974317;0.8988562;0.90004843;0.90132314;0.90267295;0.90388197;0.9050759;0.9061695;0.9072659;0.9085402;0.90959543;0.910575;0.9115841;0.9125706;0.9134508;0.9141708;0.9151241;0.91601086;0.9167899;0.91757655;0.9183377;0.9191061;0.9198809;0.92044723;0.9212167;0.922001;0.92255723;0.9232391;0.9238716;0.92468673;0.9253497;0.9259835;0.9266066;0.92731327;0.92791426;0.92854667;0.9292652;0.92978674;0.9302849;0.9307916;0.9313443;0.9320079;0.93254876;0.9330521;0.93356943;0.93406475;0.93457353;0.9350813;0.9355812;0.93611974;0.93664277;0.93715733;0.9375504;0.9379884;0.9384631;0.9389366;0.9393197;0.939786;0.9402452;0.9406861;0.94066185;0.9411376;0.94150734;0.9415875;0.9419713;0.94235545;0.94276583;0.94314474;0.9435288;0.94392776;0.94432604;0.9447139;0.94503856;0.94542134;0.94568413;0.9458763;0.94619066;0.9458174;0.946076;0.9460163;0.9461038;0.9463293;0.94651836;0.9468164;0.9471498;0.9475004;0.9477708;0.9481049;0.94841015;0.9487645;0.94905806;0.9493325;0.94957656;0.94991124;0.9501842;0.9504391;0.95071757;0.95098186;0.9512909;0.9515563;0.9518045;0.9520821;0.95236695;0.95259315;0.9526752;0.95273256;0.95296746;0.9532536;0.9534768;0.9537109;0.9539362;0.9541594;0.9544058;0.9546276;0.95488465;0.9551141;0.95533824;0.95556617;0.9558157;0.9560329;0.956242;0.9564318;0.956643;0.9568407;0.9570564;0.9572364;0.957451;0.9576661;0.95785195;0.9580712;0.9582427;0.95847374;0.9586892;0.95888686;0.95909035;0.9592969;0.9594989;0.95969635;0.95986724;0.96002936;0.96020234;0.96039784;0.96057713;0.9607572;0.9609683;0.96113324;0.96128535;0.96144766;0.9616221;0.9617905;0.96195525;0.9621252;0.9622958;0.96246696;0.9626473;0.96279204;0.9629546;0.9630865;0.9632382;0.96338457;0.9635399;0.9636839;0.96383876;0.96399623;0.9641386;0.964274;0.9644219;0.964559;0.96471226;0.96487546;0.9650297;0.9651696;0.96531206;0.96546435;0.9655809;0.965711;0.96584725;0.9659807;0.96610963;0.966248;0.9663749;0.9665094;0.9666394;0.9667769;0.9669133;0.9670402;0.96718925;0.9673288;0.9674493;0.967585;0.96771;0.96781665;0.96791625;0.96804035;0.9681681;0.96829945;0.96841747;0.9685316;0.96864045;0.96876496;0.9688855;0.96898746;0.9690902;0.96918505;0.9692836;0.96939445;0.96950877;0.9696138;0.96971804;0.96983695;0.96993554;0.97002935;0.9701185;0.97022074;0.9703182;0.97045785;0.97055775;0.9706543;0.97076994;0.9708469;0.9709455;0.97103953;0.97114193;0.97123474;0.9713144;0.9714148;0.9715096;0.97159636;0.9716973;0.9717902;0.97175455;0.9718467;0.9718491;0.9719403;0.9720381;0.9721305;0.97223276;0.9723111;0.97240514;0.9724905;0.97257304;0.9726551;0.9727299;0.9728066;0.9728794;0.9729463;0.9730273;0.9731121;0.97319865;0.97328895;0.97337973;0.9734581;0.97352856;0.9736082;0.97369576;0.97377545;0.9738463;0.97391474;0.97399414;0.9740659;0.97413015;0.9742062;0.9742848;0.974359;0.9744357;0.974508;0.9745858;0.97465235;0.97472245;0.97477573;0.9748577;0.97492474;0.9749981;0.9750635;0.9751266;0.97520536;0.9752947;0.97536135;0.9754267;0.9754926;0.975559;0.9756161;0.97568816;0.9757616;0.9758275;0.9758992;0.9759617;0.97603965;0.97610575;0.9761525;0.97620857;0.976266;0.976342;0.97639126;0.9764529;0.97652596;0.9765903;0.9766617;0.97673434;0.9767934;0.97685134;0.9769131;0.9769632;0.9770099;0.9770652;0.97705626;0.9770529;0.9770111;0.97693104;0.9768802;0.97693574;0.97700125;0.97706485;0.9771281;0.9771902;0.9772512;0.9773111;0.9773737;0.977433;0.977492;0.9775521;0.977606;0.97766554;0.9777218;0.9777756;0.977824;0.97788674;0.9779477;0.97799826;0.978055;0.9781029;0.9781584;0.97821295;0.97826296;0.9783177;0.9783728;0.97843456;0.9784788;0.978529;0.97857755;0.9786355;0.9786788;0.9787187;0.9787631;0.9788093;0.97885996;0.9789064;0.97894406;0.9789895;0.97903407;0.9790739;0.97911745;0.97916085;0.9792092;0.9792471;0.9792995;0.9793466;0.97938716;0.97943383;0.9794784;0.9795297;0.97957695;0.9796222;0.97966963;0.97971874;0.9797657;0.9798101;0.9798525;0.9798995;0.97994506;0.9799923;0.9800339;0.9800765;0.98011893;0.98015594;0.98019683;0.9802446;0.98029095;0.9803371;0.98037785;0.9804202;0.9804566;0.980494;0.980537;0.98058534;0.9806195;0.98066634;0.9807013;0.9807268;0.98076594;0.98081154;0.98085636;0.9808928;0.9809367;0.980982;0.98101854;0.9810608;0.9811034;0.98114055;0.9811786;0.9812212;0.9810942;0.98104596;0.98097223;0.9808156;0.98077136;0.98075384;0.9807719;0.98059535;0.9806326;0.9806681;0.98068625;0.9807257;0.9807059;0.980693;0.9806838;0.98058885;0.9806307;0.9805637;0.98041904;0.9802402;0.9800412;0.9800016;0.9797245;0.97968304;0.97967035;0.97968644;0.9796722;0.9795256;0.9794129;0.9791875;0.97904044;0.9789774;0.9788624;0.9787772;0.9786608;0.97857755;0.97841746;0.97817487;0.9779275;0.97763693;0.9774148;0.97730076;0.97723603;0.9772471;0.97726923;0.9773162;0.977308;0.9772681;0.9773096;0.9773532;0.9774001;0.9774434;0.9774871;0.97753286;0.9775717;0.97760594;0.9776485;0.97768027;0.97772247;0.9777678;0.97780585;0.9778509;0.97789794;0.97793937;0.97797084;0.9780131;0.9780589;0.97809863;0.9781446;0.97818667;0.9782212;0.9782577;0.978292;0.9783361;0.97837645;0.9784202;0.97846746;0.97850573;0.9785469;0.9785793;0.97862536;0.9786676;0.97870415;0.9787451;0.97878695;0.9788226;0.9788566;0.978892;0.97892827;0.9789733;0.9790172;0.979056;0.9790903;0.97912633;0.9791662;0.9791991;0.9792353;0.9792728;0.97930443;0.9793412;0.979375;0.97940874;0.979447;0.97947955;0.9795194;0.97955686;0.97958857;0.97962433;0.97966325;0.9796914;0.97972775;0.97977036;0.97980505;0.97983915;0.97987;0.97990346;0.97993636;0.97997004;0.97996604;0.9799826;0.98002225;0.97994804;0.97991663;0.9799473;0.9799854;0.9799762;0.98001057;0.98000526;0.980014;0.9800473;0.9800809;0.98008513;0.98011166;0.98014325;0.98017824;0.98021436;0.98024905;0.9802866;0.98031855;0.9800293;0.97997594;0.980012;0.9800407;0.9800766;0.9801094;0.9801399;0.98017675;0.98021126;0.9802407;0.98028004;0.98030794;0.9803396;0.98036736;0.9803988;0.9804276;0.9804592;0.98048955;0.9805185;0.98054415;0.98057747;0.9806078;0.98053527;0.9805664;0.9805503;0.98058254;0.9806134;0.9806212;0.9805901;0.98053014;0.9804518;0.9804783;0.9805079;0.98052984;0.9805617;0.9805962;0.9806282;0.9806503;0.9806805;0.98070955;0.9807404;0.98077;0.98080146;0.98083395;0.9808586;0.9808879;0.9809128;0.9809446;0.98097086;0.9810017;0.98102856;0.9810599;0.98108745;0.98111933;0.9811444;0.9811743;0.98120886;0.98123443;0.9812629;0.9812939;0.98131335;0.9813372;0.98136646;0.9813945;0.981424;0.9814522;0.9814786;0.9815067;0.9815365;0.9815601;0.9815847;0.9816108;0.981637;0.9816682;0.9816904;0.9817263;0.98175293;0.9817823;0.9818053;0.98183;0.9818577;0.9818861;0.98191017;0.9819339;0.98195684;0.9819842;0.9820084;0.9820329;0.9820583;0.98208463;0.98211265;0.9821388;0.98216563;0.982194;0.9822173;0.9822439;0.982272;0.98227817;0.98230517;0.9823275;0.98235536;0.9823467;0.9823712;0.982392;0.9824131;0.9824397;0.98246485;0.9824874;0.9825121;0.98253614;0.9825626;0.9825827;0.9826074;0.98263055;0.98265517;0.98268163;0.9827064;0.982733;0.9827552;0.98278224;0.9828015;0.9828272;0.9828497;0.98287344;0.982898;0.9829219;0.9829439;0.98297036;0.98299223;0.982944;0.9829677;0.9829897;0.98301387;0.98303616;0.98305774;0.9830832;0.98310584;0.98312783;0.9831537;0.9831782;0.9832042;0.98322654;0.98324764;0.98326874;0.98328596;0.98330605;0.98332435;0.9833443;0.983366;0.98338825;0.98341066;0.9834322;0.98345363;0.98346066;0.9834832;0.98350304;0.9835209;0.98354185;0.9835619;0.98358357;0.98360544;0.9836264;0.98364985;0.98367184;0.98365676;0.9836795;0.983703;0.98372316;0.98374766;0.9837677;0.98379123;0.98381364;0.98383164;0.98385525;0.98387396;0.98389125;0.9839091;0.98387665;0.983896;0.98391646;0.98393816;0.9839571;0.9839763;0.98399657;0.9840178;0.9840382;0.98406005;0.984079;0.98410314;0.9841259;0.98414606;0.9841653;0.9841858;0.9842037;0.98422104;0.9842445;0.98426586;0.98428535;0.98430175;0.98432267;0.9843405;0.98436385;0.98438334;0.9844008;0.9844207;0.9844416;0.98445964;0.98447764;0.9844961;0.9845178;0.9845387;0.98456067;0.98457944;0.9846009;0.9846198;0.98463917;0.9846563;0.98467577;0.9846933;0.9847125;0.9847297;0.98474705;0.9847642;0.9847834;0.9848021;0.98482054;0.98483896;0.98482823;0.98484826;0.9848665;0.98488545;0.98490226;0.9849166;0.9849352;0.98495233;0.98496944;0.9849865;0.98500323;0.9850219;0.98503923;0.9850543;0.9850721;0.98508525;0.9851025;0.98511857;0.98513913;0.9851581;0.98517585;0.98518926;0.98520744;0.98522574;0.9852424;0.98525774;0.9852751;0.9852903;0.98530644;0.9853227;0.98533833;0.98535544;0.98537076;0.9853858;0.9854034;0.98542196;0.98544127;0.98545575;0.9854702;0.9854872;0.9855025;0.9855194;0.98553544;0.9855519;0.98557323;0.9855911;0.98560745;0.98562306;0.98563826;0.98565423;0.98567086;0.98568594;0.9857016;0.9857166;0.9857337;0.98575115;0.9857692;0.9857862;0.9858037;0.9858189;0.98583555;0.9858528;0.9858681;0.98588485;0.98590046;0.98591405;0.985929;0.9859428;0.98596215;0.9859625;0.98597556;0.98599243;0.98600596;0.9860226;0.98604196;0.98605764;0.9860713;0.98608774;0.9861027;0.9861181;0.9861346;0.9861505;0.986164;0.98606384;0.9860768;0.9860913;0.9861066;0.98612255;0.98613834;0.9861543;0.9861661;0.98618156;0.9861968;0.98621106;0.9862255;0.9862432;0.9862554;0.98626703;0.98628193;0.986296;0.98631173;0.98632675;0.9863405;0.9863556;0.98637015;0.98638517;0.98639923;0.98641455;0.9864291;0.98644286;0.98645645;0.9864715;0.98648703;0.9864998;0.986514;0.98652834;0.9865445;0.986558;0.98657244;0.98658615;0.9865996;0.9866147;0.98662955;0.9866435;0.98665917;0.98667467;0.98668796;0.9866992;0.9867137;0.9867291;0.9867428;0.9867563;0.98677266;0.98678756;0.9868008;0.9868159;0.98682684;0.9868401;0.9868515;0.98686606;0.9868791;0.9868934;0.9869084;0.98691976;0.9869317;0.98694795;0.9869598;0.9869724;0.9869844;0.9869962;0.98701316;0.9870251;0.98703766;0.9870508;0.9870633;
0.5897436;0.6375839;0.64806867;0.63486844;0.6086956;0.6329897;0.6368613;0.64;0.67285717;0.69340235;0.7025761;0.7112069;0.73061633;0.7416667;0.75499564;0.7694805;0.77931035;0.78755367;0.7961827;0.8049096;0.81361127;0.8210094;0.82535213;0.829083;0.8330717;0.8372093;0.8429472;0.8483856;0.85282165;0.8578282;0.8622147;0.86672115;0.87032616;0.87379014;0.8777653;0.8811953;0.8825408;0.88472223;0.88772404;0.89049655;0.89318836;0.8946546;0.89489764;0.8960381;0.89565724;0.8960297;0.89770824;0.8983004;0.8990062;0.90115666;0.90149564;0.90336454;0.90525794;0.907056;0.9087008;0.91040933;0.91197425;0.91307294;0.9143745;0.91559154;0.91698927;0.91834146;0.91968375;0.92091787;0.92200446;0.9225085;0.92350155;0.92454296;0.92539895;0.9266679;0.9275579;0.9284661;0.92933893;0.93022835;0.93116903;0.93194175;0.9328952;0.9336298;0.93461406;0.9343552;0.935144;0.93558884;0.9363242;0.9363564;0.93644804;0.9371304;0.9378366;0.9385925;0.93925726;0.9399614;0.94055325;0.941262;0.94190395;0.9425973;0.9432345;0.9438733;0.9444062;0.9450415;0.9456185;0.94618356;0.9467159;0.947155;0.94764805;0.9481187;0.94862664;0.949112;0.9496008;0.9500247;0.9505084;0.95089936;0.9512783;0.9516804;0.95215535;0.9525097;0.95295215;0.95334333;0.95376515;0.9541534;0.95451474;0.95487547;0.95521563;0.9556044;0.9559817;0.95632905;0.9566198;0.957003;0.957357;0.957683;0.95793855;0.9582774;0.95860654;0.9589097;0.9591878;0.9594744;0.95979697;0.9600633;0.9603494;0.9606583;0.96095484;0.9612544;0.9614761;0.9617569;0.96201223;0.9622712;0.96251625;0.9627581;0.9630409;0.9632994;0.96351814;0.9637895;0.9640825;0.96432984;0.9645707;0.9647869;0.9650095;0.9652204;0.9654376;0.9656346;0.96587837;0.9661159;0.96633613;0.9665369;0.96674347;0.96697456;0.9671998;0.967372;0.96758926;0.9677959;0.9679797;0.96815133;0.9683609;0.9685064;0.96865547;0.96883196;0.96900654;0.96920496;0.969387;0.9695462;0.969722;0.969853;0.9700319;0.9701999;0.9703682;0.970526;0.97067153;0.97083455;0.97099996;0.9711614;0.9713048;0.971481;0.9716093;0.9717502;0.9718878;0.9720512;0.97220314;0.97233254;0.9724777;0.9726065;0.9727119;0.97284764;0.9730019;0.97313297;0.9732751;0.97341233;0.9735169;0.97362924;0.9737509;0.9738765;0.9739842;0.9740926;0.974215;0.9743606;0.9744869;0.97460556;0.97471046;0.9748271;0.9749504;0.9750756;0.97519034;0.97529805;0.97540635;0.9755196;0.9756274;0.9757576;0.9758892;0.9759895;0.97609043;0.9762073;0.97609;0.97621685;0.97633547;0.9764203;0.9765531;0.9766524;0.9767508;0.9768616;0.97645134;0.97654533;0.9763078;0.9759063;0.9757872;0.9756812;0.975501;0.97510827;0.9749877;0.9740006;0.973553;0.97342837;0.9724568;0.97154796;0.9699573;0.96997875;0.9685481;0.96745265;0.96695906;0.9656039;0.9643453;0.96258575;0.9615564;0.9600495;0.9572895;0.9552338;0.9529952;0.9507289;0.9481545;0.94569224;0.9431732;0.9394531;0.93603116;0.932634;0.9295377;0.9267365;0.9235882;0.92028064;0.91731054;0.91413677;0.9107195;0.90706444;0.9033516;0.90018713;0.89678746;0.8934559;0.89044476;0.887244;0.88406616;0.88082826;0.8777783;0.8745862;0.87113404;0.86794984;0.86494833;0.86188835;0.8588892;0.85598904;0.852992;0.8501065;0.8475334;0.84493786;0.8426608;0.8395686;0.837283;0.8343785;0.8312362;0.82808083;0.82549393;0.8231036;0.8206553;0.8183999;0.81601495;0.81336164;0.8108657;0.8083502;0.8056426;0.80305624;0.80055475;0.7982385;0.7958006;0.79341114;0.7912028;0.78867495;0.78688866;0.78402776;0.7816432;0.7793378;0.7770461;0.7745118;0.77224827;0.7699348;0.7672897;0.7650993;0.7625803;0.76050913;0.7582347;0.7560956;0.75384736;0.7514921;0.7491814;0.7470038;0.7449275;0.7425982;0.74075097;0.7388257;0.7368814;0.7349761;0.7325368;0.73028415;0.7282432;0.72607297;0.72391576;0.7220212;0.7199708;0.7178771;0.71595937;0.71399754;0.7116953;0.70975673;0.707802;0.7055925;0.7034232;0.7010575;0.6990722;0.6970981;0.6953669;0.6933368;0.69147134;0.6899456;0.6880478;0.6861354;0.6845331;0.682516;0.68060946;0.6787381;0.6771213;0.6756932;0.67401844;0.6724719;0.67023784;0.6687333;0.6670932;0.66531956;0.6636492;0.6619639;0.6601477;0.658457;0.6569588;0.65519285;0.65341365;0.6518251;0.65013164;0.64849174;0.64681554;0.6452811;0.64359933;0.6419702;0.6401528;0.63871497;0.6370672;0.63553554;0.63390416;0.6320256;0.63077235;0.6293974;0.62777627;0.6262889;0.6246422;0.62310755;0.621457;0.6202247;0.6188749;0.61746997;0.6159703;0.6146591;0.61323315;0.6115945;0.61028194;0.6088169;0.6074376;0.6060058;0.6047171;0.6031236;0.60178924;0.6004031;0.598966;0.5975167;0.5960366;0.59460145;0.5932482;0.59206915;0.5907088;0.5893547;0.58776736;0.58644503;0.5850921;0.5836002;0.5822243;0.58098066;0.57954544;0.5784915;0.57710403;0.5757055;0.5741556;0.5729287;0.57165486;0.57043856;0.5692536;0.56796175;0.5667784;0.5656;0.5644264;0.5630887;0.5618247;0.5607002;0.5593468;0.5582488;0.55707246;0.555934;0.5549478;0.55370367;0.5526277;0.5514101;0.5502785;0.5490391;0.5476774;0.5464974;0.5453225;0.5440422;0.54306626;0.5418904;0.54087543;0.5395849;0.5384549;0.5371913;0.5361172;0.53513896;0.5340427;0.5328148;0.5317732;0.5306157;0.5296724;0.52859837;0.5274991;0.52659637;0.5255789;0.52444816;0.5235558;0.5224774;0.5214468;0.5202328;0.5192398;0.5182935;0.51742196;0.5163686;0.5153196;0.5143593;0.5134307;0.51233757;0.5114023;0.5102069;0.5093346;0.50832766;0.50750303;0.506558;0.5054667;0.5046377;0.5036357;0.5025166;0.5013756;0.5006268;0.49972045;0.49883065;0.49778557;0.49678427;0.4959442;0.49493724;0.49401236;0.4931946;0.49228913;0.4913484;0.4905409;0.48977304;0.48870203;0.48788917;0.48721808;0.48638496;0.4854291;0.48437703;0.48340416;0.4824972;0.4815689;0.48073032;0.4797475;0.47880533;0.47811028;0.47740507;0.47649628;0.47569937;0.4748691;0.47414947;0.4732888;0.47235993;0.4715057;0.47053662;0.46959502;0.46863377;0.46760654;0.466665;0.46583128;0.4650005;0.46402353;0.46339357;0.46262845;0.46192268;0.4611511;0.46025792;0.45926705;0.4586051;0.45783338;0.45703086;0.45605382;0.45511407;0.45429906;0.45328987;0.4524814;0.4517301;0.45099217;0.45018104;0.44951272;0.44872838;0.4478292;0.44710395;0.4462749;0.44547006;0.44462603;0.4438691;0.44302064;0.44224834;0.44136456;0.44060835;0.4397929;0.4391037;0.43828356;0.4374665;0.43666264;0.43601355;0.43530583;0.43449983;0.43365672;0.43300587;0.4322184;0.43155283;0.43087938;0.43020806;0.42970592;0.42901862;0.4283824;0.4275435;0.42675638;0.4259818;0.42530635;0.4246907;0.42381835;0.42318788;0.42246422;0.42177147;0.4210243;0.4202798;0.41958478;0.4188921;0.41823894;0.41760638;0.41684613;0.416227;0.4156373;0.41493922;0.41426176;0.41355917;0.4130406;0.41234216;0.41167313;0.41106027;0.41032365;0.40973267;0.4090721;0.40839586;0.40773073;0.4069266;0.40636295;0.40572193;0.40510044;0.40445468;0.40378496;0.40321264;0.40263334;0.40194377;0.40124804;0.40054613;0.3999148;0.39931095;0.39870045;0.3980496;0.3975146;0.39685088;0.3962061;0.39557177;0.39498928;0.39438364;0.3937551;0.39319444;0.392463;0.3917997;0.39115492;0.39056098;0.38996884;0.38930586;0.38875777;0.38807482;0.38753018;0.3869153;0.38631034;0.3857944;0.3852878;0.38465637;0.38400343;0.383478;0.382954;0.38240805;0.3817938;0.38117376;0.380656;0.38019356;0.379502;0.3790194;0.3784846;0.37793612;0.37738162;0.37679094;0.37617952;0.3756602;0.37513486;0.37461844;0.3741258;0.37351555;0.3729369;0.37234527;0.37171873;0.3710943;0.3705158;0.37000474;0.36949506;0.3689723;0.36845824;0.36789513;0.3673769;0.3668529;0.3662947;0.3657382;0.3651834;0.3647436;0.364213;0.363698;0.36315638;0.3626724;0.3621757;0.361569;0.3610892;0.360583;0.3601473;0.35965753;0.3591828;0.35865456;0.35817564;0.35774574;0.35724205;0.3567127;0.35621193;0.3556991;0.35516086;0.35462427;0.35416943;0.35371575;0.35320342;0.35273895;0.35224926;0.35174778;0.35127398;0.35078183;0.35020608;0.34972993;0.34924856;0.34870377;0.34817356;0.34764495;0.3471565;0.34672058;0.3462347;0.34587753;0.34531143;0.34494352;0.34450683;0.343983;0.34359902;0.34312186;0.34262723;0.34220263;0.34172308;0.34122008;0.34080514;0.34032333;0.33989826;0.339327;0.3388922;0.3384707;0.33809283;0.33771583;0.3372003;0.33675885;0.33634865;0.33578327;0.3352796;0.33491483;0.33449718;0.33401522;0.3335939;0.33315;0.33272496;0.33229512;0.3319309;0.33152068;0.33112898;0.3306858;0.33023795;0.32987246;0.32942104;0.32896513;0.32859668;0.32814875;0.32767347;0.3272965;0.3269147;0.32652813;0.3261651;0.32574075;0.32537386;0.32496843;0.32459766;0.32417175;0.3237693;0.32332328;0.3229063;0.32247925;0.322081;0.32166168;0.32113355;0.32062358;0.3201753;0.31984806;0.31946713;0.31904373;0.31863227;0.31826502;0.31785557;0.3174257;0.3170184;0.31663886;0.3162016;0.31581336;0.31535724;0.31494993;0.31448048;0.31415427;0.31378153;0.31342536;0.31299174;0.31258637;0.31220695;0.31178188;0.3113838;0.311064;0.3106934;0.31034425;0.30989355;0.30947477;0.30903167;0.30870146;0.3084034;0.3080847;0.30773643;0.30736378;0.30698702;0.3066512;0.3062113;0.3058423;0.30551398;0.30515167;0.3048248;0.30445424;0.3041092;0.30373055;0.30335772;0.30298093;0.3026051;0.3021864;0.30179313;0.30144438;0.30110613;0.3007686;0.30047512;0.30000478;0.29961717;0.29927343;0.29890674;0.29854566;0.29810974;0.29780725;0.29745352;0.29708654;0.2967533;0.29638806;0.29598638;0.29562303;0.29527912;0.29488045;0.29447824;0.2941508;0.2938407;0.29355147;0.29318956;0.29285592;0.29252306;0.2921773;0.29182783;0.2914385;0.29114494;0.29079792;0.29048318;0.2901288;0.28978422;0.28944045;0.28905746;0.2887154;0.288383;0.28809115;0.2877117;0.28738165;0.28699532;0.2867325;0.2864875;0.28610364;0.28578597;0.28549507;0.2851831;0.28485456;0.28452244;0.28416103;0.2838391;0.28350508;0.2831505;0.2828692;0.2825162;0.28215986;0.28181708;0.28149202;0.28119296;0.28085253;0.28054225;0.28025773;0.2799404;0.27958637;0.27929547;0.27903005;0.27873617;0.2783563;0.2780063;0.27771455;0.27744803;0.27707165;0.27675337;0.27641547;0.27609462;0.27577856;0.27544707;0.27516878;0.27488297;0.27462986;0.2743532;0.27401316;0.27372578;0.2734509;0.2731647;0.2728989;0.27259406;0.2722702;0.27197072;0.27166796;0.2714168;0.27113092;0.27084956;0.2704558;0.270137;0.26981893;0.2695944;0.26930848;0.26901162;0.2686693;0.26838917;0.26809815;0.26783448;0.26753324;0.26728588;0.26698968;0.2666941;0.26639163;0.26613885;0.26582262;0.26558214;0.2653609;0.2650876;0.2647664;0.26451668;0.26425627;0.26395562;0.2636741;0.26337847;0.26307243;0.26277444;0.26249912;0.2622427;0.2619685;0.2616475;0.26141816;0.2611566;0.26091725;0.2606603;0.26032445;0.26007223;0.2597846;0.2595693;0.25928634;0.25900045;0.25870448;0.2584305;0.2581323;0.25784895;0.25754502;0.25727704;0.256992;0.25672868;0.2564799;0.2562281;0.2559524;0.25574908;0.25546056;0.25520042;0.254965;0.25472656;0.2544748;0.25416166;0.25392473;0.25365058;0.25340092;
0.53731346;0.5467626;0.5671642;0.57194245;0.57670456;0.6105769;0.6320939;0.66323024;0.67469877;0.69726026;0.709434;0.722807;0.74388945;0.75683594;0.76289594;0.76805437;0.7804296;0.79300076;0.8011364;0.8056872;0.8128655;0.8152511;0.8219833;0.8300057;0.8375136;0.8429926;0.84934276;0.8550584;0.8596326;0.86558414;0.8694128;0.8730835;0.8769104;0.88089526;0.8844513;0.8874197;0.8898336;0.8933047;0.8957313;0.8985705;0.9009308;0.9029948;0.9054868;0.907194;0.9093674;0.91138864;0.9129419;0.91509974;0.9172222;0.91910964;0.92032087;0.921682;0.9230769;0.9243271;0.9256672;0.92577165;0.9261939;0.92748815;0.92758703;0.9288011;0.9298325;0.9307417;0.9317331;0.9308476;0.9302972;0.9313106;0.9317945;0.9325128;0.93353534;0.93442297;0.93546486;0.936265;0.9371057;0.93806475;0.9387907;0.93958867;0.9402904;0.94123954;0.94208765;0.9428025;0.9436161;0.9442845;0.9449649;0.9455929;0.9462243;0.9468412;0.94754463;0.9482053;0.94871396;0.94934565;0.9498781;0.9502946;0.95089555;0.9513889;0.9518443;0.95232576;0.9528991;0.953373;0.9538246;0.9543182;0.9548387;0.9552685;0.9557141;0.9562034;0.9566249;0.95698786;0.9573392;0.9577935;0.9582381;0.9587306;0.95916593;0.95952266;0.95965385;0.96004826;0.9603593;0.96064675;0.9610038;0.9613092;0.96163654;0.9613749;0.9616963;0.96199095;0.9622896;0.9626667;0.9629956;0.96330273;0.96361667;0.96385545;0.9637179;0.96365756;0.96343386;0.96369326;0.96363825;0.9639075;0.9641983;0.9642604;0.9645333;0.9644316;0.96467793;0.9649175;0.9651276;0.96528715;0.9654907;0.9657312;0.9659716;0.9661736;0.9664015;0.9666233;0.9668422;0.967037;0.96726245;0.96748775;0.96768093;0.96791494;0.96812856;0.9683058;0.9685391;0.9687309;0.96891236;0.9691315;0.969311;0.9695013;0.96970206;0.9698927;0.9701157;0.9702667;0.9704405;0.9706436;0.9708011;0.9709711;0.9710997;0.97126853;0.9714172;0.9715959;0.9717789;0.97193336;0.9721057;0.97227156;0.97240585;0.9725493;0.9727079;0.9728462;0.97297704;0.97309655;0.9732449;0.9733897;0.9735192;0.9736591;0.9738281;0.97393453;0.9740701;0.97419864;0.974337;0.9744974;0.97463614;0.9747308;0.97485113;0.97496337;0.97506946;0.9751832;0.9753366;0.97545636;0.9755832;0.9756857;0.97580534;0.97592056;0.9760427;0.9761778;0.976277;0.97639865;0.9765022;0.9766124;0.97672004;0.97683126;0.97693545;0.9770387;0.97714686;0.9772439;0.9773459;0.9774398;0.97754705;0.97764635;0.9777557;0.9778532;0.9779457;0.9780401;0.9781524;0.9782411;0.97835004;0.9784475;0.9785518;0.97862715;0.9787335;0.97881883;0.97890097;0.9789751;0.97907925;0.979157;0.9792402;0.9793179;0.9794104;0.97950095;0.97957677;0.9796704;0.9797461;0.9798224;0.97991157;0.97999555;0.9800832;0.9801745;0.98025954;0.9803395;0.9804242;0.9805103;0.98059565;0.98067397;0.9807424;0.9808288;0.98089814;0.98096806;0.9810404;0.9811063;0.98117757;0.9812542;0.9813225;0.98138934;0.98146427;0.98153675;0.98160106;0.98167247;0.9817396;0.98182553;0.98189336;0.9819489;0.9820113;0.98208314;0.98214906;0.9822066;0.982269;0.982344;0.982408;0.9824681;0.9825287;0.9825804;0.9826327;0.98269546;0.982757;0.98281556;0.982886;0.98294455;0.9830051;0.9830684;0.9831337;0.9831866;0.98323995;0.983293;0.9833426;0.9834126;0.98346615;0.9835223;0.9835773;0.9836618;0.9837122;0.9837711;0.9838201;0.9838775;0.98393667;0.9839861;0.9840352;0.9840819;0.9841305;0.9841885;0.9842378;0.9841534;0.984208;0.9842602;0.9843093;0.9843493;0.9844013;0.9844495;0.98450476;0.984555;0.98461014;0.9846558;0.9847083;0.98474956;0.98479694;0.98483515;0.9848725;0.98491603;0.98496866;0.9850079;0.9850555;0.98510045;0.98514813;0.9851858;0.9852365;0.985272;0.98531026;0.98535246;0.9853938;0.98543614;0.98547524;0.9855136;0.9855593;0.9855995;0.9856338;0.98567927;0.9857199;0.9857553;0.98580116;0.9858372;0.9858803;0.98592204;0.98596245;0.98599505;0.9860356;0.9860732;0.9861154;0.98615575;0.98618424;0.98622215;0.9862603;0.98629564;0.98633754;0.98636997;0.9864124;0.9864511;0.9864855;0.98652273;0.98655474;0.98659307;0.9866253;0.98665977;0.9866946;0.98673266;0.98677045;0.98680276;0.9868364;0.986866;0.9869007;0.98683214;0.9866859;0.986648;0.98657936;0.9865453;0.9865769;0.9866056;0.98663974;0.9866756;0.9867071;0.98673844;0.9867668;0.98679835;0.986837;0.98686594;0.986902;0.9869329;0.9869604;0.9869973;0.9870269;0.98705804;0.98705703;0.9870853;0.9871236;0.98712415;0.9871556;0.9871842;0.9872102;0.9872451;0.9872759;0.9873066;0.98733795;0.9873679;0.98740196;0.9874341;0.9874644;0.98749506;0.98753005;0.9875599;0.9875868;0.9876144;0.98764104;0.98766595;0.9876964;0.9877259;0.9877489;0.9877793;0.9878119;0.9878463;0.9878689;0.9878995;0.98792416;0.9879537;0.98798084;0.988012;0.9880415;0.9880675;0.98809636;0.98812807;0.9881529;0.98799014;0.9877354;0.9876397;0.98760843;0.9876028;0.98760027;0.987348;0.98706603;0.98703724;0.9870674;0.9870954;0.98713154;0.9871616;0.9871938;0.9872213;0.98724675;0.987274;0.9873034;0.98733306;0.9873618;0.9873931;0.9874167;0.9874455;0.9874767;0.9875074;0.98753315;0.98729783;0.9873284;0.98732954;0.9871484;0.9870247;0.98684746;0.9867015;0.986299;0.9860706;0.9861043;0.9861015;0.98612386;0.98614895;0.98618025;0.98610276;0.98610556;0.9860811;0.9861044;0.98613274;0.98615974;0.98618627;0.9862205;0.9862483;0.98626953;0.98630023;0.9863297;0.9863601;0.9863919;0.9864198;0.9864472;0.986469;0.9864932;0.9865196;0.98654586;0.986572;0.98659736;0.9866219;0.9866467;0.986675;0.9867068;0.9867392;0.98676604;0.98679173;0.98681694;0.9868393;0.98686504;0.9868875;0.9869155;0.98694515;0.98696774;0.9869944;0.98702127;0.9870439;0.98706853;0.98709;0.98708475;0.9870556;0.9870841;0.98710674;0.9871313;0.98684794;0.9868428;0.9868667;0.98689187;0.98691833;0.98694634;0.9869688;0.98699564;0.98701996;0.9870429;0.98706645;0.9870908;0.9871142;0.9871407;0.9871606;0.9871834;0.9872038;0.98722416;0.9872464;0.9872743;0.9872928;0.98731226;0.98733574;0.9873585;0.9873841;0.9874026;0.9874264;0.98744667;0.98746717;0.987487;0.987508;0.9875323;0.9875593;0.9875767;0.9875932;0.9876129;0.9876359;0.98765826;0.98767895;0.9877005;0.98771995;0.98774225;0.9877642;0.9877825;0.9878061;0.9878266;0.9878479;0.98779875;0.9878215;0.98781884;0.98784006;0.9878583;0.98788166;0.9879015;0.9879227;0.9879444;0.98796517;0.98798645;0.98800874;0.98803294;0.98805314;0.9880755;0.98809606;0.988118;0.988134;0.98815525;0.9881706;0.98819035;0.9882081;0.9882231;0.988244;0.98826265;0.9882834;0.9883044;0.9883234;0.9883439;0.9883652;0.9883851;0.9884028;0.9882876;0.9883041;0.9881642;0.98802555;0.98782057;0.9877947;0.98754466;0.9870914;0.98701996;0.9867982;0.98654896;0.98609746;0.98602784;0.98573714;0.98547184;0.98531824;0.9852958;0.9852346;0.9851909;0.9848425;0.9846672;0.9846877;0.98464775;0.9844965;0.9842425;0.9840951;0.9841208;0.9840759;0.98390424;0.9839238;0.9839517;0.9839763;0.98400396;0.9840298;0.98405284;0.98408026;0.98410964;0.98413885;0.9841623;0.98418796;0.98421186;0.9842384;0.9842635;0.9842899;0.9843125;0.98433733;0.9843612;0.9843832;0.9844036;0.9844246;0.9844468;0.98447096;0.9844976;0.98451704;0.9845348;0.9845593;0.9845831;0.9846061;0.9846358;0.9846606;0.98468345;0.9847065;0.9847301;0.9847537;0.98477846;0.98480064;0.98482335;0.9848457;0.9848714;0.9848939;0.9849163;0.98493534;0.9849546;0.9849763;0.98499817;0.98502064;0.9850427;0.9850653;0.9850869;0.9851061;0.9851306;0.98515743;0.9851791;0.9852034;0.9852285;0.98524785;0.9852684;0.9852915;0.985309;0.9853299;0.9853482;0.98537016;0.9853921;0.98541254;0.9854303;0.98545146;0.98546886;0.98548824;0.9855087;0.98553383;0.98555726;0.9855783;0.98559654;0.9856172;0.98563784;0.9856584;0.98567647;0.98569417;0.98571455;0.9857352;0.9857585;0.98577845;0.98579806;0.98581576;0.9858358;0.9858542;0.98587173;0.9858924;0.98591095;0.9859259;0.9859427;0.98596114;0.9859803;0.9859983;0.9860175;0.9860384;0.9860557;0.9860743;0.9860918;0.9861111;0.9861358;0.986156;0.98617566;0.98619545;0.9862155;0.9862342;0.98625743;0.98627573;0.9862945;0.98631024;0.98632944;0.9863468;0.9863707;0.98638994;0.9864059;0.9864226;0.986441;0.9864608;0.9864791;0.9864978;0.9865153;0.98653513;0.9865544;0.9865722;0.98658895;0.9866086;0.98662597;0.98664385;0.9865534;0.9865698;0.9865903;0.9866069;0.9866218;0.98663926;0.986655;0.98667026;0.9866871;0.9867001;0.9867006;0.9867183;0.986739;0.9867531;0.98676974;0.9867868;0.98680127;0.9868187;0.98683494;0.98684996;0.98686385;0.9868786;0.9868928;0.9869087;0.98692673;0.9869427;0.98695797;0.98697615;0.9869924;0.9870078;0.98702246;0.9870386;0.98705345;0.98706734;0.9870823;0.98709875;0.9871148;0.9871354;0.98715043;0.9871676;0.98718435;0.9872012;0.987218;0.9872355;0.9872531;0.9872694;0.9872856;0.9873018;0.9873188;0.9873373;0.9873544;0.9873706;0.9873885;0.9874015;0.98741734;0.98743176;0.98744565;0.98745954;0.98747444;0.9874881;0.9875025;0.98751837;0.9875296;0.9875466;0.9875611;0.9875762;0.9875923;0.98760563;0.9876202;0.98763657;0.98764944;0.98766005;0.98767364;0.98768926;0.98770547;0.9877238;0.98773974;0.98775274;0.9877658;0.9877806;0.98779595;0.9878116;0.9878257;0.9878388;0.98785263;0.9878664;0.9878829;0.9878955;0.98790896;0.9879238;0.987938;0.9879526;0.98796463;0.9879799;0.98799396;0.98800975;0.9880285;0.9880433;0.98805684;0.98807114;0.9880865;0.98810095;0.9881142;0.98812664;0.98814017;0.98815256;0.9881681;0.9881821;0.98819685;0.9882136;0.98822695;0.9882355;0.9882477;0.988261;0.9882727;0.9882858;0.98830116;0.98831594;0.98833126;0.98834527;0.9883578;0.9883721;0.9883856;0.98840094;0.9884135;0.9884277;0.9884431;0.98845536;0.988468;0.988479;0.98849267;0.9885061;0.9885172;0.98852813;0.9885404;0.9885541;0.9885646;0.9885751;0.9885866;0.9886021;0.988613;0.988626;0.98860735;0.98862;0.9886343;0.9886486;0.98865974;0.98867106;0.98868215;0.9886938;0.9887077;0.98871756;0.98873246;0.9887447;0.9887585;0.9887704;0.98878354;0.9887956;0.98880595;0.9888178;0.9888318;0.9888443;0.988856;0.9888688;0.9888808;0.9888922;0.98890436;0.98891944;0.9889307;0.98894083;0.9889545;0.9889667;0.9889798;0.98899114;0.9890026;0.9890139;0.9890245;0.98903686;0.9890479;0.989061;0.98907423;0.9890825;0.9890936;0.98910517;0.9891155;0.98912746;0.98913896;0.9891507;0.9891623;0.98917204;0.98918235;0.98919326;0.9892043;0.98921657;0.9892291;0.98924035;0.989251;0.9892592;0.9892699;0.98928064;0.98929244;0.98930347;0.98931336;0.9893246;0.989333;0.9893437;0.9893554;0.98936564;0.98937875;0.98939043;0.9894015;0.9894116;0.98942125;0.989432;0.9894438;0.989428;0.9893973;0.98939466;0.98937917;0.9893626;0.9893757;0.9893855;0.9893834;0.9893922;0.9894026;0.9894113;0.9894219;0.98943216;0.9894419;0.98945266;0.989423;0.98943293;0.9894427;0.9893717;0.9893818;0.98939264;
0.4857143;0.44375;0.45531914;0.528481;0.52682924;0.550813;0.55985916;0.5876923;0.613079;0.6415328;0.6625282;0.6884735;0.70520234;0.72291297;0.73745817;0.75274724;0.7622585;0.771831;0.7798408;0.79237026;0.8004765;0.80639637;0.8126374;0.8185654;0.82475805;0.82840234;0.8339676;0.8394664;0.8439177;0.84904844;0.85440135;0.85858995;0.8628145;0.8671488;0.87117016;0.87482065;0.8780573;0.8811713;0.884207;0.88657784;0.8892766;0.8916822;0.8939854;0.8961927;0.89836925;0.9002287;0.90264994;0.9043049;0.9065095;0.90832675;0.91039795;0.9121792;0.91357106;0.91460454;0.9153755;0.9166471;0.9174354;0.91885763;0.92021394;0.92150843;0.92262805;0.92400765;0.9251203;0.92636776;0.927501;0.9284858;0.929666;0.93071413;0.93161416;0.9326688;0.9335807;0.9344082;0.9353907;0.93634427;0.937204;0.9377924;0.9382167;0.93872386;0.93940914;0.93921924;0.93992186;0.94053185;0.9412981;0.9419172;0.9425502;0.9432133;0.9438185;0.9444193;0.94497466;0.9456313;0.94619423;0.94676095;0.9473233;0.9478372;0.9483266;0.94882107;0.9492853;0.9498505;0.9503097;0.9508786;0.9514282;0.9518842;0.9523994;0.95284945;0.9532971;0.953771;0.9542411;0.95463485;0.9550603;0.9554778;0.9557607;0.9561393;0.9565064;0.95694786;0.957341;0.95777065;0.9580872;0.95841783;0.95877093;0.9591498;0.95947284;0.95983016;0.96014255;0.96047556;0.9607864;0.9611006;0.96139765;0.96168226;0.9619352;0.9622197;0.9624886;0.962716;0.9629778;0.96326894;0.96353394;0.96377736;0.96404207;0.96427536;0.9645941;0.96479344;0.9650436;0.96521163;0.965417;0.96572864;0.9659594;0.96621805;0.96645457;0.9666305;0.96685827;0.96710646;0.9673104;0.9675033;0.9677419;0.9679381;0.96814024;0.9683886;0.96862245;0.96881074;0.96865547;0.96884656;0.9690431;0.9692498;0.96943873;0.9696427;0.9698293;0.9699726;0.9701648;0.97037333;0.9705534;0.97070146;0.97087306;0.97106284;0.97124135;0.9713891;0.97156364;0.97172743;0.971919;0.9717836;0.9719118;0.9720513;0.9721833;0.97232014;0.9724536;0.97262365;0.972768;0.9729128;0.9730464;0.9731787;0.97330785;0.9734675;0.97361237;0.9737483;0.9738775;0.9740322;0.97416216;0.9743171;0.97443897;0.97457;0.9746793;0.9744052;0.9745295;0.9746475;0.9747628;0.9749116;0.97504234;0.9751428;0.97525203;0.9753856;0.9754974;0.97554296;0.9756654;0.9758034;0.97592026;0.97591865;0.9760442;0.97615516;0.97625786;0.9763669;0.9764806;0.97657907;0.9767049;0.9767484;0.97684854;0.9768218;0.97645456;0.9762664;0.97621983;0.9757895;0.97565097;0.97563523;0.97533363;0.97468936;0.97473794;0.9747832;0.97486067;0.97474664;0.97452086;0.97383785;0.9738021;0.9738704;0.9737967;0.9737977;0.9738958;0.9733911;0.973066;0.97270703;0.97271544;0.9726131;0.97228193;0.97217613;0.9718775;0.9718714;0.9717774;0.97173387;0.97184205;0.97196263;0.97207636;0.9721776;0.9722953;0.9723865;0.9724996;0.97259086;0.97269124;0.9727729;0.97288156;0.97297704;0.9730773;0.97319555;0.9733022;0.97339743;0.97349066;0.9735975;0.9736984;0.9737908;0.9738953;0.97399265;0.974078;0.9741728;0.97425574;0.97412026;0.9741453;0.9742483;0.9742027;0.9742962;0.9743878;0.9744824;0.9745751;0.97466356;0.97475964;0.9748422;0.9749231;0.9750126;0.9750901;0.9751694;0.9752493;0.9753187;0.9754054;0.9754871;0.9755628;0.9756119;0.97526425;0.9753097;0.9751742;0.9750769;0.9748304;0.97486365;0.97459984;0.9743812;0.97421056;0.9741513;0.9742478;0.97399044;0.97396785;0.9740596;0.97407156;0.9741081;0.9741466;0.974229;0.97431827;0.9744049;0.97446966;0.9745521;0.9746235;0.9746955;0.9747713;0.9748507;0.974945;0.9750223;0.97509515;0.9751776;0.97524554;0.975325;0.97539705;0.9754608;0.9755399;0.97561073;0.97568786;0.9757569;0.9758378;0.97591823;0.97597843;0.97605515;0.9761211;0.9761951;0.9762649;0.9763307;0.9763988;0.97646385;0.97653747;0.9766008;0.9765545;0.9762571;0.9761743;0.9760087;0.975811;0.9758743;0.9759346;0.9759336;0.9758187;0.975884;0.9759507;0.97601706;0.9760848;0.9761417;0.9762052;0.9762659;0.9763305;0.97640073;0.97646546;0.9765265;0.9765788;0.97665673;0.97670764;0.97676986;0.9768285;0.9768909;0.97694975;0.97701395;0.9770657;0.9771212;0.97719085;0.97710854;0.9771723;0.9772285;0.977187;0.9770381;0.9769604;0.97703713;0.9766582;0.976475;0.9760989;0.97615653;0.97604525;0.97583234;0.9756172;0.9753842;0.97488433;0.9747475;0.9746489;0.9746465;0.97447556;0.97453475;0.97459865;0.97446036;0.9742385;0.9741379;0.9739105;0.9738773;0.9736217;0.9733974;0.9733726;0.9732172;0.9732784;0.9732828;0.97327864;0.97321314;0.9732075;0.97324044;0.97330326;0.9733709;0.9732129;0.973122;0.9731786;0.97316045;0.9731617;0.97323465;0.97329885;0.97336775;0.97343624;0.97349375;0.9735608;0.97362345;0.973685;0.9737592;0.9738257;0.97387433;0.9739244;0.9739822;0.97403973;0.97409546;0.9741502;0.97421396;0.97426736;0.9743175;0.97437125;0.9744362;0.9744986;0.9745607;0.9746097;0.97467643;0.9747451;0.97480303;0.9748592;0.97491217;0.9749649;0.97501606;0.97506475;0.97511756;0.97516733;0.97523195;0.9752869;0.97534454;0.97539264;0.97544694;0.97549605;0.9755485;0.975598;0.9756576;0.97571135;0.97576356;0.97582644;0.9758775;0.975929;0.97598433;0.9760407;0.97608215;0.9761401;0.9761878;0.9761786;0.97623134;0.97629625;0.9763426;0.9763907;0.97643864;0.9764915;0.97653836;0.9765819;0.97663414;0.97667533;0.97672087;0.97677183;0.9768251;0.9768738;0.9769247;0.97697234;0.9770149;0.9770542;0.9770994;0.97713846;0.97718096;0.97722757;0.97728056;0.9773231;0.9773745;0.97741556;0.97745824;0.97751015;0.9775536;0.9775958;0.97764474;0.9776866;0.97772014;0.9777634;0.97781396;0.97785515;0.97790354;0.9779427;0.97799635;0.97804695;0.97809845;0.9781464;0.9781819;0.97822285;0.9782653;0.97830427;0.978336;0.97837144;0.9784106;0.9784501;0.9784863;0.97852606;0.97857;0.9786052;0.9786361;0.97867215;0.97871023;0.9787487;0.978787;0.97881573;0.97885644;0.9788938;0.97893935;0.97898006;0.97901654;0.9790595;0.9790937;0.9791302;0.9791737;0.9792115;0.9792477;0.97928625;0.9793261;0.9793718;0.97940886;0.9794596;0.9794988;0.9795432;0.97958505;0.9796185;0.97965705;0.9796917;0.979732;0.97976726;0.9798068;0.9798319;0.97986925;0.97989607;0.9799341;0.9799692;0.98000515;0.9799865;0.97997075;0.97993976;0.97998106;0.9800157;0.9800456;0.9800805;0.9801171;0.9801508;0.98018485;0.9802197;0.9802549;0.9802913;0.98032;0.98035526;0.98038596;0.98042053;0.980455;0.9804867;0.9805227;0.9805511;0.98058647;0.980616;0.9806524;0.98068476;0.98071396;0.9806414;0.9806737;0.98070574;0.9807399;0.98076963;0.98079467;0.9808251;0.9808538;0.98088443;0.980915;0.98095214;0.98098046;0.98090714;0.9809379;0.9809677;0.9809966;0.981025;0.98105496;0.9810901;0.9811215;0.98115194;0.9811835;0.9812106;0.9812416;0.9812729;0.9812976;0.98132753;0.98135775;0.98138547;0.9814175;0.9814458;0.98147994;0.98150843;0.98153454;0.9815641;0.9815912;0.98162484;0.9816575;0.98169047;0.98171836;0.98174775;0.9817811;0.9818121;0.9818434;0.9818716;0.9819049;0.9819374;0.9819668;0.9819957;0.98202413;0.9819962;0.98202455;0.98205316;0.9820788;0.9821051;0.9821349;0.9821599;0.98218626;0.98221225;0.98224133;0.9822675;0.982295;0.9823196;0.9823423;0.982371;0.98239994;0.98242563;0.98244846;0.9824754;0.98250085;0.9825325;0.98255676;0.98257923;0.9825982;0.982624;0.9826504;0.9826788;0.9827013;0.98272675;0.98265445;0.98267686;0.982705;0.98273504;0.98275965;0.9827848;0.9828109;0.9828356;0.9828586;0.9828855;0.9829096;0.9829327;0.9829597;0.9829797;0.9830052;0.9830304;0.9830557;0.98308;0.98310786;0.9831346;0.98315936;0.9831827;0.98320574;0.98323154;0.9832576;0.9832886;0.9831647;0.98318756;0.9832129;0.9832372;0.9832067;0.98323214;0.98308825;0.98311514;0.98313934;0.9831468;0.98306376;0.9830867;0.983109;0.9830951;0.98301107;0.9830352;0.9829102;0.9828935;0.98291934;0.98288935;0.9829188;0.9829448;0.98278666;0.98273754;0.98266655;0.9826532;0.9826248;0.98252046;0.9824504;0.98236465;0.9822817;0.9821806;0.98220754;0.9822271;0.9822498;0.982275;0.982296;0.98231846;0.98234123;0.9823715;0.9823973;0.98242337;0.98244774;0.9824692;0.9824944;0.9825161;0.98253685;0.9825603;0.9825837;0.982607;0.9826281;0.98265165;0.982676;0.98269695;0.98271877;0.98273844;0.9827607;0.9827782;0.98280036;0.9828249;0.9828485;0.9828729;0.98289603;0.98291415;0.9829404;0.9829628;0.9829857;0.98300356;0.9829885;0.9829609;0.98298484;0.9830044;0.98302996;0.9830517;0.9830708;0.9830887;0.983108;0.98312956;0.98315275;0.98317534;0.983191;0.9832112;0.98323274;0.9832529;0.9832755;0.98329264;0.9833174;0.9833403;0.98336214;0.9833875;0.98340636;0.98342854;0.98344845;0.9834691;0.98348457;0.98350406;0.98352927;0.9835511;0.9835729;0.98359406;0.9836155;0.9836341;0.9836546;0.98367345;0.98369867;0.9837195;0.98373693;0.98375744;0.9837776;0.9837977;0.9838202;0.98384315;0.9838678;0.9838875;0.9839089;0.98392713;0.9839464;0.9839682;0.98398685;0.9840085;0.9840286;0.9840489;0.98406684;0.98409057;0.98410946;0.98412853;0.9841488;0.98416805;0.9841875;0.9842048;0.9842224;0.9842415;0.98426145;0.98428017;0.98430204;0.9843212;0.9843412;0.9843578;0.9843733;0.9843917;0.98441255;0.9844324;0.9844541;0.98447067;0.98449105;0.98450655;0.98452276;0.9845413;0.9845615;0.9845807;0.9845958;0.98461086;0.98463064;0.9846499;0.98466843;0.9846831;0.98470056;0.98471683;0.9847345;0.9847544;0.98477316;0.9847869;0.9848055;0.98482484;0.9848448;0.98486143;0.98487896;0.9848365;0.9848547;0.98486966;0.9848278;0.98484665;0.98477393;0.98456377;0.98447573;0.9844509;0.9843943;0.9842911;0.9840198;0.98385644;0.98364;0.9836235;0.98353463;0.9833291;0.98326117;0.9832354;0.98322433;0.98324555;0.98317176;0.9831918;0.98319465;0.9831852;0.9831878;0.9830328;0.9828859;0.9828301;0.9828483;0.98286474;0.9827807;0.982728;0.98273385;0.98270583;0.98272026;0.9827223;0.98263896;0.9826275;0.98264575;0.98266923;0.9826894;0.98271155;0.98273283;0.9826807;0.9826855;0.9827045;0.9826936;0.98271036;0.9827278;0.98274225;0.9827613;0.98278093;0.9828012;0.9828209;0.98284036;0.98285586;0.9828774;0.98289746;0.9829174;0.9829359;0.98295295;0.98297304;0.9829926;0.9830119;0.98301506;0.9830341;0.9830518;0.98307073;0.9830898;0.9831072;0.9831274;0.9831447;0.9831615;0.98317975;0.9831998;0.983216;0.98323596;0.9832535;0.98327124;0.9832892;0.9833069;0.9833229;0.9833396;0.9833581;0.98337656;0.98339474;0.98341405;0.9834312;0.9834479;0.9834655;0.9834844;0.98350006;0.98351914;0.983535;0.98355055;0.98356813;0.9835859;0.9836025;0.9836202;0.983637;0.98365396;0.98367244;0.9836884;0.98370457;0.9837212;0.983736;0.983749;0.98376656;0.9837837;0.9838023;0.9838187;0.98383576;0.9838529;0.983869;0.98388505;0.98390216;0.9839212;0.98393667;0.9839519;0.9839663;0.9839824;0.9839967;0.9840114;0.9840306;0.984048;0.984063;0.9840817;0.98409814;0.98411375;0.9841297;0.9841459;
0.21333334;0.39072847;0.4638298;0.5031447;0.5099502;0.51578945;0.559415;0.5684713;0.579627;0.59505206;0.6205674;0.6487648;0.65609515;0.67093235;0.6606374;0.66071427;0.6689655;0.6768782;0.6789182;0.6780777;0.6836799;0.6953405;0.7001723;0.70853996;0.7186009;0.73018295;0.74021524;0.7515208;0.7595109;0.76730937;0.7760439;0.7825553;0.78903455;0.796083;0.802161;0.80689657;0.8107054;0.81478924;0.8178752;0.82358706;0.8261981;0.83089834;0.83424574;0.8377336;0.8408959;0.84398174;0.84743875;0.8506812;0.8530198;0.8558322;0.8587933;0.8613562;0.86433154;0.8668281;0.86923444;0.8714352;0.873911;0.8762098;0.87812984;0.87975514;0.8817967;0.88411295;0.88572615;0.88743347;0.88917994;0.8908297;0.8927039;0.8941697;0.8957148;0.8972155;0.8984519;0.89978176;0.90060997;0.9005682;0.90197796;0.90129644;0.9016533;0.9016172;0.89978397;0.8975201;0.89554906;0.89092076;0.88657993;0.88126564;0.87733954;0.8740061;0.86761373;0.8609992;0.8538416;0.84826887;0.84283245;0.837541;0.8303509;0.82310367;0.8184319;0.8115824;0.8054098;0.79904115;0.79353565;0.7875147;0.7808538;0.7773217;0.7730163;0.7662681;0.76090205;0.7534517;0.7477698;0.74198234;0.7369116;0.731487;0.72629714;0.72001404;0.71516347;0.7100115;0.7042398;0.69873387;0.69367856;0.6883478;0.6827305;0.6761686;0.67060226;0.66498387;0.659951;0.65610427;0.6522335;0.64691746;0.641887;0.63706523;0.6311551;0.62655604;0.6217112;0.61669487;0.612667;0.60761607;0.6034113;0.598627;0.5944882;0.59040624;0.58671343;0.5822987;0.57784206;0.5738252;0.5693921;0.5656464;0.5612874;0.5576473;0.55435175;0.5507517;0.5472949;0.54383343;0.5405099;0.5372267;0.5333391;0.52959794;0.5258196;0.52275604;0.51942277;0.5164331;0.5130096;0.5102192;0.50725114;0.50444067;0.5010927;0.49774882;0.49452832;0.49123225;0.4885189;0.48534024;0.48250332;0.47992247;0.4770013;0.4743698;0.47183904;0.4691573;0.4667873;0.46416253;0.46180815;0.45923892;0.4569341;0.4543853;0.45169997;0.4490462;0.4462947;0.44443646;0.44205642;0.4395144;0.43731016;0.4351891;0.4330279;0.4306483;0.42832434;0.42623064;0.423983;0.42193145;0.42001358;0.4179719;0.41547546;0.4135052;0.4114715;0.40970156;0.407893;0.40580755;0.40382233;0.40169996;0.3998579;0.39770025;0.39561632;0.39347908;0.39134008;0.38964063;0.3877372;0.3859485;0.38434318;0.38275117;0.38082057;0.37918785;0.37743095;0.37594122;0.3744179;0.3725927;0.3709407;0.36936936;0.36774576;0.36596322;0.36447662;0.36306593;0.36153936;0.36000466;0.35833767;0.3568917;0.35517183;0.35391298;0.3524021;0.35094383;0.349695;0.34816107;0.34683472;0.34546062;0.34392533;0.342631;0.34128997;0.33990338;0.33860207;0.3373842;0.33601084;0.3346125;0.33331537;0.33188593;0.33085722;0.32953638;0.32827827;0.32683983;0.3256707;0.32417008;0.32301992;0.3216104;0.32036626;0.31894732;0.3179532;0.31653976;0.31525114;0.31397295;0.31264195;0.31155702;0.31043294;0.30908546;0.30793318;0.3067743;0.3056693;0.30457228;0.30348307;0.30228359;0.30106428;0.29991287;0.29862618;0.29756472;0.29635477;0.29525307;0.29404783;0.2929632;0.2919966;0.29105005;0.28979746;0.288892;0.2878985;0.28704476;0.28610355;0.2849717;0.2839529;0.2829413;0.2819241;0.28111812;0.280228;0.27916723;0.27815193;0.2771564;0.2761803;0.27512547;0.27424854;0.27324453;0.2722957;0.27137727;0.27065402;0.2697583;0.2689269;0.26819342;0.2673716;0.26656628;0.26575437;0.2647436;0.26386404;0.26300147;0.26222223;0.26129317;0.26061168;0.2598683;0.25905326;0.25831875;0.25738502;0.25659612;0.25575924;0.25512725;0.25442523;0.25374785;0.25302237;0.2522497;0.2515838;0.25077927;0.24990924;0.24918547;0.24850576;0.24770091;0.24700958;0.24637105;0.2456676;0.24496816;0.24438834;0.2436674;0.2428745;0.24220979;0.24152988;0.24080697;0.2401535;0.23946656;0.23875593;0.23815015;0.23751102;0.23683003;0.23613493;0.23548865;0.2348014;0.2340916;0.23348284;0.23285097;0.23232701;0.23161475;0.23101018;0.23046875;0.22976781;0.22917283;0.22858092;0.22792494;0.22726439;0.22655793;0.22597943;0.22542028;0.22470891;0.22407494;0.22346066;0.22288181;0.22221823;0.22163786;0.22109997;0.22060394;0.22000852;0.21947849;0.21897423;0.21832599;0.21779637;0.21726932;0.21669932;0.21607952;0.21553823;0.21502204;0.21445633;0.21393052;0.21329707;0.21269657;0.21217206;0.21172972;0.211246;0.21063548;0.21018524;0.20961629;0.20914923;0.20864207;0.20802552;0.20750988;0.20696913;0.20644495;0.2060467;0.20556809;0.20499669;0.20455672;0.20407155;0.20358199;0.20310144;0.20272261;0.20229892;0.20170611;0.20120169;0.2007453;0.20020683;0.19965838;0.19916412;0.19872966;0.19817658;0.19767702;0.1972239;0.19678536;0.19631766;0.19586456;0.1954012;0.19493392;0.19455436;0.1940668;0.19366637;0.19315311;0.19260664;0.19221818;0.19176005;0.19136317;0.19095029;0.19050401;0.19010648;0.18965253;0.18923542;0.18877986;0.18837804;0.1879437;0.1875738;0.18709794;0.186737;0.18642792;0.18604162;0.1856291;0.18519625;0.18482606;0.18438049;0.18396983;0.18358819;0.1831973;0.18279728;0.18240438;0.18199712;0.18154378;0.18117213;0.18071234;0.18032834;0.1799094;0.17949758;0.17916535;0.17875177;0.17844284;0.17812473;0.17767517;0.17731917;0.17688376;0.17648567;0.17608936;0.17573969;0.17543115;0.17510882;0.17471868;0.17431064;0.1739045;0.17350997;0.17315593;0.17278408;0.17243299;0.17204033;0.17170177;0.17136456;0.17100506;0.17071289;0.17035143;0.16998683;0.16959593;0.16921143;0.16889773;0.16860354;0.16825095;0.16786799;0.16753204;0.16718392;0.1668597;0.16648303;0.16614816;0.16580574;0.16557583;0.16521832;0.16491938;0.16454285;0.16421153;0.16390754;0.16357878;0.16326423;0.16295946;0.16263022;0.1622853;0.16197993;0.1616504;0.16131803;0.16099119;0.16061571;0.16031246;0.1599938;0.15971345;0.15942179;0.15909441;0.15878871;0.15851258;0.15836908;0.1580946;0.15780905;0.1575205;0.15718919;0.15687117;0.15652679;0.15627441;0.1559993;0.1557486;0.15544808;0.15516034;0.1548582;0.15457264;0.15428045;0.15398173;0.15369938;0.15337636;0.15306978;0.15278324;0.15250903;0.15218352;0.15187053;0.15157735;0.15128899;0.15102747;0.15074852;0.150456;0.15019007;0.1498816;0.14953473;0.14926487;0.14898881;0.1487102;0.14847882;0.14820921;0.14790176;0.14764126;0.14734666;0.14704975;0.14674363;0.14648373;0.14626268;0.14602166;0.14579514;0.14553176;0.14524211;0.14496039;0.1447439;0.14448766;0.1442726;0.14403808;0.14381768;0.14353481;0.14329606;0.14305812;0.14282425;0.14254527;0.14226085;0.14195807;0.14175694;0.14151116;0.14131773;0.14106704;0.14081405;0.14058746;0.14035207;0.14013962;0.13986787;0.1396003;0.13937134;0.13911815;0.13888453;0.13862382;0.1384042;0.13814837;0.137918;0.1376884;0.1374352;0.13725273;0.13703139;0.13681981;0.13660288;0.13639562;0.13615909;0.13593233;0.13573602;0.13554914;0.13533325;0.13509746;0.13487715;0.13462833;0.13438915;0.13421178;0.13398565;0.13377184;0.13358457;0.13336343;0.13314587;0.13294612;0.13271572;0.1325314;0.13232784;0.1321418;0.13189735;0.13168733;0.13148914;0.1312971;0.13109176;0.13089536;0.13068302;0.13050155;0.13027954;0.13008556;0.12990849;0.12971018;0.1295206;0.12931268;0.12914038;0.12898195;0.12878646;0.12859157;0.12841852;0.12825125;0.12807912;0.12789163;0.1277047;0.12752354;0.12730892;0.12710544;0.1268585;0.12664352;0.12644474;0.12623632;0.12606698;0.12586746;0.12564565;0.1254576;0.12527265;0.12507561;0.12489429;0.12466838;0.124465756;0.12428869;0.12411213;0.12390636;0.12375063;0.12355835;0.12335441;0.1231487;0.12296073;0.12276848;0.122571975;0.12238576;0.12220252;0.12198863;0.121777885;0.12158692;0.12140606;0.12121627;0.12104123;0.12087848;0.12068563;0.12051447;0.12034612;0.120178245;0.12000155;0.11982537;0.11965433;0.11943546;0.119290754;0.11912352;0.1189636;0.118820034;0.11867455;0.1184864;0.11828982;0.11817576;0.11797806;0.11785483;0.11767829;0.1175045;0.11734009;0.11720491;0.11703472;0.11688263;0.11672215;0.11655117;0.11638723;0.11620417;0.116030365;0.11587654;0.11572313;0.11557658;0.1154304;0.115276024;0.11510711;0.114945084;0.11477502;0.11459488;0.1143942;0.11424258;0.11409766;0.11394892;0.11382144;0.113660924;0.113507085;0.11334332;0.11321512;0.11306043;0.11289589;0.1127769;0.11261523;0.11244179;0.1123014;0.112149194;0.11197719;0.11183191;0.111697055;0.111534454;0.11137832;0.11124655;0.11108327;0.11096807;0.110827364;0.11066334;0.11052538;0.110366166;0.11022503;0.11004131;0.109897114;0.10974165;0.109598234;0.10945326;0.10931445;0.109181754;0.10903022;0.108903944;0.10877605;0.10863515;0.10848702;0.10830715;0.10816181;0.108041294;0.107896656;0.10778797;0.10766642;0.10752837;0.10738511;0.10722369;0.10711265;0.10696496;0.106830545;0.106654294;0.10651517;0.10639283;0.106243476;0.10612357;0.10598583;0.1058322;0.10568981;0.10555499;0.1054438;0.10531853;0.10518288;0.10505646;0.10493921;0.10481691;0.104677245;0.10455556;0.1044201;0.10430603;0.10416422;0.10403675;0.103911325;0.10377579;0.10364581;0.10352996;0.1034092;0.10328529;0.10315824;0.10303322;0.10290509;0.102782376;0.10266506;0.1025425;0.10242872;0.102312244;0.10221959;0.10208344;0.10194765;0.101832256;0.1016938;0.10158564;0.10147439;0.101328634;0.10119484;0.10108609;0.10095458;0.10084962;0.100723624;0.10062078;0.10047421;0.100341044;0.10024706;0.10012903;0.09999195;0.09987773;0.09973812;0.0996069;0.099482395;0.099351846;0.09925019;0.09912658;0.099025376;0.09891808;0.098795295;0.098663405;0.0985303;0.09840691;0.09829317;0.09816882;0.09806647;0.09795506;0.09781924;0.0976884;0.097582445;0.097453766;0.09732543;0.097220264;0.09708647;0.09697576;0.09687739;0.09676716;0.09664363;0.09654143;0.096425965;0.09631227;0.09621525;0.09609312;0.09597576;0.09587645;0.09577143;0.09569172;0.09559888;0.09547684;0.095365375;0.095267326;0.09515489;0.09504126;0.09494678;0.09484378;0.09474825;0.09460819;0.09451024;0.09442054;0.094312966;0.09419279;0.09408146;0.093983196;0.093880884;0.093754716;0.093648665;0.0935358;0.09343305;0.093313694;0.09321423;0.09311498;0.09300061;0.092897646;0.092796296;0.0926924;0.092580445;0.09246738;0.09236422;0.092261285;0.09215858;0.0920602;0.09196611;0.09187086;0.09176902;0.09168229;0.091587625;0.091466196;0.0913666;0.091268554;0.09116537;0.091051735;0.09096503;0.09086652;0.09077353;0.09068338;0.09058415;0.090481184;0.09039556;0.090287775;0.0901881;0.09008212;0.089968555;0.08986439;0.08976176;0.08967748;0.08960501;0.08949781;0.08941017;0.08930087;0.08918799;0.089109905;0.089024305;0.088918485;0.088831976;0.08874564;0.08865314;0.08855957;0.08846494;0.088350385;0.08825118;0.08815971;0.088058434;0.08797234;0.087883934;0.08779322;0.087691545;0.08760741;0.08751603;0.08741131;0.08733016;0.08723324;0.08714019;0.087041244;0.08693643;0.08684645;0.08676271;0.08667067;0.08657761;0.08647994;0.0863921;0.08630803;0.086207375;0.086104564;0.086018674;0.085921064;0.08583436;0.08573954;0.085666195;0.085564665;0.08546926;0.08537642;0.08529666;0.08521238;0.08511192;0.08504315;0.084974475;0.08488386;0.0847865;0.084703214;0.08461088;0.084519885;0.08443713;0.084343076;0.08426524;0.08423036;0.08414139;0.08404236;0.083961725;0.083881244;0.083802044;0.083712846;0.08363509;0.08355299;0.08348113;0.08340381;0.0833311;0.08323844;0.083148204;0.08307038;0.08299271;0.08290964;
0.5081967;0.43609023;0.4362745;0.4795539;0.5133531;0.52048194;0.5204918;0.5043937;0.5300462;0.54013604;0.5482673;0.5364759;0.54059607;0.56184083;0.56914896;0.5763136;0.59116024;0.5972953;0.61020553;0.6076716;0.61681646;0.6201598;0.6242673;0.63240224;0.64224136;0.65170276;0.6630055;0.6746641;0.6851595;0.69179004;0.69956523;0.71002936;0.7193196;0.7275215;0.7322925;0.7388724;0.74377483;0.74823946;0.75103164;0.75504035;0.7584621;0.762484;0.7622618;0.76375306;0.76452965;0.7673805;0.77061856;0.7712528;0.7729759;0.7751813;0.7790667;0.78288966;0.78661937;0.7903507;0.7942397;0.7981805;0.8010854;0.8036795;0.8072262;0.8103487;0.81390727;0.8165397;0.8195247;0.8217759;0.82463074;0.82648873;0.8288781;0.8309662;0.8334319;0.83608145;0.83858645;0.84068626;0.84220284;0.84462297;0.84480894;0.8468789;0.84894735;0.8505727;0.8531719;0.8550017;0.85683405;0.85841143;0.8602046;0.8617312;0.8632682;0.86491996;0.8665944;0.8683285;0.86976254;0.87130046;0.87270844;0.87406754;0.87547004;0.87696487;0.8783039;0.8794286;0.8805991;0.881747;0.88285714;0.8839779;0.88488245;0.88590336;0.8866195;0.8876492;0.8886177;0.8897638;0.8908039;0.8913965;0.8925089;0.8934687;0.8946158;0.8954436;0.89533776;0.8961452;0.8970554;0.89787877;0.8987589;0.8995897;0.9003165;0.90100783;0.9017341;0.90258956;0.9032505;0.9040694;0.9048644;0.9055656;0.9062765;0.9071233;0.9077437;0.9085265;0.90919363;0.9098603;0.91040844;0.91102165;0.9116177;0.9122929;0.91295785;0.9135706;0.91422474;0.9146494;0.91527045;0.9158585;0.916399;0.9169871;0.9175363;0.91807073;0.9186207;0.919119;0.9195089;0.9200398;0.9205708;0.92102444;0.921466;0.9219783;0.92240244;0.92292285;0.9233766;0.9239364;0.92441064;0.92492366;0.9253668;0.9258421;0.9263482;0.9268535;0.9273399;0.9277315;0.92814225;0.92849064;0.9288814;0.9292792;0.9297117;0.9301334;0.93030375;0.9307656;0.9311521;0.93149734;0.9318496;0.9322448;0.93257916;0.93299127;0.93337834;0.9337956;0.9340855;0.93433297;0.93412733;0.9344502;0.9347937;0.9348692;0.9350846;0.93520904;0.93492347;0.9351891;0.93546796;0.93578047;0.93612117;0.9364186;0.9367001;0.93702686;0.93729013;0.9376108;0.9379029;0.93823826;0.93857825;0.9388818;0.93915415;0.93944806;0.93970346;0.9400354;0.9403209;0.9406499;0.94089913;0.9412105;0.94146997;0.9415584;0.94181037;0.94208205;0.9423548;0.94255316;0.9428073;0.9430733;0.9432948;0.943532;0.94377756;0.9440244;0.9442456;0.94431025;0.94455135;0.94469744;0.9449317;0.94503146;0.9450089;0.94526106;0.9455014;0.9454863;0.94566226;0.9454031;0.94559777;0.94579726;0.9460723;0.94612545;0.94638115;0.9465864;0.94677806;0.9469862;0.9471927;0.9474675;0.94769335;0.9479115;0.9481449;0.948365;0.948611;0.9488161;0.9490497;0.9492785;0.94950783;0.9496952;0.9499314;0.9501392;0.95032716;0.9505343;0.9507474;0.9509434;0.9511052;0.9512784;0.9514727;0.9516359;0.9518274;0.952015;0.9521577;0.952247;0.9524214;0.95258516;0.9527477;0.95289046;0.95307875;0.9532563;0.9534303;0.9535894;0.9537676;0.9539244;0.95393974;0.95407057;0.9542098;0.9543479;0.9545065;0.95452607;0.9546851;0.9548302;0.9549744;0.9551156;0.95528305;0.95543474;0.9555772;0.95572484;0.95588166;0.9560011;0.9561399;0.95629585;0.95642096;0.9565533;0.9567121;0.95687366;0.9570109;0.9571684;0.9573133;0.95744777;0.95758325;0.9577328;0.9578628;0.95801044;0.9581296;0.9582517;0.9583912;0.95853513;0.95867807;0.9588218;0.95897675;0.95910096;0.9592262;0.9593558;0.9594948;0.95961934;0.9597499;0.95989126;0.9600217;0.960138;0.9602405;0.9603555;0.9604862;0.96061116;0.96071446;0.96082354;0.960956;0.96108115;0.9612024;0.96131504;0.96141154;0.96153384;0.96164;0.9617517;0.9618779;0.9619912;0.96209335;0.96218306;0.9622842;0.96238774;0.9625054;0.96255165;0.9625515;0.9626501;0.9627727;0.96274346;0.96284926;0.9629658;0.9629601;0.9630363;0.96314853;0.9632375;0.96307194;0.9631092;0.96287686;0.9629865;0.96308315;0.9631861;0.9632898;0.9631671;0.96328384;0.9633891;0.96349645;0.96359646;0.96370393;0.9637884;0.9639013;0.9639656;0.96406686;0.9641831;0.9642921;0.96437883;0.96447915;0.9645637;0.9646429;0.96474415;0.96484363;0.9649388;0.96501875;0.9651155;0.96520674;0.9653;0.96539515;0.9654898;0.96557915;0.9656004;0.9656819;0.96573466;0.96581316;0.9657336;0.96569777;0.965592;0.9649811;0.96480584;0.9644491;0.96425813;0.96391755;0.9635368;0.96336263;0.96331495;0.96323067;0.963192;0.9631914;0.96314216;0.9632232;0.96330875;0.9633951;0.96349055;0.9635725;0.96367764;0.96377516;0.9638675;0.96395123;0.96403915;0.96412903;0.96420354;0.96429026;0.96436864;0.96446925;0.9645592;0.964642;0.96472883;0.96481085;0.96489686;0.9649803;0.9650481;0.9651384;0.9652271;0.9652961;0.96537226;0.9654502;0.9655172;0.9656072;0.9656915;0.965766;0.96584326;0.9658541;0.9659339;0.9659903;0.96606636;0.96601427;0.966094;0.96614444;0.96622753;0.9662901;0.9663705;0.9664585;0.96652424;0.9666035;0.96668243;0.966759;0.9668313;0.9669082;0.9669741;0.9670503;0.96711177;0.96718353;0.9672664;0.9673422;0.96741015;0.96747965;0.9675573;0.9676225;0.967693;0.96776223;0.9678229;0.9678889;0.96796274;0.9680163;0.96807426;0.9681473;0.96822804;0.9683066;0.9683821;0.9684467;0.9685092;0.96858203;0.96865624;0.9687214;0.96878374;0.9688424;0.9689102;0.96898115;0.9690527;0.96911025;0.9691694;0.96923244;0.96910894;0.9691635;0.96922785;0.9692803;0.96934587;0.9694045;0.9694589;0.9695212;0.96958166;0.9696532;0.96971154;0.9697656;0.96982425;0.96987635;0.96993536;0.9699902;0.970048;0.97010875;0.9701669;0.9702225;0.97028404;0.9703407;0.97039956;0.97045887;0.97052103;0.9705768;0.9706392;0.9706862;0.9707391;0.97080386;0.97086304;0.9709198;0.9709696;0.9710304;0.9710857;0.97113574;0.9711878;0.9712374;0.9712869;0.9713485;0.97140557;0.971458;0.97152317;0.97158307;0.9716342;0.97169083;0.97174436;0.97179776;0.9718446;0.9718976;0.9718811;0.97192067;0.97187126;0.97189575;0.97162426;0.9714265;0.9712686;0.9711719;0.97106993;0.9708086;0.97081035;0.9705761;0.9705655;0.9704725;0.97052515;0.97050405;0.9704519;0.97050786;0.97053546;0.97058684;0.97063947;0.97061276;0.97058684;0.97057635;0.97062516;0.9706786;0.9707257;0.9707747;0.97082216;0.97087425;0.9709207;0.97096765;0.97101855;0.97107464;0.9711225;0.9711655;0.9712137;0.97126436;0.9713162;0.9713606;0.9714042;0.9714542;0.97150606;0.9715544;0.9715922;0.971639;0.9716798;0.97172695;0.9717752;0.9718208;0.97186935;0.97190946;0.97195584;0.97200334;0.9720456;0.97208965;0.972133;0.97217983;0.9722247;0.97226447;0.972314;0.9723541;0.97239965;0.97244626;0.97249454;0.9725348;0.9725906;0.97263783;0.9726824;0.9727281;0.97278255;0.9728207;0.97286296;0.9729074;0.97295237;0.97299355;0.97303176;0.97307277;0.9731154;0.97315085;0.9731898;0.97323084;0.9732736;0.97331786;0.9733574;0.97340083;0.97344244;0.9734861;0.9735331;0.973572;0.97362095;0.9736669;0.9737082;0.97374827;0.9737871;0.97383356;0.97387326;0.97391284;0.9739512;0.97399;0.9740303;0.9740743;0.97410464;0.97414404;0.97418654;0.9742247;0.9742701;0.9743048;0.9743505;0.9743939;0.97442716;0.97446513;0.97450656;0.97454846;0.9745912;0.97463435;0.9746763;0.97471815;0.9747593;0.9747998;0.9748387;0.9748774;0.97491705;0.9749525;0.97499245;0.9750252;0.97506136;0.97509843;0.97513485;0.9751707;0.9752084;0.97524256;0.9752786;0.97531945;0.9753528;0.9753895;0.97542363;0.9754582;0.975496;0.97541;0.97544056;0.9753266;0.97524315;0.97518194;0.9750426;0.97497356;0.9750112;0.97504437;0.975077;0.9751143;0.97515106;0.9751872;0.97522277;0.9752592;0.9752965;0.97532743;0.97535217;0.9753849;0.9754204;0.97545385;0.9754826;0.9755164;0.9755468;0.97558;0.9756121;0.97564876;0.9756807;0.97571445;0.9757439;0.97578067;0.97581774;0.9758465;0.9758852;0.9759156;0.97591335;0.97594184;0.9759212;0.97589755;0.975934;0.9758307;0.9758663;0.97590137;0.97590965;0.9759202;0.97591615;0.9757942;0.9758309;0.97582656;0.9758609;0.97589207;0.9759222;0.97588766;0.97592044;0.9759504;0.9759817;0.9760129;0.97604;0.9760746;0.9761037;0.976132;0.9761624;0.97612095;0.97615206;0.9761832;0.9762154;0.9762558;0.9762793;0.97629416;0.976327;0.97632295;0.9763177;0.9763499;0.97637486;0.9764057;0.9764364;0.97646827;0.97649676;0.9765214;0.9765506;0.97658175;0.9766174;0.9766488;0.976683;0.9767196;0.976754;0.97678995;0.9768193;0.97684973;0.97688055;0.9769072;0.9769391;0.9769716;0.9769997;0.9770253;0.9770564;0.9770811;0.9771025;0.9771319;0.9771576;0.9771915;0.97722214;0.9772508;0.97728133;0.9773145;0.9773421;0.97736967;0.97739404;0.9774246;0.97745234;0.9774819;0.97750914;0.97753745;0.9775611;0.9775908;0.9776189;0.9776446;0.9776696;0.9776829;0.9777062;0.977737;0.9777636;0.9777882;0.9778143;0.97784406;0.9778697;0.9778937;0.9779181;0.97794497;0.9779729;0.9779993;0.97803223;0.9780603;0.9780861;0.97811294;0.97813827;0.97816825;0.97819704;0.9782261;0.9782523;0.9782819;0.9783058;0.97833353;0.97835344;0.9783842;0.97841245;0.9784399;0.97846556;0.97849005;0.97851455;0.9785411;0.97856367;0.9785859;0.97861254;0.97863746;0.97866815;0.97869736;0.97872305;0.9787463;0.978708;0.97867155;0.97851115;0.9783589;0.97829175;0.9782345;0.9782609;0.9782529;0.9782308;0.97820836;0.9781515;0.97801864;0.9780265;0.97771734;0.97741205;0.9772921;0.97708285;0.97698003;0.9768817;0.9768622;0.9766537;0.9766028;0.9765498;0.976422;0.9763563;0.976384;0.9764108;0.97643834;0.97646654;0.976498;0.97652423;0.97655076;0.97657907;0.97660404;0.9766279;0.9766531;0.97668004;0.976707;0.9767331;0.9767599;0.9767891;0.97681576;0.9768452;0.97687316;0.9768936;0.9769207;0.976952;0.97697896;0.9770066;0.97703207;0.9770568;0.97708076;0.9771071;0.97712886;0.97714925;0.97717816;0.977207;0.9772276;0.97725123;0.9772748;0.977301;0.9773231;0.9773526;0.97737396;0.9773983;0.97742456;0.9774481;0.97747123;0.977494;0.97751707;0.9775401;0.9775654;0.9775906;0.9776115;0.9776386;0.9776637;0.9776864;0.977714;0.9777379;0.97776145;0.97778726;0.9778084;0.9778357;0.977859;0.97788197;0.9779068;0.97793263;0.97795284;0.9779779;0.9779977;0.9780207;0.9780456;0.9780726;0.978097;0.978122;0.97814256;0.9781687;0.9781904;0.97821206;0.9782362;0.9782581;0.9782849;0.9783104;0.9783377;0.9783597;0.9783893;0.9784174;0.97844195;0.9784622;0.9784806;0.978505;0.9785288;0.97855157;0.97857374;0.9785977;0.97862065;0.97863966;0.97866493;0.97869015;0.978715;0.9787363;0.97875834;0.9787756;0.9787994;0.97881776;0.9788358;0.9788574;0.9788769;0.9788969;0.9789204;0.97894007;0.9789623;0.9789868;0.97900665;0.9790273;0.97904587;0.97906756;0.9790922;0.97911406;0.9791365;0.9791555;0.979175;0.97919446;0.979215;0.9792358;0.97925574;0.979279;0.9793019;0.9793251;0.9793415;0.9793643;0.9793837;0.97940695;0.97938776;0.97936577;0.97934747;0.9792968;0.97923464;0.9792033;
0.6376812;0.6439394;0.6532663;0.6455224;0.67155427;0.7146341;0.7368421;0.74860334;0.74671054;0.75438595;0.7586207;0.76877236;0.77006507;0.76666665;0.7765043;0.78288287;0.7888514;0.7893057;0.77710843;0.77059656;0.7704807;0.77046037;0.77054167;0.7727536;0.7740144;0.77182645;0.7681234;0.76938367;0.76306957;0.7646787;0.7629464;0.7631009;0.76178557;0.7673387;0.762279;0.76221377;0.7663344;0.7673338;0.76917714;0.7699626;0.77035075;0.77237606;0.7735137;0.7745008;0.7724138;0.773596;0.7772006;0.7761152;0.77922076;0.7817245;0.7861886;0.7900913;0.7942229;0.79779226;0.8015756;0.8050314;0.8089142;0.81079185;0.8126437;0.8152174;0.81694233;0.8194444;0.82234275;0.82473785;0.82754266;0.83088994;0.8329594;0.8353107;0.8376932;0.84031975;0.8426815;0.8446804;0.847173;0.8492823;0.8511721;0.8534884;0.85535145;0.85746604;0.8592058;0.8611629;0.86299765;0.86441797;0.86573017;0.86733377;0.8688995;0.87055117;0.8719427;0.873519;0.8749049;0.87620485;0.8774963;0.87877893;0.88017493;0.88136816;0.88268876;0.88371766;0.8847448;0.88581747;0.88685477;0.8880414;0.88900894;0.89004815;0.8912411;0.8922815;0.8931496;0.8940449;0.89481086;0.8950703;0.8961625;0.8971173;0.8980923;0.8990613;0.8991048;0.89906496;0.9000119;0.90108085;0.90191054;0.9026252;0.90351784;0.9045027;0.90538263;0.9061629;0.906879;0.9075944;0.90834874;0.90902215;0.90982115;0.910416;0.9111064;0.9114349;0.9121804;0.9128596;0.913128;0.9136581;0.9141934;0.91466105;0.91508216;0.9153481;0.91550404;0.9157391;0.91574454;0.9162889;0.916906;0.9174974;0.9180714;0.9175778;0.91764927;0.9177046;0.9180734;0.91810894;0.918227;0.91791046;0.91839284;0.91888297;0.9193449;0.91953117;0.91934365;0.91976535;0.9203153;0.92083085;0.9213664;0.921875;0.922403;0.9229239;0.92340636;0.9238267;0.9242856;0.9246781;0.92478055;0.9252979;0.92581415;0.92588794;0.92604226;0.92601264;0.9264546;0.9268688;0.9271584;0.92740583;0.92776936;0.9282538;0.9286678;0.92903465;0.92945015;0.9298194;0.93019503;0.9305312;0.93093944;0.9313577;0.9317416;0.9321647;0.9325397;0.9329436;0.93328196;0.9336123;0.9339577;0.9342768;0.9346468;0.93501705;0.9353261;0.9356931;0.9360129;0.9363168;0.9366516;0.9369787;0.9372652;0.93762696;0.93790764;0.9382259;0.9384934;0.9387663;0.9390915;0.9394094;0.93974686;0.9400655;0.9403546;0.940641;0.9409503;0.9412491;0.9415054;0.94175947;0.9420325;0.94234496;0.94266444;0.9428743;0.94308263;0.9433502;0.9435718;0.94382817;0.9440691;0.9443177;0.94455767;0.9447924;0.94502515;0.9452716;0.9453505;0.94557476;0.94570524;0.9459383;0.9461664;0.94638956;0.946587;0.9468363;0.9470686;0.9472814;0.9474377;0.94751215;0.9476836;0.9479104;0.94810176;0.94828886;0.9485408;0.94874394;0.94897527;0.9491615;0.9493304;0.94954586;0.949749;0.94996876;0.95016336;0.9503795;0.9505862;0.950776;0.9509719;0.95117617;0.95137626;0.9515625;0.9517328;0.95189226;0.9520128;0.95217025;0.95234555;0.9525266;0.9527226;0.9529193;0.9530823;0.9532533;0.95341176;0.9535916;0.9538011;0.9539823;0.9541577;0.954308;0.95448524;0.95467824;0.9548145;0.95491153;0.9549655;0.95500183;0.95482135;0.9545475;0.95451826;0.95434105;0.95449555;0.9545537;0.9544835;0.9544961;0.9546562;0.9548152;0.954955;0.9551179;0.95529556;0.9554462;0.9555997;0.95574635;0.9558824;0.9560617;0.95618814;0.9563347;0.95649916;0.95665115;0.9567891;0.9569021;0.95704025;0.9571739;0.9573067;0.9573819;0.95749176;0.95762783;0.9576264;0.9573426;0.95703727;0.9571369;0.95697093;0.9568816;0.9567405;0.9566165;0.9567428;0.95686483;0.95700896;0.95716435;0.957303;0.9574511;0.957576;0.95768154;0.9578135;0.9579396;0.95808333;0.9581585;0.9582791;0.9582267;0.9583579;0.95849955;0.95861286;0.9587352;0.95884085;0.95877165;0.9588957;0.9588172;0.9589403;0.959069;0.9591782;0.95928377;0.9593964;0.95949626;0.9595925;0.95970047;0.9598184;0.9599162;0.9600194;0.9600954;0.96020216;0.96032304;0.9604315;0.9605467;0.9606438;0.96076494;0.96088386;0.96097934;0.96109414;0.9612125;0.9613246;0.961436;0.96153015;0.96162665;0.9617268;0.9618332;0.96194166;0.96200335;0.96209735;0.962199;0.96230394;0.96240705;0.96249783;0.9626129;0.9627079;0.96280104;0.9628937;0.96299237;0.96310574;0.96297693;0.9629604;0.9629807;0.9627647;0.96285206;0.96285605;0.9629454;0.96306676;0.9627921;0.96238583;0.9624468;0.96253717;0.9625754;0.96267986;0.96258366;0.9624781;0.9625783;0.96268535;0.96277344;0.9628648;0.9629521;0.96305215;0.96315175;0.963227;0.96331966;0.96342015;0.96349895;0.9635343;0.96362066;0.96370775;0.96380365;0.96390134;0.96397567;0.96405655;0.9641336;0.9642171;0.9643014;0.9643685;0.96443987;0.96451974;0.964607;0.96467954;0.9647529;0.96482813;0.9649085;0.96498954;0.9650659;0.96515155;0.96522295;0.96530575;0.96537656;0.9654533;0.9655256;0.96559966;0.96568274;0.9657561;0.9658281;0.96587604;0.96596277;0.966039;0.96611583;0.9661923;0.9662725;0.9663453;0.96640986;0.96649593;0.96657956;0.9666608;0.96671736;0.9667786;0.96684825;0.9669263;0.9669867;0.9670613;0.9671288;0.96720177;0.9672706;0.96733546;0.96740097;0.9674746;0.9675515;0.9676245;0.9676879;0.96774924;0.96782494;0.96789575;0.9679644;0.9680373;0.96809286;0.9681518;0.9682203;0.9682876;0.96834755;0.9684117;0.9684765;0.96855223;0.9686216;0.9686915;0.96874917;0.96880996;0.9688833;0.9689478;0.969007;0.96907187;0.969134;0.96918744;0.9692516;0.9693046;0.9693625;0.9694135;0.9694677;0.9695282;0.9695925;0.9696517;0.9697058;0.96975976;0.96981514;0.9698759;0.9699339;0.96988714;0.9698326;0.9698928;0.96994805;0.97000945;0.9700635;0.97012204;0.9701811;0.9702407;0.9703016;0.9703577;0.9704037;0.9704479;0.9705042;0.9705573;0.9706056;0.97066426;0.970719;0.9707765;0.9708434;0.970896;0.9709469;0.97100055;0.9710518;0.97111166;0.97116256;0.97121686;0.9712746;0.9713285;0.9713715;0.9714214;0.9714698;0.97152156;0.9715802;0.97164136;0.971696;0.9717244;0.97176963;0.9718244;0.97187966;0.97192645;0.9719074;0.9719635;0.972012;0.9720691;0.9721192;0.9721631;0.9722148;0.97226375;0.9723065;0.97236377;0.97242206;0.97246826;0.97251236;0.97256875;0.97261775;0.97265553;0.9727042;0.9727585;0.9728068;0.972855;0.97290677;0.9729571;0.9729939;0.9730414;0.97308433;0.973139;0.97317785;0.9732253;0.9732683;0.97331727;0.9733654;0.9734092;0.9734595;0.97349864;0.9735395;0.9735784;0.9736299;0.9736758;0.9737209;0.9737706;0.9738101;0.97385114;0.97390336;0.9739418;0.97398543;0.9740342;0.9740822;0.9741247;0.9741695;0.9742083;0.9742482;0.9742833;0.97432464;0.9743647;0.97440636;0.97445524;0.974496;0.97453105;0.9745716;0.9746221;0.97466683;0.97471136;0.974748;0.97479564;0.9748326;0.97487324;0.97491604;0.9749554;0.9749989;0.97503525;0.9750807;0.9751222;0.9751609;0.9751989;0.9752337;0.975264;0.975197;0.9752358;0.97527456;0.9752094;0.97524434;0.97515446;0.97498083;0.97472817;0.9745542;0.97409195;0.9734362;0.9731828;0.9726939;0.972252;0.97195435;0.9713866;0.97094923;0.97079927;0.97034436;0.9695422;0.96927947;0.9689104;0.9688071;0.9683582;0.96775794;0.9675706;0.9672033;0.9667127;0.9660309;0.9652176;0.96430767;0.963544;0.96263975;0.96183753;0.96083546;0.96030277;0.9596343;0.95886576;0.9583173;0.95734566;0.9561538;0.95473427;0.95385545;0.9529783;0.95170224;0.95073164;0.9496488;0.94817287;0.9471563;0.9461468;0.94441575;0.9430279;0.9416069;0.9401528;0.93859196;0.9372212;0.9360021;0.9345653;0.93344474;0.93225366;0.93088305;0.92989874;0.9285714;0.9273746;0.92598224;0.9247741;0.9234614;0.92225975;0.9210256;0.9196878;0.9179634;0.9166345;0.9153271;0.914041;0.91274095;0.91139215;0.91015196;0.90891516;0.907647;0.9062959;0.9048971;0.90355414;0.90242094;0.9010854;0.89997536;0.898681;0.89732254;0.8961034;0.89482015;0.893591;0.89233166;0.8910759;0.889807;0.8884918;0.8874458;0.8861707;0.88475084;0.88363135;0.8823835;0.8811393;0.8799637;0.8788726;0.87802756;0.8768279;0.8757123;0.87463164;0.8734252;0.8723822;0.87113404;0.8700328;0.86868006;0.86718893;0.86587656;0.8646154;0.86349916;0.8623858;0.8612441;0.8599652;0.8589542;0.8578215;0.8565837;0.8553186;0.85422623;0.853106;0.85200936;0.8510886;0.84990066;0.8488526;0.8477617;0.84670377;0.84569365;0.84470093;0.8436684;0.8427935;0.84192985;0.8406485;0.8395073;0.838322;0.8374057;0.8364619;0.8351971;0.8339361;0.8329855;0.83190596;0.8308874;0.82992923;0.8288576;0.82768774;0.82669383;0.8257884;0.8247847;0.823712;0.82269907;0.8214329;0.82048225;0.81935006;0.8181787;0.81705284;0.8159581;0.81503403;0.8138332;0.8127192;0.8115667;0.8105419;0.80958873;0.8085827;0.8077165;0.8066877;0.80566436;0.80464095;0.80348414;0.8023849;0.80131567;0.8002358;0.79929334;0.7983665;0.7974552;0.79642576;0.795399;0.7943084;0.7933004;0.79250634;0.79150283;0.7903572;0.78951657;0.788586;0.78743577;0.78652316;0.78541785;0.78450996;0.78366876;0.78253275;0.7813615;0.7803476;0.77942574;0.7783403;0.77743596;0.7766606;0.7756082;0.77447015;0.773537;0.7725809;0.7716648;0.7706258;0.7697767;0.7689419;0.76798475;0.7672281;0.7662258;0.76550967;0.76456106;0.76370066;0.76282996;0.7618391;0.7609117;0.7600474;0.7591122;0.7582519;0.75742984;0.7566577;0.7558151;0.75497425;0.753884;0.75294006;0.7519747;0.75097615;0.750075;0.7492233;0.7481378;0.7472199;0.746316;0.7455547;0.7446899;0.74378043;0.74289644;0.7421189;0.7412736;0.74045324;0.7396117;0.7386802;0.7378427;0.73694986;0.7361619;0.7354211;0.7345683;0.73364943;0.7327554;0.7318636;0.73091775;0.7300304;0.7292319;0.7284269;0.72755677;0.7266442;0.7258227;0.72494775;0.724108;0.7233252;0.7223354;0.72145784;0.720648;0.71978545;0.7188597;0.7179689;0.7171993;0.7164206;0.7156328;0.71478224;0.7139122;0.7131834;0.71248615;0.71161103;0.7107594;0.709984;0.7091892;0.7083961;0.7076469;0.7067942;0.7059435;0.70507395;0.7043214;0.7035704;0.70275867;0.7019695;0.7011718;0.7002933;0.69952;0.69878954;0.6980913;0.69724095;0.6965663;0.69575024;0.69496655;0.6941644;0.693445;0.69276756;0.6920007;0.69122547;0.6904018;0.6896802;0.6889701;0.6882116;0.6874937;0.6868477;0.6861533;0.6853911;0.68473923;0.6838916;0.68335056;0.6826633;0.6819186;0.6812049;0.68054146;0.67975277;0.6790921;0.67841333;0.6776006;0.6767995;0.67605793;0.67544746;0.67462265;0.6739911;0.6732843;0.6723887;0.6716568;0.67096436;0.67026395;0.6695461;0.6689334;0.668256;0.66761744;0.66688657;0.6661386;0.665327;0.66460115;0.66396034;0.66324663;0.6624606;0.6618331;0.66086656;0.66020536;0.6594448;0.65868604;0.6580657;0.6571919;0.65656525;0.6559489;0.65518004;0.6544761;0.6539446;0.6532074;0.6524629;0.65180945;0.6512288;0.65045315;0.6497682;0.6491468;0.6483584;0.64767784;0.6470428;0.64638263;0.6457676;0.64517134;0.6444975;0.6438599;0.6432565;0.6426649;0.64189225;0.641182;0.6404993;0.63986963;0.6392413;0.63860554;0.6380102;0.6373855;
0.27272728;0.37671232;0.42523363;0.47945204;0.53174603;0.55309737;0.59375;0.6142626;0.6185714;0.62468195;0.64252335;0.6466165;0.65148515;0.6564815;0.67126834;0.6741754;0.6775665;0.6873199;0.697832;0.7065712;0.71838003;0.72927845;0.7371722;0.7474086;0.75458837;0.7631313;0.77046007;0.7777778;0.78483886;0.79201406;0.798212;0.8050987;0.81145585;0.81631863;0.82051283;0.8251928;0.8302425;0.8345499;0.8394604;0.84398556;0.84753364;0.8507369;0.85443425;0.8580799;0.8609407;0.86392224;0.86696476;0.8701936;0.8726251;0.87460566;0.87612903;0.8760101;0.87691545;0.8792727;0.880845;0.8827103;0.88480955;0.8870895;0.8889626;0.8908933;0.8929866;0.89449346;0.896281;0.8975301;0.8990143;0.90055466;0.9017997;0.9031262;0.9048702;0.9061682;0.90741426;0.908344;0.9094843;0.9107714;0.91203785;0.9132388;0.91427594;0.9154455;0.91648644;0.91746134;0.91853297;0.91955125;0.92049414;0.9214766;0.922495;0.9234289;0.92423785;0.9250411;0.92590404;0.9267581;0.92692083;0.9276523;0.9283996;0.92899245;0.929771;0.93060887;0.9313898;0.9320258;0.93278426;0.9334736;0.93407166;0.93470126;0.9354015;0.93599796;0.9366867;0.93732196;0.9379902;0.93838865;0.93895245;0.9395205;0.94018406;0.94064623;0.9411423;0.9416705;0.9421563;0.94264054;0.94312316;0.94357437;0.94389945;0.9442745;0.94468546;0.94512;0.9455884;0.9460546;0.94647354;0.94694686;0.94729227;0.94768155;0.9481865;0.9485368;0.94896936;0.9494098;0.9497982;0.9502002;0.950567;0.9509143;0.951308;0.95163125;0.95199096;0.952332;0.95264184;0.9529997;0.95328814;0.9536111;0.95397526;0.9542806;0.95457786;0.95485926;0.9551096;0.9554118;0.9557522;0.95604205;0.9563244;0.9566474;0.95696205;0.9572219;0.95748585;0.9577675;0.95803505;0.9583265;0.95862067;0.95887095;0.95910513;0.95936257;0.95960075;0.95987093;0.96015316;0.9604068;0.960636;0.96088356;0.96108353;0.9612962;0.96151817;0.96172893;0.96192324;0.9621465;0.96234214;0.96253854;0.96277374;0.96298444;0.9631875;0.9633752;0.9635974;0.96376556;0.9639423;0.9641602;0.964378;0.96457106;0.96478873;0.9649605;0.96516633;0.9653344;0.96553355;0.9657097;0.96590906;0.9661107;0.9662765;0.96644294;0.9666274;0.9667969;0.9669518;0.9671265;0.9673077;0.96746206;0.9676026;0.967744;0.9679205;0.96806514;0.9682124;0.9683564;0.96850103;0.96864045;0.96880925;0.96895355;0.9690872;0.9692159;0.9693675;0.9695085;0.96964645;0.9697975;0.969931;0.97007394;0.9702068;0.9703419;0.97045875;0.9705916;0.9707115;0.97082716;0.97096497;0.9710917;0.97122383;0.97134346;0.97146696;0.9715988;0.9717232;0.971859;0.9719811;0.9720991;0.97224337;0.9723637;0.97248447;0.9726027;0.972736;0.97285503;0.9729629;0.9730686;0.97319174;0.9733082;0.9734195;0.9735175;0.9736216;0.973733;0.9738354;0.9739503;0.9740445;0.9741602;0.9742606;0.97434866;0.9744515;0.97456104;0.9746433;0.9747462;0.97483593;0.9749275;0.97500855;0.97511464;0.975209;0.97530985;0.97538847;0.9754772;0.97557;0.975661;0.97573626;0.9758248;0.97592866;0.9760113;0.97607654;0.9761738;0.9762559;0.9763352;0.9764347;0.9765118;0.97659475;0.97667825;0.97677064;0.97685397;0.97691786;0.9769866;0.9770673;0.9771546;0.97723216;0.9773091;0.97737354;0.97745955;0.9775419;0.97759914;0.97767663;0.9777535;0.97760385;0.9776844;0.9777653;0.97783995;0.977915;0.97799426;0.9780655;0.97814465;0.9782204;0.97828835;0.9783659;0.9784365;0.97850764;0.97857827;0.978644;0.9787146;0.97877866;0.97884053;0.978896;0.97895896;0.9790267;0.9790973;0.9791734;0.9792406;0.9789499;0.9790064;0.97906595;0.97912353;0.9791857;0.9792566;0.9793237;0.9793774;0.9794292;0.97933304;0.97937983;0.9794384;0.97949356;0.97955155;0.97961706;0.9796728;0.9797344;0.97979105;0.9798619;0.9799278;0.9798279;0.9798729;0.9799321;0.97999173;0.980051;0.9801196;0.9801855;0.9802392;0.98029995;0.98036104;0.9804095;0.98045987;0.98051494;0.9805669;0.9806228;0.98068196;0.9807337;0.98078173;0.98084056;0.9808942;0.98094827;0.98099047;0.9810474;0.9810939;0.98114944;0.9812001;0.98125905;0.9811672;0.9812233;0.98127383;0.9813318;0.9813811;0.9814314;0.9814853;0.9815344;0.9815852;0.9816388;0.98168147;0.98172957;0.9817706;0.9818194;0.98186004;0.9819035;0.9819498;0.98198867;0.9820309;0.982076;0.9820547;0.9820288;0.98207945;0.9821257;0.9821706;0.9822117;0.98225725;0.9823061;0.982342;0.98238516;0.982427;0.9824732;0.98251635;0.982566;0.9826076;0.9826456;0.9826901;0.9826076;0.9826206;0.9826726;0.9827149;0.9827548;0.9827967;0.98284006;0.9828837;0.9829218;0.9829586;0.98299533;0.98303396;0.98307294;0.9831149;0.9831629;0.9832029;0.9832447;0.9832812;0.98332006;0.9833608;0.9833953;0.98343366;0.9834708;0.98350835;0.9835477;0.9835868;0.9836228;0.9836601;0.98370165;0.9837372;0.98377734;0.9838125;0.98385566;0.9838891;0.98392427;0.9839602;0.98399603;0.9840391;0.98407316;0.9841117;0.9841441;0.98418045;0.9842084;0.98424447;0.984284;0.9843125;0.9843427;0.9843755;0.9844094;0.9844357;0.98447603;0.9845047;0.9844814;0.98451304;0.98454803;0.98458767;0.98461497;0.98456186;0.98458993;0.9846296;0.98466516;0.98469883;0.9847332;0.9847612;0.9847957;0.98483175;0.9848627;0.98489386;0.9849241;0.98495954;0.98498946;0.98502135;0.98505396;0.9850851;0.985117;0.9851464;0.98518;0.98521227;0.9852381;0.98526657;0.9852992;0.98533136;0.98536223;0.9854007;0.98543316;0.9854609;0.9854935;0.98551947;0.98554534;0.98557264;0.98560023;0.9856288;0.9856592;0.9856901;0.98572576;0.98575425;0.9857844;0.9858123;0.9858386;0.98586446;0.9858934;0.9859151;0.98593676;0.98596364;0.9859908;0.9860186;0.9860459;0.98606926;0.9861009;0.9861307;0.98615444;0.9861778;0.98620725;0.9862383;0.98626685;0.9862908;0.9863116;0.98633504;0.9863598;0.9863848;0.98640835;0.9864308;0.9864572;0.9864812;0.9865064;0.98653215;0.9865526;0.98657584;0.9865971;0.98662126;0.9866446;0.98667055;0.9865035;0.98652303;0.9865487;0.9865762;0.98660004;0.9866264;0.98664945;0.98667496;0.9866997;0.9867222;0.9867443;0.9867666;0.98679256;0.98682004;0.9868449;0.98686534;0.9868903;0.9869137;0.98693454;0.98695624;0.9869781;0.9870042;0.98702717;0.98704946;0.98707527;0.9870986;0.9871274;0.98714674;0.98716885;0.9871939;0.98721766;0.9872413;0.98726374;0.9872835;0.9872612;0.9872406;0.98726344;0.98728764;0.98731065;0.9872413;0.98725945;0.98721063;0.987233;0.9872567;0.9872761;0.9872963;0.98731834;0.9873412;0.9873612;0.9873858;0.9874048;0.987426;0.9874487;0.9874714;0.9874937;0.98751235;0.9875334;0.98755276;0.9875748;0.9875959;0.98761886;0.98764277;0.98766184;0.9876808;0.98770237;0.98770547;0.98766094;0.9876368;0.9876543;0.98767257;0.9876934;0.98771286;0.98773307;0.987755;0.9877751;0.98779273;0.9878155;0.9878338;0.98785025;0.98786765;0.98788273;0.9878996;0.98781484;0.9878356;0.9878534;0.98787296;0.987892;0.9879114;0.987928;0.98794806;0.9879653;0.9879825;0.9879997;0.9880195;0.98803604;0.9880545;0.988072;0.98809254;0.98811454;0.9881364;0.9881543;0.9881734;0.9881934;0.98821497;0.9882322;0.98824745;0.98826766;0.98828614;0.9883036;0.98832035;0.9883401;0.98836017;0.9883765;0.98839116;0.9884093;0.98842615;0.9884465;0.9884651;0.98848224;0.98849845;0.9885151;0.988533;0.98855;0.98856694;0.9885865;0.98860353;0.98861986;0.9886377;0.98865616;0.98867387;0.98861575;0.9886297;0.98864496;0.9886602;0.98867536;0.98869205;0.9887078;0.9887233;0.98874086;0.9887591;0.98877484;0.9887895;0.98880476;0.9888221;0.9888379;0.98885477;0.9888696;0.98888654;0.988902;0.98891735;0.9889321;0.9889463;0.988962;0.9889782;0.9889944;0.98900807;0.98902357;0.98903966;0.9890567;0.9890747;0.9890874;0.98910344;0.9891154;0.9891322;0.9891444;0.9891603;0.98917794;0.9891936;0.98920894;0.9892243;0.98924035;0.98925424;0.98927045;0.9892868;0.98930126;0.9893144;0.989331;0.98934716;0.98936284;0.9893799;0.9893953;0.9894107;0.989426;0.989441;0.98945487;0.98946893;0.9894652;0.989482;0.9894062;0.98936474;0.9893596;0.989305;0.9893178;0.9891558;0.9891715;0.9891875;0.98904455;0.9890418;0.98901993;0.98903686;0.9889285;0.98889047;0.9888728;0.9887812;0.9887976;0.98872244;0.9887208;0.98871726;0.9885746;0.9885896;0.9886037;0.9886199;0.9886344;0.9886484;0.9886645;0.98868024;0.98869747;0.9887125;0.98872626;0.98874027;0.98875594;0.9887729;0.9887862;0.9887985;0.9888138;0.9888289;0.9888438;0.9888586;0.98887056;0.98888344;0.98889774;0.9889115;0.98892707;0.9889413;0.9889563;0.98896927;0.98898375;0.9889979;0.9890115;0.9890237;0.989037;0.98905313;0.9890499;0.98906386;0.9890599;0.98907286;0.98908937;0.98909956;0.98911494;0.98898387;0.9889999;0.9890134;0.9890255;0.9890407;0.9890553;0.98906916;0.9890835;0.9890989;0.9891119;0.98912597;0.9891384;0.9891496;0.9891634;0.9891745;0.9891863;0.9891984;0.9892105;0.9892234;0.9892377;0.9892523;0.9892664;0.98927957;0.9892937;0.9893078;0.9893228;0.98933506;0.9893484;0.98936105;0.98937345;0.9893867;0.9893994;0.989413;0.9894275;0.9894394;0.9894548;0.9894695;0.9894827;0.98949283;0.9895046;0.98951715;0.989529;0.98944867;0.9894641;0.98947567;0.98949003;0.98950136;0.989513;0.98952657;0.9895384;0.9895512;0.9895632;0.98957425;0.98958606;0.98959935;0.98961234;0.9896254;0.9896366;0.9896463;0.9896599;0.9896717;0.9896812;0.9896926;0.9897024;0.9896975;0.9897111;0.9896318;0.989538;0.98948973;0.9894257;0.9894214;0.9894358;0.9894478;0.98945946;0.9894732;0.98948246;0.9894934;0.9895042;0.98951405;0.9895262;0.9895382;0.9895481;0.9895602;0.98957175;0.9895835;0.98959535;0.98960704;0.98962003;0.9896321;0.98964494;0.9896574;0.9896671;0.9896788;0.9896883;0.9896991;0.9897101;0.98972154;0.98973095;0.98974246;0.98975396;0.9897668;0.98977655;0.9897886;0.9898003;0.9898118;0.989823;0.98983634;0.9898478;0.9898623;0.98987263;0.98988205;0.98989177;0.9899021;0.9899129;0.989924;0.98993456;0.9899456;0.9899556;0.9899509;0.9899608;0.9899728;0.98998487;0.9899813;0.98999256;0.99000347;0.990014;0.99002546;0.9900367;0.9900476;0.99005747;0.9900668;0.9900776;0.9900865;0.99009645;0.99010575;0.99011654;0.99012667;0.9901375;0.9901478;0.99015826;0.990168;0.99017787;0.9901885;0.9901976;0.9901398;0.99014956;0.99015856;0.9901699;0.9901235;0.99013454;0.990146;0.99015754;0.99016935;0.9901796;0.9901905;0.9902007;0.9902131;0.9902243;0.9902343;0.99024415;0.99025524;0.9902664;0.9902766;0.9902301;0.9902396;0.99024993;0.9902601;0.9902704;0.99028265;0.99029195;0.9903027;0.99031246;0.99032265;0.9903321;0.9903429;0.9903542;0.9903636;0.9903739;0.9903849;0.9903951;0.9904036;0.9904155;0.99042404;0.990434;0.9904452;0.9904558;0.99046546;0.9904753;0.9904827;0.990493;0.99050194;0.99051106;0.9905222;0.9905328;0.99054176;0.9905531;0.9905635;0.9905713;0.9905832;0.9905929;0.99060285;0.99061257;0.9906206;0.99063015;0.9906382;0.9906466;0.99065554;0.99066514;0.99067456;0.99068385;0.9906935;0.99070424;0.9907123;
