0.0192144, 0.0589854, 0.0945047, 0.2115711, 0.1645409, 0.0822131, 0.0047579, 0.0038578, 0.0084642, 0.1022658, 0.0800165, 0.1696082
0.0301191, 0.0396523, 0.0439098, 0.0711005, 0.193156, 0.1927865, 0.0036427, 0.0052166, 0.0089908, 0.0669873, 0.2523225, 0.0921159
0.0238875, 0.0252727, 0.0906258, 0.2959724, 0.1186364, 0.2221416, 0.0025928, 0.0026223, 0.0035253, 0.0603159, 0.103086, 0.0513213
0.0630363, 0.0260511, 0.0851795, 0.1582089, 0.1393643, 0.2392967, 0.0046746, 0.0030357, 0.0211139, 0.03702, 0.0774344, 0.1455846
0.0230384, 0.0987586, 0.0562735, 0.1879921, 0.0779028, 0.1646572, 0.0041711, 0.0045226, 0.0116186, 0.1257747, 0.057819, 0.1874714
0.0100949, 0.0230565, 0.1077982, 0.1981195, 0.1615188, 0.267734, 0.002726, 0.0025376, 0.0049501, 0.0579848, 0.0244472, 0.1390324
0.0430298, 0.03261, 0.0874923, 0.0985758, 0.1540067, 0.304243, 0.0026938, 0.0047118, 0.0081398, 0.0256291, 0.1470014, 0.0918665
0.0333245, 0.0209549, 0.064905, 0.0953295, 0.1854272, 0.2923709, 0.0035171, 0.0041215, 0.0072708, 0.0444206, 0.0910789, 0.1572791
0.0297636, 0.0096821, 0.1204155, 0.1461482, 0.1765995, 0.1676448, 0.0042527, 0.0049892, 0.0094921, 0.0809739, 0.1900824, 0.059956
0.0227326, 0.0225444, 0.1159508, 0.1444401, 0.0755033, 0.2069213, 0.0049797, 0.003445, 0.0120719, 0.0628043, 0.1230265, 0.2055801
0.0385189, 0.0373408, 0.1006899, 0.04398, 0.1783703, 0.0342645, 0.0036707, 0.0079314, 0.0142674, 0.0923559, 0.2955774, 0.1530328
0.0229004, 0.048504, 0.0474806, 0.1325892, 0.1635243, 0.1900076, 0.0045395, 0.0056495, 0.0137649, 0.1258305, 0.0498538, 0.1953557
0.018303, 0.0602093, 0.1166271, 0.2055035, 0.1273605, 0.1006146, 0.0036027, 0.0055608, 0.0064572, 0.0505093, 0.1025461, 0.2027059
0.0358961, 0.0272807, 0.050092, 0.2123969, 0.24455, 0.1164173, 0.0030211, 0.0057879, 0.0048149, 0.0891957, 0.0745057, 0.1360417
0.0273121, 0.0509298, 0.0663532, 0.1885631, 0.2029208, 0.1668655, 0.0028802, 0.004231, 0.00898, 0.082471, 0.0973695, 0.1011238
0.0430512, 0.0610072, 0.1027042, 0.1536236, 0.1589589, 0.0817661, 0.0039727, 0.0047827, 0.0128038, 0.0514112, 0.1790597, 0.1468587
0.0155127, 0.0355474, 0.1416386, 0.2265536, 0.1506425, 0.1664844, 0.0032359, 0.0033681, 0.0043396, 0.0571619, 0.1632194, 0.0322959
0.0391847, 0.0389941, 0.1148096, 0.0876601, 0.1468, 0.1553951, 0.0043469, 0.0056042, 0.0112188, 0.1831264, 0.119424, 0.0934361
0.0277717, 0.0373673, 0.1120828, 0.14447, 0.1350213, 0.1673248, 0.0036281, 0.0035978, 0.0151555, 0.0579122, 0.1517393, 0.1439292
0.0123716, 0.0516732, 0.0815831, 0.1250243, 0.0764945, 0.3147439, 0.0043425, 0.005385, 0.0094236, 0.0421576, 0.1146268, 0.1621739
0.0253115, 0.031574, 0.0372968, 0.1331372, 0.1576948, 0.3623821, 0.0029851, 0.0035246, 0.0061562, 0.0196371, 0.1163341, 0.1039665
0.049896, 0.0576924, 0.063155, 0.2485797, 0.0905123, 0.0802725, 0.0036295, 0.0046305, 0.0136597, 0.0925533, 0.0575021, 0.237917
0.0389549, 0.0449239, 0.1067563, 0.1239446, 0.1300636, 0.1440113, 0.0038524, 0.0034106, 0.0091196, 0.1234549, 0.0904756, 0.1810323
0.026177, 0.0282688, 0.1190868, 0.1282901, 0.1507726, 0.1673698, 0.0029277, 0.0059498, 0.0048732, 0.1002444, 0.1467606, 0.1192792
0.038524, 0.0226528, 0.1675156, 0.0974414, 0.1120069, 0.2117787, 0.0043868, 0.0030055, 0.0120084, 0.0771824, 0.1358326, 0.1176649
0.0056697, 0.0800962, 0.1250427, 0.1162419, 0.2041368, 0.0574264, 0.0037359, 0.0037214, 0.0060925, 0.0521779, 0.1215245, 0.2241341
0.0165234, 0.0340396, 0.107618, 0.0947175, 0.1582189, 0.1363799, 0.0032396, 0.0047368, 0.0071237, 0.0837883, 0.1477507, 0.2058636
0.0372547, 0.0207331, 0.0955518, 0.0963156, 0.1580347, 0.2213533, 0.0040816, 0.0069958, 0.0053373, 0.0831949, 0.0859587, 0.1851885
0.0137139, 0.0410494, 0.068924, 0.13346, 0.2838437, 0.2619067, 0.0021363, 0.0043832, 0.0035989, 0.0519327, 0.0313511, 0.1037001
0.0160082, 0.0664109, 0.07035, 0.3045308, 0.1789954, 0.1210506, 0.002575, 0.0063255, 0.0087599, 0.0403923, 0.0375118, 0.1470896
0.0295785, 0.0129033, 0.143153, 0.1689321, 0.0931327, 0.2650461, 0.0036388, 0.0039967, 0.00727, 0.0118763, 0.0968, 0.1636725
0.0320884, 0.0128722, 0.0661302, 0.2441488, 0.1620458, 0.3055556, 0.0024079, 0.00355, 0.0066419, 0.039087, 0.0442477, 0.0812245
0.0245076, 0.0682999, 0.0478033, 0.1667727, 0.2291517, 0.1419772, 0.00281, 0.004527, 0.0137603, 0.0267436, 0.0914793, 0.1821674
0.0209728, 0.0420238, 0.0950572, 0.2095796, 0.1197646, 0.1919703, 0.0026363, 0.0079249, 0.0110934, 0.0317457, 0.1410181, 0.1262133
0.0274497, 0.0411533, 0.0186386, 0.3063413, 0.178315, 0.2252091, 0.0029441, 0.003765, 0.0093414, 0.0605736, 0.0742531, 0.0520158
0.0345437, 0.0301093, 0.0519473, 0.1978728, 0.1996878, 0.1994584, 0.0040734, 0.0038133, 0.0078102, 0.0608835, 0.057939, 0.1518613
0.0418688, 0.0325687, 0.069837, 0.1802893, 0.0936235, 0.2865875, 0.0030309, 0.005195, 0.0130864, 0.0509107, 0.1507802, 0.072222
0.0205524, 0.0473557, 0.0468303, 0.132529, 0.1391573, 0.2444649, 0.0046921, 0.004582, 0.0059221, 0.1235695, 0.1793934, 0.0509513
0.0401022, 0.0184311, 0.0505799, 0.144695, 0.187993, 0.2128135, 0.0030649, 0.002346, 0.0098293, 0.0543777, 0.1584257, 0.1173417
0.0470299, 0.0285425, 0.0859072, 0.3042426, 0.0714362, 0.1801045, 0.0038365, 0.0038185, 0.0091296, 0.0247219, 0.0880581, 0.1531725
0.0535174, 0.0383867, 0.0853402, 0.1052997, 0.171273, 0.109527, 0.0033458, 0.0041695, 0.0115504, 0.1326506, 0.1297007, 0.155239
0.0412489, 0.0193102, 0.1038468, 0.2123698, 0.135038, 0.1771427, 0.0031448, 0.0038411, 0.0117731, 0.0544066, 0.1045706, 0.1333074
0.0138548, 0.0386696, 0.0840734, 0.2301408, 0.0873856, 0.2366592, 0.0034883, 0.0041114, 0.0041051, 0.0703171, 0.0563533, 0.1708414
0.012905, 0.0548474, 0.1042313, 0.1484714, 0.1460262, 0.2428033, 0.002901, 0.0052273, 0.0077241, 0.0696956, 0.0904876, 0.1146798
0.0356468, 0.0508798, 0.0757205, 0.2839384, 0.0819944, 0.0701658, 0.0049892, 0.0046589, 0.0150355, 0.1233979, 0.1802864, 0.0732864
0.0351588, 0.0220544, 0.0518586, 0.1358423, 0.1708945, 0.2017252, 0.004652, 0.0033471, 0.0074982, 0.0795051, 0.1584403, 0.1290235
0.0305488, 0.0298987, 0.073735, 0.1583969, 0.2142149, 0.1782368, 0.0030507, 0.0028203, 0.0082276, 0.006153, 0.1435665, 0.1511508
0.0284595, 0.0214793, 0.0738855, 0.2953181, 0.1591254, 0.1191568, 0.0034127, 0.003968, 0.00485, 0.0811144, 0.0748658, 0.1343645
0.0454245, 0.0338089, 0.0734842, 0.1326073, 0.0979835, 0.0764864, 0.0056376, 0.0057694, 0.0053168, 0.1167954, 0.1999958, 0.2066902
0.0239278, 0.0330258, 0.1136581, 0.1450544, 0.1433493, 0.1985214, 0.0037404, 0.0054081, 0.0075762, 0.0400951, 0.1623882, 0.1232552
0.0282636, 0.0320777, 0.0599101, 0.1684309, 0.1590289, 0.3102673, 0.0016179, 0.0018956, 0.0113122, 0.0292265, 0.0703286, 0.1276407
0.0588931, 0.0371362, 0.0878756, 0.1565247, 0.0773606, 0.1741049, 0.0049953, 0.0038009, 0.013907, 0.0713343, 0.2331459, 0.0809215
0.0293868, 0.0361807, 0.0678496, 0.2706888, 0.195848, 0.1180071, 0.0031841, 0.0061107, 0.0072071, 0.0756758, 0.0678948, 0.1219665
0.0176955, 0.0396277, 0.0372052, 0.1736289, 0.2455307, 0.40369, 0.0019874, 0.0019987, 0.0032565, 0.0092164, 0.0371567, 0.0290063
0.0326647, 0.0342257, 0.0284496, 0.2098346, 0.1794913, 0.0900338, 0.0038266, 0.0053105, 0.0043976, 0.0755084, 0.152095, 0.1841622
0.0159774, 0.0789398, 0.1300519, 0.1296311, 0.219086, 0.1603994, 0.0035942, 0.0027761, 0.0049847, 0.0574913, 0.1446026, 0.0524655
0.0223622, 0.0331317, 0.0816405, 0.0800814, 0.2463572, 0.201002, 0.0027057, 0.0030739, 0.0081512, 0.0373626, 0.2348815, 0.0492501
0.0079837, 0.0775116, 0.0479677, 0.1551107, 0.1327272, 0.2952805, 0.0045412, 0.006317, 0.0040799, 0.0353696, 0.116438, 0.1166729
0.0206203, 0.1147952, 0.077674, 0.1010713, 0.2152524, 0.2327476, 0.0029634, 0.0024888, 0.0148104, 0.0165768, 0.0798171, 0.1211827
0.0317759, 0.0207495, 0.1366086, 0.1885002, 0.2942364, 0.1094229, 0.0032751, 0.0044517, 0.0154809, 0.0061617, 0.1273393, 0.0619978
0.0269461, 0.0191885, 0.0389524, 0.275082, 0.1317065, 0.2228305, 0.0027096, 0.0029144, 0.0040854, 0.0377206, 0.1887899, 0.0490741
0.0191431, 0.0351191, 0.030106, 0.1339699, 0.2280804, 0.2598759, 0.0023843, 0.0022597, 0.0025676, 0.0060475, 0.1835151, 0.0969314
0.0464845, 0.0324121, 0.0615397, 0.2039266, 0.0786582, 0.1469501, 0.0039322, 0.0069825, 0.0065763, 0.0304196, 0.1450011, 0.2371171
0.0271335, 0.0173, 0.0915627, 0.2221352, 0.2133852, 0.0922039, 0.002693, 0.0028994, 0.0049064, 0.0713134, 0.1500349, 0.1044324
0.025638, 0.0581977, 0.0894906, 0.1741873, 0.147157, 0.0633572, 0.0061426, 0.0054337, 0.0080321, 0.1341465, 0.178006, 0.1102113
0.0351147, 0.0245685, 0.0985201, 0.202008, 0.2552026, 0.1196051, 0.0034366, 0.0024975, 0.0043192, 0.0833889, 0.0576898, 0.113649
0.0282954, 0.0074716, 0.0651243, 0.2134859, 0.1657092, 0.1927764, 0.0048593, 0.0038372, 0.0032329, 0.0669886, 0.1609377, 0.0872815
0.03701, 0.022859, 0.1254663, 0.1469486, 0.1940895, 0.1492702, 0.0032746, 0.0063582, 0.0102335, 0.0494442, 0.1358185, 0.1192274
0.0173819, 0.0896802, 0.087772, 0.1453273, 0.1139659, 0.2813304, 0.0031891, 0.0032521, 0.0137533, 0.0702589, 0.0724222, 0.1016667
0.0204493, 0.0472242, 0.0810828, 0.1178376, 0.3344016, 0.0109459, 0.0038169, 0.0042906, 0.0121884, 0.1010026, 0.0979119, 0.1688482
0.0235616, 0.0269538, 0.0733306, 0.1720249, 0.1569866, 0.1469051, 0.0037188, 0.0043214, 0.0069448, 0.1028211, 0.2090597, 0.0733716
0.0261952, 0.0622116, 0.0680261, 0.1404258, 0.3258982, 0.0769504, 0.0047041, 0.0034227, 0.004349, 0.0377463, 0.1239687, 0.1261019
0.0292203, 0.0273849, 0.0859992, 0.1699305, 0.266739, 0.1581967, 0.0027064, 0.0035387, 0.0129558, 0.0470944, 0.0483043, 0.1479298
0.0142976, 0.0428367, 0.0611837, 0.1361977, 0.2339203, 0.1487831, 0.0042207, 0.003706, 0.0049613, 0.1044814, 0.0314437, 0.2139678
0.0167612, 0.0317107, 0.0316663, 0.1381935, 0.4158152, 0.1779882, 0.0021953, 0.0034971, 0.0059794, 0.0239708, 0.0542572, 0.0979651
0.0181737, 0.0263554, 0.0810755, 0.2706131, 0.1513542, 0.0676073, 0.0036066, 0.0038386, 0.0096287, 0.1366151, 0.0359032, 0.1952286
0.024075, 0.04324, 0.051321, 0.2051251, 0.1146161, 0.2761141, 0.0040074, 0.0028692, 0.0161205, 0.066856, 0.0695766, 0.126079
0.0205808, 0.01919, 0.0300715, 0.2728406, 0.1183136, 0.2692419, 0.0034636, 0.0020466, 0.010837, 0.0279683, 0.1209968, 0.1044493
0.0192026, 0.0257275, 0.1121787, 0.2599914, 0.0889497, 0.1698142, 0.0041903, 0.004328, 0.0074967, 0.074635, 0.0813965, 0.1520894
0.017456, 0.0485355, 0.1054522, 0.1281397, 0.2046654, 0.1779569, 0.0032951, 0.0047415, 0.0104624, 0.0321393, 0.1143119, 0.1528441
0.0281373, 0.0204558, 0.0631322, 0.1846648, 0.1565645, 0.2589306, 0.0030498, 0.0049601, 0.0069625, 0.0344444, 0.1331294, 0.1055686
0.0283095, 0.0430093, 0.0453433, 0.3015956, 0.1194099, 0.1144278, 0.0053321, 0.003412, 0.0088638, 0.0482521, 0.0596542, 0.2223904
0.0220528, 0.0354437, 0.042725, 0.1719389, 0.0324658, 0.1935731, 0.0041624, 0.0040161, 0.0161406, 0.0794093, 0.1897536, 0.2083187
0.0419143, 0.0690824, 0.0899299, 0.1934025, 0.0531494, 0.2065307, 0.0040298, 0.0051204, 0.0102586, 0.1163038, 0.0424847, 0.1677935
0.0272371, 0.0449885, 0.0481305, 0.1867013, 0.2038374, 0.1053445, 0.0041613, 0.003196, 0.0094442, 0.0581828, 0.1534482, 0.1553282
0.0154786, 0.0324164, 0.1166821, 0.3083015, 0.1653576, 0.0523392, 0.0038852, 0.0036769, 0.0056992, 0.0620006, 0.0266223, 0.2075404
0.0291404, 0.0245638, 0.0339152, 0.0895159, 0.2836063, 0.0973809, 0.0039865, 0.0029864, 0.0090854, 0.0692924, 0.2583344, 0.0981924
0.0385113, 0.049259, 0.0549343, 0.1386883, 0.2923958, 0.0895405, 0.002726, 0.0048436, 0.011395, 0.0521383, 0.1014504, 0.1641175
0.0305641, 0.0399674, 0.0417396, 0.1353632, 0.2316722, 0.1327361, 0.0049599, 0.0062708, 0.0078883, 0.0249591, 0.1959345, 0.1479448
0.0244823, 0.0178129, 0.0570089, 0.1587594, 0.1603842, 0.1500412, 0.0028886, 0.0043555, 0.0063507, 0.1445313, 0.0903484, 0.1830366
0.0119186, 0.0607194, 0.0842065, 0.1479985, 0.0862493, 0.1854629, 0.0043672, 0.0059159, 0.0063147, 0.0758145, 0.0888023, 0.2422302
0.0267399, 0.0209834, 0.0492653, 0.2699119, 0.2901454, 0.0742249, 0.0036709, 0.0037672, 0.0049719, 0.1091058, 0.0702609, 0.0769525
0.0612131, 0.0365588, 0.0284159, 0.1890919, 0.1409664, 0.1155088, 0.0047469, 0.0043418, 0.0203739, 0.0531896, 0.2156458, 0.1299471
0.0090307, 0.0211261, 0.1183664, 0.1475508, 0.2278157, 0.2282021, 0.0024155, 0.0035107, 0.0043355, 0.0579459, 0.0687933, 0.1109073
0.0235544, 0.0475203, 0.0735612, 0.2655977, 0.2140888, 0.2379878, 0.0025141, 0.0024601, 0.0103544, 0.0488259, 0.0556481, 0.0178872
0.0347711, 0.0502857, 0.074089, 0.2017344, 0.138386, 0.1446626, 0.0037956, 0.00429, 0.014231, 0.1095747, 0.1417456, 0.0824343
0.0298759, 0.0456067, 0.0605062, 0.2655911, 0.1502667, 0.0751063, 0.0041031, 0.0050998, 0.0085724, 0.0827091, 0.0941692, 0.1783935
0.024242, 0.0438385, 0.0742072, 0.1443594, 0.1842996, 0.1837913, 0.004811, 0.0028455, 0.0089408, 0.0283969, 0.1762319, 0.1240359
0.0248126, 0.0661254, 0.0500322, 0.2742896, 0.1335798, 0.2252431, 0.0034229, 0.0040683, 0.0125471, 0.0133012, 0.0672567, 0.1253211
0.0112727, 0.0307195, 0.0248795, 0.255935, 0.2166066, 0.1601535, 0.0030504, 0.0037895, 0.0059585, 0.0349217, 0.122955, 0.1297581
0.0214125, 0.0370561, 0.0565614, 0.2065124, 0.2346382, 0.1256848, 0.0037064, 0.0020861, 0.0059463, 0.0943162, 0.1197509, 0.0923287
0.0226209, 0.0511757, 0.088487, 0.1418592, 0.1904794, 0.2337277, 0.0032458, 0.0027505, 0.007084, 0.1241824, 0.0434933, 0.0908941
0.0244228, 0.0091958, 0.109831, 0.0851661, 0.262759, 0.2405974, 0.0033878, 0.0022493, 0.0048069, 0.0534034, 0.1402318, 0.0639487
0.0258481, 0.0377528, 0.0735919, 0.2081366, 0.1098523, 0.2184921, 0.0031991, 0.0028368, 0.0110797, 0.0557456, 0.1575363, 0.0959287
0.0395583, 0.0420342, 0.0331533, 0.2654002, 0.1616359, 0.1321454, 0.00386, 0.0070702, 0.0100718, 0.0864568, 0.0614849, 0.157129
0.0195535, 0.0319995, 0.0899276, 0.1118774, 0.1360154, 0.2561658, 0.0029324, 0.0025753, 0.0053657, 0.0325616, 0.1501008, 0.160925
0.0248086, 0.0542574, 0.0460422, 0.0845066, 0.2035116, 0.285091, 0.0026644, 0.0040669, 0.0076001, 0.0358707, 0.1774904, 0.0740901
0.0307079, 0.0315832, 0.0447034, 0.1200778, 0.2491038, 0.2242408, 0.0025938, 0.0059409, 0.0035165, 0.0309855, 0.0561008, 0.2004456
0.0255021, 0.0350103, 0.0432098, 0.2377735, 0.1529394, 0.2263447, 0.0032949, 0.0043907, 0.0083988, 0.1544695, 0.0461647, 0.0625016
0.0321475, 0.0403127, 0.060125, 0.1817283, 0.2802426, 0.0746954, 0.0023121, 0.0067389, 0.006743, 0.1109621, 0.1560193, 0.0479731
0.0284016, 0.0364188, 0.0867006, 0.1616334, 0.2504965, 0.19981, 0.003523, 0.0018846, 0.0052531, 0.034545, 0.1020944, 0.089239
0.0274824, 0.0189367, 0.0854207, 0.2006319, 0.2847403, 0.0744082, 0.0037017, 0.0041371, 0.0059769, 0.1061604, 0.0376634, 0.1507403
0.0214086, 0.0355712, 0.0906404, 0.0468851, 0.3991163, 0.1521294, 0.0032965, 0.0022593, 0.0115325, 0.0338901, 0.0048258, 0.1984448
0.0262657, 0.043049, 0.0477799, 0.2032619, 0.1595974, 0.2018478, 0.0030094, 0.0055509, 0.0059555, 0.0122697, 0.2024933, 0.0889195
0.0248545, 0.037872, 0.0533937, 0.1146747, 0.2972203, 0.1442494, 0.0035824, 0.0041884, 0.0158878, 0.0289291, 0.1373024, 0.1378453
0.0284537, 0.0443665, 0.1107245, 0.332826, 0.1473155, 0.1014332, 0.004999, 0.0027806, 0.0116528, 0.0390038, 0.0253652, 0.1510792
