0.0379168, 0.0294708, 0.1292507, 0.129795, 0.255875, 0.1946675, 0.0032715, 0.0047158, 0.0071196, 0.0181995, 0.0755681, 0.1141497
0.0181216, 0.0542933, 0.0463702, 0.2119323, 0.1406748, 0.1666281, 0.0026229, 0.0069465, 0.0046271, 0.0730424, 0.1638274, 0.1109134
0.0352347, 0.0134249, 0.1566847, 0.2553727, 0.1292257, 0.1677558, 0.0038956, 0.0041116, 0.0100713, 0.0329683, 0.0267085, 0.1645462
0.0134199, 0.0313656, 0.1126663, 0.2868825, 0.0784023, 0.2401498, 0.0037272, 0.005606, 0.0028031, 0.0778369, 0.0932179, 0.0539225
0.0304504, 0.0541016, 0.1255368, 0.213967, 0.1444533, 0.1723714, 0.0035671, 0.0038289, 0.010579, 0.0385001, 0.1282484, 0.074396
0.047814, 0.0263569, 0.0866175, 0.0774751, 0.1085985, 0.2049224, 0.0056945, 0.0061092, 0.0146925, 0.0528406, 0.1982184, 0.1706604
0.0458186, 0.0402164, 0.0362223, 0.25408, 0.2461278, 0.0653079, 0.0040095, 0.0036792, 0.0067652, 0.0459797, 0.0870993, 0.1646941
0.0249847, 0.0363009, 0.1235446, 0.1678444, 0.3020924, 0.1747561, 0.0045258, 0.0029477, 0.0024104, 0.0450035, 0.0276608, 0.0879287
0.0387411, 0.0320287, 0.0466673, 0.1429215, 0.2239899, 0.1981323, 0.0035532, 0.0025142, 0.0057143, 0.0852847, 0.1250878, 0.095365
0.0531701, 0.0302865, 0.0390509, 0.1128699, 0.2447654, 0.129557, 0.0054478, 0.0031297, 0.0116519, 0.1187404, 0.1407584, 0.110572
0.0196344, 0.0339871, 0.0445154, 0.3557645, 0.234174, 0.1056187, 0.0034086, 0.0041749, 0.0035043, 0.0612809, 0.0860917, 0.0478455
0.0266816, 0.035502, 0.0596981, 0.2011661, 0.2761974, 0.1724155, 0.004056, 0.002743, 0.006598, 0.0536052, 0.0813545, 0.0799826
0.0268496, 0.0432769, 0.0326953, 0.202163, 0.2064327, 0.2208215, 0.0045517, 0.0040366, 0.0050578, 0.0392085, 0.0580495, 0.1568569
0.0285601, 0.0348091, 0.0586915, 0.0967326, 0.2536349, 0.2658434, 0.0042046, 0.0027767, 0.002632, 0.0406531, 0.0459978, 0.1654642
0.0171747, 0.0499918, 0.0920673, 0.2720429, 0.0842539, 0.0986466, 0.0041355, 0.0048786, 0.0049906, 0.0648605, 0.1311533, 0.1758043
0.0255823, 0.0378218, 0.076227, 0.1649871, 0.2472581, 0.0982269, 0.0029318, 0.0048815, 0.012635, 0.0455583, 0.0698629, 0.2140273
0.027807, 0.0318594, 0.0889531, 0.096462, 0.1703972, 0.1939214, 0.0037153, 0.0028165, 0.0059176, 0.1644615, 0.0453971, 0.1682919
0.0321714, 0.0530866, 0.0355114, 0.2037389, 0.1158752, 0.1697315, 0.0043588, 0.0049616, 0.0179268, 0.1122171, 0.0765473, 0.1738734
0.0298095, 0.0326386, 0.1002525, 0.2251701, 0.2496822, 0.0807226, 0.0040807, 0.0036635, 0.0084265, 0.0606439, 0.0844886, 0.1204213
0.0422963, 0.0639514, 0.0893161, 0.1823226, 0.3211398, 0.070819, 0.0039615, 0.004763, 0.0085524, 0.0755652, 0.0811654, 0.0561473
0.0093805, 0.0629634, 0.0793881, 0.1563805, 0.1557941, 0.1245997, 0.0034397, 0.0033646, 0.0086596, 0.0756065, 0.1308056, 0.1896177
0.0241194, 0.045109, 0.0970055, 0.2425392, 0.3183892, 0.05786, 0.0034905, 0.0022817, 0.0076165, 0.0538803, 0.0326315, 0.1150772
0.0364677, 0.0434279, 0.0270832, 0.1942475, 0.1009357, 0.1425787, 0.0029214, 0.0048113, 0.0089341, 0.0688331, 0.2360985, 0.1336609
0.0302396, 0.0308071, 0.1299645, 0.2959172, 0.0409724, 0.0929457, 0.0038726, 0.0067463, 0.0153215, 0.0930486, 0.0705484, 0.1896161
0.0260375, 0.0189513, 0.0770796, 0.1720126, 0.1967409, 0.2177943, 0.0036663, 0.0035877, 0.0060385, 0.0344773, 0.1274635, 0.1161505
0.0356823, 0.0216737, 0.0672881, 0.1664193, 0.0119365, 0.3252065, 0.0035151, 0.0042729, 0.0049926, 0.0536086, 0.1314276, 0.1739768
0.0186506, 0.0279022, 0.0590562, 0.1665253, 0.2246682, 0.2119928, 0.0031606, 0.0048847, 0.0058461, 0.0614683, 0.0912887, 0.1245563
0.0288596, 0.0536219, 0.1119352, 0.1242101, 0.2397224, 0.2049808, 0.0045927, 0.0038654, 0.0069683, 0.0449632, 0.0525393, 0.1237411
0.036559, 0.0532721, 0.0339062, 0.143384, 0.1897332, 0.224242, 0.001933, 0.0044009, 0.0148094, 0.0526275, 0.0105959, 0.2345368
0.0304073, 0.0282083, 0.072996, 0.1239365, 0.0601699, 0.2399, 0.0045666, 0.0039106, 0.0058825, 0.0730119, 0.1086817, 0.2483287
0.0421009, 0.0381934, 0.0550138, 0.2485377, 0.1290356, 0.1023909, 0.0049384, 0.004237, 0.0056249, 0.080904, 0.1290415, 0.1599819
0.0105235, 0.0514641, 0.1299809, 0.0973168, 0.066977, 0.2774591, 0.003894, 0.0053701, 0.007949, 0.0835906, 0.168274, 0.0972009
0.0256546, 0.0293804, 0.0449447, 0.0845896, 0.2574664, 0.2355025, 0.003587, 0.0041362, 0.0062803, 0.0580363, 0.1692104, 0.0812116
0.0446291, 0.0418393, 0.0910402, 0.2059343, 0.2398137, 0.1391797, 0.0035965, 0.0040805, 0.0080858, 0.0234019, 0.0762978, 0.1221012
0.0427538, 0.0515578, 0.0712021, 0.102494, 0.2517754, 0.1043183, 0.0040914, 0.0047242, 0.0122389, 0.0260828, 0.17968, 0.1490813
0.0454171, 0.0418747, 0.1350416, 0.2158201, 0.0386154, 0.0909281, 0.00567, 0.0047282, 0.0103641, 0.0417506, 0.2087079, 0.1610822
0.0180294, 0.0447213, 0.1187581, 0.0512079, 0.1597515, 0.2112907, 0.0036112, 0.0046071, 0.0125243, 0.0760873, 0.1619028, 0.1375084
0.0384548, 0.0180758, 0.0912881, 0.103238, 0.1813798, 0.2310989, 0.0042551, 0.0050056, 0.0118267, 0.0584034, 0.1319979, 0.1249759
0.0228761, 0.012156, 0.0269453, 0.2821036, 0.0974307, 0.1796116, 0.0047289, 0.0033103, 0.0065786, 0.0091574, 0.0525759, 0.3025256
0.0308297, 0.0166273, 0.0541548, 0.2310512, 0.1562387, 0.1768044, 0.0055343, 0.0032096, 0.0047014, 0.0699188, 0.1395403, 0.1113895
0.0135178, 0.0358685, 0.066535, 0.3403248, 0.0178101, 0.1429291, 0.0046998, 0.0036675, 0.0109794, 0.0563431, 0.1430227, 0.1643022
0.0266202, 0.0520554, 0.0847224, 0.0578467, 0.1096398, 0.3655416, 0.0023154, 0.0022034, 0.006559, 0.0926559, 0.1063581, 0.0934821
0.036465, 0.036608, 0.0711617, 0.2550076, 0.1552581, 0.161865, 0.0035719, 0.0035256, 0.0055663, 0.0741603, 0.0746316, 0.1221789
0.040635, 0.0349516, 0.0592538, 0.1103361, 0.2318036, 0.1378662, 0.0024693, 0.0101918, 0.0112292, 0.061654, 0.0850336, 0.2145758
0.0425799, 0.0170073, 0.0467239, 0.114896, 0.2622863, 0.1771102, 0.0033108, 0.0055113, 0.0056731, 0.1174374, 0.180634, 0.0268298
0.0118377, 0.0479564, 0.1463063, 0.3119716, 0.0523119, 0.1356531, 0.0037824, 0.0073015, 0.0050637, 0.0625532, 0.117832, 0.0974302
0.0320183, 0.0315885, 0.1153035, 0.2279047, 0.1555392, 0.1383137, 0.0032007, 0.00789, 0.0073555, 0.0257907, 0.1371614, 0.1179338
0.035654, 0.0184204, 0.0496263, 0.2604838, 0.1223009, 0.2433549, 0.0031412, 0.0036746, 0.0038585, 0.0347051, 0.0829528, 0.1418275
0.0381553, 0.0096606, 0.0392019, 0.1761929, 0.3029875, 0.1676677, 0.0033486, 0.0028725, 0.009274, 0.0376647, 0.1013, 0.1116743
0.0109924, 0.0397449, 0.1010008, 0.3124379, 0.1446642, 0.1228242, 0.0043739, 0.0059938, 0.0059813, 0.0696801, 0.0717171, 0.1105894
0.007242, 0.0726773, 0.0928854, 0.1454333, 0.213886, 0.128748, 0.0026574, 0.0034679, 0.0052588, 0.0701462, 0.169511, 0.0880867
0.034739, 0.0376495, 0.0916013, 0.2519109, 0.1243486, 0.1269091, 0.0032794, 0.0041288, 0.0094048, 0.003861, 0.1163995, 0.1957681
0.0263768, 0.0242516, 0.0899609, 0.1239956, 0.0901339, 0.3009101, 0.0030745, 0.0059217, 0.006041, 0.0485305, 0.0990256, 0.1817778
0.0382591, 0.0328929, 0.1339398, 0.1208263, 0.1369189, 0.1589698, 0.0037072, 0.0060968, 0.0144705, 0.0289701, 0.2701118, 0.0548368
0.0276443, 0.0378132, 0.0796464, 0.1636864, 0.1577563, 0.1638673, 0.0037698, 0.0058523, 0.0104289, 0.0361149, 0.1463978, 0.1670224
0.0195491, 0.0238629, 0.0853767, 0.1809205, 0.1859543, 0.1043203, 0.0035729, 0.0052369, 0.0150112, 0.0449353, 0.137883, 0.1933769
0.0587086, 0.0358595, 0.1139086, 0.1525064, 0.1198409, 0.184789, 0.0026223, 0.0057435, 0.0126895, 0.0656738, 0.1018179, 0.14584
0.011252, 0.0457124, 0.0819084, 0.1084043, 0.1298493, 0.2967129, 0.0025753, 0.002905, 0.0033181, 0.0823265, 0.1158652, 0.1191706
0.0313502, 0.0377554, 0.0825813, 0.0777045, 0.1148475, 0.2291669, 0.0023124, 0.0041977, 0.009101, 0.1003251, 0.1697138, 0.1409442
0.0167811, 0.0507733, 0.0788074, 0.0979952, 0.2758033, 0.2801537, 0.0022633, 0.0033146, 0.0036678, 0.0302824, 0.0603882, 0.0997697
0.0254063, 0.0140138, 0.0661736, 0.1333073, 0.2534185, 0.1473971, 0.0042588, 0.0036575, 0.0068697, 0.0929334, 0.093354, 0.15921
0.0378065, 0.0420605, 0.0915484, 0.1552913, 0.1880098, 0.247009, 0.0026987, 0.0044274, 0.0067558, 0.1064067, 0.0669173, 0.0510686
0.0166002, 0.0348343, 0.0389922, 0.2045871, 0.2047343, 0.1551606, 0.0041135, 0.0042753, 0.0036925, 0.0971048, 0.0690688, 0.1668364
0.0198275, 0.0574998, 0.0854584, 0.1431761, 0.176354, 0.0764535, 0.0037908, 0.004791, 0.0085571, 0.1054829, 0.1382092, 0.1803997
0.0214863, 0.0257267, 0.0982492, 0.2433642, 0.1508089, 0.2506391, 0.0038261, 0.0023594, 0.006763, 0.0352052, 0.0304388, 0.1311331
0.0216353, 0.0711069, 0.0723904, 0.1613374, 0.228539, 0.1752234, 0.0039664, 0.003519, 0.006489, 0.0372834, 0.1306013, 0.0879085
0.0241294, 0.0282372, 0.0902279, 0.0749829, 0.1050582, 0.1429171, 0.0044482, 0.0053753, 0.0141869, 0.1180926, 0.2115475, 0.1807968
0.0193768, 0.0445846, 0.036823, 0.3947962, 0.1486187, 0.1312265, 0.0034391, 0.0040691, 0.0042412, 0.0556113, 0.069408, 0.0878055
0.0297947, 0.0489301, 0.0669242, 0.1829869, 0.097489, 0.2115261, 0.0043097, 0.0028842, 0.0055197, 0.0878632, 0.1235034, 0.1382688
0.0245665, 0.0355654, 0.077839, 0.1465222, 0.1557809, 0.2094742, 0.0048172, 0.0035373, 0.0082766, 0.0682638, 0.0410604, 0.2242965
0.0254775, 0.0404921, 0.0750339, 0.3151061, 0.1396426, 0.096877, 0.0030796, 0.0052309, 0.0100413, 0.0706054, 0.1708831, 0.0475305
0.0261954, 0.0459354, 0.0392233, 0.1851594, 0.136791, 0.127469, 0.0037018, 0.0040093, 0.0146586, 0.0467145, 0.2231992, 0.1469431
0.0282314, 0.0316811, 0.0339344, 0.1427802, 0.186027, 0.1907974, 0.0032867, 0.0047229, 0.0068231, 0.1215553, 0.0383496, 0.2118109
0.0408923, 0.0455235, 0.1069207, 0.1615757, 0.2202415, 0.1239226, 0.0042942, 0.0036773, 0.0154663, 0.0346725, 0.0993238, 0.1434896
0.0251216, 0.0309628, 0.0645154, 0.15547, 0.1655628, 0.1563327, 0.0048446, 0.0036007, 0.0060259, 0.0708356, 0.2617574, 0.0549705
0.0220004, 0.0425685, 0.0729975, 0.248884, 0.1360699, 0.1995227, 0.0025876, 0.0036814, 0.0050285, 0.0891392, 0.1232107, 0.0543096
0.0378332, 0.0500567, 0.1054235, 0.2441377, 0.1825163, 0.0751956, 0.0039274, 0.0036924, 0.0161416, 0.0569199, 0.1010991, 0.1230566
0.0305639, 0.0320367, 0.0778323, 0.1956611, 0.098377, 0.1676793, 0.0032127, 0.0057719, 0.0109538, 0.0530921, 0.2016085, 0.1232107
0.0136139, 0.0475135, 0.0486928, 0.1788352, 0.1253114, 0.2466722, 0.0038583, 0.0058418, 0.0076703, 0.0749548, 0.0736651, 0.1733707
0.0298341, 0.0420006, 0.1072754, 0.203804, 0.2310644, 0.1088002, 0.0029783, 0.004572, 0.0122325, 0.0753142, 0.068188, 0.1139363
0.0151243, 0.0699508, 0.0364744, 0.2127927, 0.2013432, 0.1867884, 0.0025054, 0.0045673, 0.0037158, 0.0371837, 0.0808251, 0.1487289
0.0246782, 0.0377776, 0.1091057, 0.1600471, 0.1435501, 0.2271332, 0.0037422, 0.0055291, 0.0111889, 0.0766934, 0.1117501, 0.0888044
0.0276454, 0.0282312, 0.1502159, 0.1491355, 0.1996378, 0.069084, 0.0040643, 0.0051299, 0.0069756, 0.0131342, 0.1978423, 0.1489039
0.0205656, 0.0365148, 0.0697539, 0.1057124, 0.1513318, 0.3762411, 0.0023822, 0.005082, 0.005914, 0.0551379, 0.142625, 0.0287393
0.0522406, 0.0415447, 0.0418046, 0.3529118, 0.1486989, 0.1146509, 0.0034377, 0.0042436, 0.0155682, 0.108576, 0.0550283, 0.0612947
0.028646, 0.0397269, 0.14315, 0.1792022, 0.273255, 0.1020535, 0.0040914, 0.0029585, 0.0075471, 0.0642851, 0.0721742, 0.0829101
0.0292672, 0.0582419, 0.1229384, 0.2007904, 0.1604066, 0.1330903, 0.0039659, 0.0050657, 0.0081518, 0.0864299, 0.1046616, 0.0869903
0.0278086, 0.0809122, 0.090183, 0.1730166, 0.1053669, 0.0619474, 0.0040644, 0.0058483, 0.0129565, 0.0616167, 0.195879, 0.1804004
0.0187605, 0.0487854, 0.0898686, 0.2145723, 0.1199905, 0.1591172, 0.0044133, 0.0032632, 0.0066189, 0.0640786, 0.0435776, 0.2269539
0.0343463, 0.0475057, 0.0420602, 0.1864356, 0.296948, 0.1633098, 0.0037247, 0.0022077, 0.0077545, 0.0346107, 0.0969487, 0.0841481
0.0268771, 0.0426326, 0.0709949, 0.2180855, 0.1563806, 0.2036943, 0.0034959, 0.0045336, 0.0109411, 0.0065377, 0.1086861, 0.1471406
0.0135964, 0.0486841, 0.0886461, 0.2000719, 0.1088942, 0.2684459, 0.0028421, 0.0024913, 0.0078306, 0.0816249, 0.0715528, 0.1053197
0.0264612, 0.0444015, 0.1364125, 0.0902763, 0.2425631, 0.20711, 0.0038242, 0.0036856, 0.0081079, 0.0685229, 0.0224924, 0.1461424
0.0561007, 0.0226936, 0.0656228, 0.1606291, 0.1953676, 0.17924, 0.0037647, 0.0028472, 0.0072015, 0.0614552, 0.1699484, 0.0751292
0.0204999, 0.032515, 0.0274209, 0.2730127, 0.3013107, 0.2029838, 0.0030512, 0.0030704, 0.0015265, 0.0435822, 0.0202521, 0.0707746
0.0137012, 0.0475701, 0.1236572, 0.1261753, 0.0842903, 0.2053661, 0.0030073, 0.004725, 0.0111106, 0.1244764, 0.2151136, 0.0408069
0.0274731, 0.0140835, 0.1187394, 0.1872476, 0.1791179, 0.2073905, 0.0028424, 0.0044303, 0.0047117, 0.0401672, 0.051216, 0.1625804
0.0327447, 0.0363768, 0.0775785, 0.121714, 0.2768664, 0.1511228, 0.0022311, 0.006392, 0.0073838, 0.0600192, 0.1134629, 0.1141078
0.0302597, 0.0522398, 0.1121873, 0.1261066, 0.2648663, 0.0951077, 0.0040265, 0.0056838, 0.010695, 0.1067264, 0.1033485, 0.0887524
0.0236997, 0.0262899, 0.1216959, 0.1645368, 0.2208725, 0.1954121, 0.0027539, 0.0032459, 0.0031597, 0.056586, 0.0846767, 0.0970709
0.0287618, 0.0583394, 0.0866981, 0.1529456, 0.2016447, 0.0968754, 0.0041447, 0.0046194, 0.0065589, 0.0804347, 0.1626526, 0.1163247
0.0263712, 0.0226953, 0.0862555, 0.168218, 0.2611492, 0.1154534, 0.0031986, 0.0042803, 0.0117946, 0.0500335, 0.0388459, 0.2117045
0.0535236, 0.0475686, 0.0776012, 0.1824621, 0.1316876, 0.1003011, 0.0040245, 0.0069097, 0.0130652, 0.1011621, 0.1271556, 0.1545387
0.0200303, 0.0331139, 0.0777958, 0.1520451, 0.2030873, 0.3314563, 0.0037624, 0.0019541, 0.0036458, 0.0532777, 0.048954, 0.0708773
0.0272895, 0.0520591, 0.0776616, 0.2687538, 0.3098605, 0.1597213, 0.0028807, 0.0037982, 0.0054328, 0.0434711, 0.0202228, 0.0288486
0.0173084, 0.0258261, 0.1015695, 0.1267335, 0.2476075, 0.1222659, 0.0038816, 0.0038662, 0.0140254, 0.0765134, 0.0933064, 0.1670961
0.033306, 0.0365198, 0.0960122, 0.2614769, 0.1094735, 0.1571719, 0.0046207, 0.0057027, 0.0071618, 0.0226629, 0.1022622, 0.1636294
0.0309572, 0.0337848, 0.092673, 0.1095144, 0.2539267, 0.1555623, 0.0049068, 0.0048818, 0.0115587, 0.0754983, 0.1719407, 0.0547953
0.0268954, 0.0406175, 0.1124371, 0.1503458, 0.2523413, 0.1140176, 0.0034145, 0.0048929, 0.0084982, 0.0449903, 0.1168362, 0.1247132
0.0469726, 0.0374813, 0.0861844, 0.0646305, 0.2082658, 0.1038413, 0.0029135, 0.0054427, 0.01036, 0.1254089, 0.1417428, 0.1667562
0.0204912, 0.0380728, 0.0603714, 0.1753238, 0.1861889, 0.2823251, 0.0040417, 0.0031476, 0.0073938, 0.0966094, 0.0313628, 0.0946715
0.0250593, 0.0674091, 0.1099748, 0.2543708, 0.1877929, 0.0398121, 0.0039896, 0.0045274, 0.0115321, 0.0271224, 0.0546097, 0.2137998
0.0402466, 0.0352916, 0.1872424, 0.1497048, 0.169893, 0.0677405, 0.0044693, 0.0045117, 0.0154394, 0.0896172, 0.0163727, 0.2194708
0.0163803, 0.0254634, 0.0927803, 0.1710407, 0.1977811, 0.1914715, 0.0032381, 0.0056828, 0.005643, 0.0479563, 0.1361374, 0.1064251
0.0139662, 0.0281188, 0.0352737, 0.2675271, 0.1742015, 0.0258246, 0.0041638, 0.0053987, 0.006729, 0.0770929, 0.2634819, 0.0982218
0.0218445, 0.0850276, 0.0473957, 0.1363668, 0.1412657, 0.2098998, 0.0034823, 0.0039154, 0.0183279, 0.0064874, 0.2356675, 0.0903194
0.0145884, 0.0581275, 0.0745208, 0.131218, 0.2964101, 0.1571896, 0.0026197, 0.0045477, 0.002639, 0.0309408, 0.1470831, 0.0801153
0.0327591, 0.0353507, 0.0387915, 0.2854146, 0.1501149, 0.0421683, 0.0047172, 0.0067505, 0.011799, 0.085642, 0.1842877, 0.1222045
0.0191491, 0.0398263, 0.1240227, 0.2325174, 0.2468476, 0.1352696, 0.0034762, 0.002864, 0.005402, 0.0765708, 0.0273612, 0.0866931
0.0266756, 0.0175161, 0.0996892, 0.1475129, 0.1878705, 0.1712977, 0.003347, 0.0027203, 0.0085267, 0.0728341, 0.0561823, 0.2058276
0.0263278, 0.0492751, 0.1371403, 0.2140246, 0.1286162, 0.0887831, 0.0039496, 0.0066241, 0.0116216, 0.0981601, 0.0881223, 0.1473552
0.0206285, 0.0369911, 0.042707, 0.294592, 0.2062362, 0.1863355, 0.0039057, 0.0033456, 0.0036537, 0.0238976, 0.1035116, 0.0741955
0.0438061, 0.0463473, 0.031805, 0.2338751, 0.1793376, 0.1903099, 0.0029613, 0.0053691, 0.0091357, 0.0597602, 0.1205243, 0.0767684
0.0192969, 0.0494022, 0.0755118, 0.1920811, 0.2475164, 0.0352232, 0.0030537, 0.0035982, 0.0079521, 0.0344381, 0.1031598, 0.2287665
0.0220824, 0.02286, 0.1268951, 0.2018699, 0.1483618, 0.1421249, 0.0036348, 0.0034397, 0.0070626, 0.0432161, 0.1039356, 0.1745171
0.0237674, 0.0402124, 0.0310763, 0.1407716, 0.1972824, 0.2424925, 0.0043427, 0.0036798, 0.0072157, 0.0550971, 0.1371488, 0.1169133
0.0617824, 0.0343571, 0.0431308, 0.1815668, 0.1991117, 0.1625551, 0.0027765, 0.0065711, 0.0198799, 0.0758069, 0.1465952, 0.0658665
0.0119168, 0.0349548, 0.0303129, 0.2439045, 0.3302041, 0.0531971, 0.0033565, 0.0042353, 0.0082264, 0.1067571, 0.106166, 0.0667685
0.0417577, 0.0374043, 0.1308595, 0.1747768, 0.1108082, 0.2305747, 0.0031602, 0.0033628, 0.0110361, 0.0490064, 0.1442943, 0.062959
0.0355758, 0.0299292, 0.0479747, 0.3345875, 0.2080678, 0.0896607, 0.0027198, 0.0036179, 0.0108751, 0.0473618, 0.05766, 0.1319697
0.0403521, 0.0119903, 0.0637075, 0.2645429, 0.1106496, 0.1752899, 0.0037968, 0.0025888, 0.0073837, 0.1039439, 0.1280588, 0.0876957
0.0152656, 0.0515322, 0.0343436, 0.1633397, 0.2468057, 0.2773239, 0.0023955, 0.0018747, 0.0034417, 0.1142965, 0.0426619, 0.046719
0.0415699, 0.0373194, 0.0671914, 0.1385047, 0.0636169, 0.2128677, 0.0043336, 0.005349, 0.0094216, 0.0556462, 0.1354349, 0.2287447
0.0262292, 0.0539811, 0.0511627, 0.0878646, 0.242418, 0.0446277, 0.0038099, 0.0075817, 0.0209014, 0.0558567, 0.188509, 0.217058
0.01442, 0.0313024, 0.1174253, 0.1590551, 0.2164374, 0.2423087, 0.003785, 0.0035134, 0.0036759, 0.0302881, 0.0464512, 0.1313375
0.0231977, 0.0615625, 0.0369334, 0.1926993, 0.2185311, 0.1310855, 0.0040261, 0.0042234, 0.0042141, 0.0604082, 0.1805581, 0.0825606
0.0406117, 0.0747433, 0.0450516, 0.083899, 0.2122805, 0.1738479, 0.0050369, 0.0067065, 0.0085372, 0.0974709, 0.1236946, 0.1281199
0.0469798, 0.0161837, 0.0736405, 0.1708813, 0.173928, 0.1473158, 0.003344, 0.0081073, 0.0105723, 0.1047707, 0.0916652, 0.1526114
0.0313952, 0.0398186, 0.1045112, 0.1400509, 0.1513146, 0.1618142, 0.0036558, 0.0037509, 0.0175604, 0.0562882, 0.0645553, 0.2252847
0.0222162, 0.0371175, 0.0768815, 0.2076691, 0.11478, 0.2218725, 0.0028919, 0.0032691, 0.0178396, 0.1178954, 0.0568711, 0.1206961
0.0367615, 0.0414139, 0.0861956, 0.2825502, 0.0905828, 0.1316693, 0.0041211, 0.0030754, 0.01123, 0.0345471, 0.0770116, 0.2008415
0.0314052, 0.0164962, 0.1646699, 0.2354311, 0.1150985, 0.2402267, 0.0032265, 0.0036551, 0.01289, 0.0284596, 0.0465856, 0.1018556
0.0409662, 0.0324234, 0.0430461, 0.1296714, 0.2947013, 0.1871976, 0.0038762, 0.0030836, 0.0097458, 0.0381639, 0.1055344, 0.1115901
0.0446467, 0.0168791, 0.0822641, 0.1493852, 0.1382228, 0.2427137, 0.0036027, 0.0040674, 0.0071149, 0.103954, 0.1195891, 0.0875603
0.026357, 0.063193, 0.0816399, 0.0774756, 0.1181, 0.2016303, 0.0034842, 0.0045158, 0.0222228, 0.0495516, 0.1873067, 0.1645231
0.0358019, 0.037451, 0.0853138, 0.1381555, 0.1864656, 0.1591464, 0.0042872, 0.0067716, 0.0126912, 0.0699727, 0.0696212, 0.1943219
0.0281584, 0.0177265, 0.1044156, 0.1417814, 0.0694292, 0.2403175, 0.0027917, 0.0055128, 0.004977, 0.063769, 0.1907962, 0.1303247
0.016877, 0.0345898, 0.0985194, 0.1341265, 0.1541268, 0.1082329, 0.0043609, 0.0045034, 0.011003, 0.1148048, 0.1882219, 0.1306336
0.0227205, 0.030052, 0.0839523, 0.2574957, 0.1458988, 0.0699788, 0.0040968, 0.0027777, 0.0093174, 0.034747, 0.1380189, 0.2009441
0.0245594, 0.0369344, 0.081237, 0.2241474, 0.1640083, 0.1251018, 0.0037048, 0.0051143, 0.0069362, 0.0786764, 0.1525829, 0.0969971
0.058554, 0.0538367, 0.0916881, 0.1331827, 0.1075971, 0.1929013, 0.0035487, 0.0037996, 0.0130676, 0.0645585, 0.1273074, 0.1499583
0.0211225, 0.0219323, 0.0707868, 0.212649, 0.2131701, 0.0770754, 0.0031727, 0.0043111, 0.0043074, 0.0402691, 0.1324861, 0.1987175
0.0350819, 0.0142929, 0.0814713, 0.1851301, 0.4500629, 0.0286433, 0.0033609, 0.0033299, 0.0072228, 0.0399755, 0.0724178, 0.0790107
0.0441477, 0.0327644, 0.0688559, 0.1807723, 0.0476817, 0.1304361, 0.004121, 0.0067001, 0.012011, 0.1404105, 0.151003, 0.1810963
0.0284615, 0.0717363, 0.1058864, 0.069837, 0.2107485, 0.1139377, 0.0031939, 0.0085345, 0.0128489, 0.0926347, 0.2389498, 0.0432308
0.0389885, 0.0380222, 0.1079542, 0.2065846, 0.1378798, 0.1586665, 0.0039667, 0.0049594, 0.0121797, 0.0486059, 0.1632883, 0.0789042
0.0211415, 0.0851307, 0.075079, 0.1932815, 0.2772025, 0.0303303, 0.0026788, 0.0036803, 0.0105389, 0.0889894, 0.1155388, 0.0964083
0.0351071, 0.0132417, 0.0907335, 0.2573918, 0.1006122, 0.2731411, 0.0030452, 0.0060777, 0.0081862, 0.0700184, 0.0756234, 0.0668217
0.0219995, 0.0357573, 0.090525, 0.0859034, 0.2186784, 0.3341166, 0.0022056, 0.0046222, 0.0073169, 0.0478394, 0.0991608, 0.0518749
0.0474852, 0.0302762, 0.0674603, 0.2723488, 0.1592402, 0.1051961, 0.0055857, 0.0040069, 0.0081912, 0.0743814, 0.0976168, 0.1282112
0.0354237, 0.0554629, 0.0972656, 0.2083877, 0.2801794, 0.08861, 0.0042478, 0.0034591, 0.0056186, 0.0964745, 0.0415077, 0.083363
0.0225605, 0.0285248, 0.0907406, 0.2310239, 0.1131227, 0.1857907, 0.0024114, 0.0036023, 0.0087773, 0.0337794, 0.0772215, 0.2024449
0.0313366, 0.0177547, 0.0761552, 0.2640639, 0.2088423, 0.1015057, 0.0024916, 0.0027642, 0.0141045, 0.0614767, 0.0746145, 0.1448901
0.0305639, 0.0496232, 0.1001096, 0.2890835, 0.2799281, 0.0666159, 0.0045225, 0.0028632, 0.0110555, 0.0509929, 0.0541099, 0.0605318
0.0444995, 0.0558996, 0.0794177, 0.1671809, 0.1336623, 0.1475183, 0.0034378, 0.0060576, 0.0137825, 0.0528991, 0.1472775, 0.1483672
0.0240561, 0.0421157, 0.1196941, 0.1820023, 0.2264508, 0.1240267, 0.0036172, 0.0033789, 0.0080375, 0.0949954, 0.1034404, 0.0681849
0.0210552, 0.0283105, 0.0623163, 0.0901056, 0.1543194, 0.2149596, 0.0027703, 0.0038007, 0.0125417, 0.0482015, 0.1376152, 0.224004
0.0179268, 0.0360742, 0.0440359, 0.1341011, 0.315954, 0.3006833, 0.0026025, 0.0022757, 0.0061234, 0.0221109, 0.0562486, 0.0618636
0.0162388, 0.0260144, 0.1146844, 0.2013857, 0.2034324, 0.1138989, 0.004026, 0.0053289, 0.0101983, 0.0582282, 0.1349175, 0.1116465
0.0260988, 0.0245657, 0.1182497, 0.04539, 0.1259897, 0.2636812, 0.0046304, 0.0020156, 0.0181306, 0.0761127, 0.1732772, 0.1218584
0.0153665, 0.0524929, 0.0712931, 0.2658446, 0.1935744, 0.1215856, 0.003598, 0.0036897, 0.0060571, 0.0303334, 0.0764016, 0.1597631
0.0320761, 0.0507949, 0.0759854, 0.299687, 0.1393453, 0.1940493, 0.0034407, 0.0036888, 0.0079139, 0.0257982, 0.0916685, 0.0755519
0.0378963, 0.0373243, 0.1028478, 0.1115338, 0.1803805, 0.1448963, 0.0035766, 0.0054265, 0.0122188, 0.0626293, 0.1624993, 0.1387705
0.0271815, 0.0368817, 0.0732511, 0.1246573, 0.2066901, 0.25474, 0.0029945, 0.0045537, 0.0054692, 0.0479926, 0.1611101, 0.0544782
0.0211851, 0.0501332, 0.0898053, 0.0830764, 0.2667901, 0.129244, 0.0037561, 0.0035383, 0.0143444, 0.0823742, 0.1593496, 0.0964033
0.0109877, 0.034093, 0.0829357, 0.1033047, 0.2589246, 0.1317078, 0.004456, 0.004069, 0.0119368, 0.1428013, 0.1468926, 0.0678908
0.026233, 0.0336612, 0.083122, 0.1442713, 0.2266356, 0.093308, 0.0033112, 0.0048758, 0.0107688, 0.1090056, 0.160445, 0.1043625
0.0363814, 0.03286, 0.0536886, 0.2306527, 0.0826709, 0.140353, 0.0046581, 0.0044021, 0.0101977, 0.0504597, 0.0529573, 0.3007185
0.0223684, 0.0507338, 0.0962704, 0.114613, 0.1751724, 0.2525213, 0.0037448, 0.0056057, 0.0066268, 0.0370042, 0.1178248, 0.1175144
0.0327485, 0.010434, 0.0723955, 0.2337702, 0.2620058, 0.1402565, 0.0021119, 0.0018465, 0.007873, 0.0548974, 0.1667374, 0.0149233
0.0295605, 0.01553, 0.1088604, 0.1781656, 0.2691667, 0.1163784, 0.0021475, 0.0045, 0.0079547, 0.0507397, 0.052663, 0.1643335
0.0386085, 0.0351148, 0.0467638, 0.1970156, 0.2243515, 0.194262, 0.0034644, 0.0039716, 0.0077763, 0.071896, 0.0842232, 0.0925523
0.0211059, 0.0495517, 0.0974778, 0.2340002, 0.2136637, 0.1472511, 0.0042944, 0.0032916, 0.006331, 0.0358987, 0.0841255, 0.1030084
0.0284137, 0.0488245, 0.1262551, 0.2448105, 0.0766395, 0.20914, 0.0032553, 0.004868, 0.0070924, 0.0437038, 0.0963932, 0.110604
0.032077, 0.0499904, 0.0794801, 0.1572364, 0.1340184, 0.2309579, 0.0034869, 0.0053593, 0.0054831, 0.0586497, 0.1402169, 0.1030439
0.02866, 0.0423278, 0.0559564, 0.1771869, 0.217204, 0.1747188, 0.0029244, 0.0021125, 0.0056354, 0.1382443, 0.0705866, 0.0844429
0.0370987, 0.0185239, 0.1094962, 0.0905524, 0.1295795, 0.2259211, 0.0023544, 0.0050727, 0.0060082, 0.0746199, 0.094174, 0.206599
0.0217136, 0.0673839, 0.0802874, 0.1002826, 0.2651784, 0.205465, 0.0031582, 0.0027267, 0.0105943, 0.0229187, 0.0787694, 0.1415218
0.0156741, 0.0270635, 0.0632864, 0.0911676, 0.1755185, 0.4117387, 0.0022284, 0.0019638, 0.0022672, 0.0412994, 0.0575289, 0.1102635
0.0212477, 0.0436075, 0.0680418, 0.2003627, 0.1751472, 0.2110629, 0.004709, 0.0047924, 0.0090551, 0.078461, 0.1113591, 0.0721536
0.0349891, 0.0191273, 0.089937, 0.1380094, 0.1431124, 0.2817989, 0.0014953, 0.0032642, 0.0085293, 0.0472835, 0.1459808, 0.0864728
0.0281371, 0.0593346, 0.1089852, 0.123741, 0.1220661, 0.194375, 0.0035065, 0.0079669, 0.0097641, 0.0517367, 0.1198646, 0.1705222
0.0419913, 0.0338769, 0.0289583, 0.1198982, 0.1064393, 0.2020763, 0.004689, 0.0035275, 0.0127416, 0.0694846, 0.1690466, 0.2072704
0.0230855, 0.0382979, 0.1257516, 0.2509591, 0.0628944, 0.1581094, 0.0041801, 0.0034966, 0.0080749, 0.0918251, 0.0845687, 0.1487567
0.0272414, 0.0761434, 0.0453525, 0.259319, 0.1220102, 0.1290137, 0.0038263, 0.00469, 0.0197554, 0.0734369, 0.1399465, 0.0992647
0.0169897, 0.0092584, 0.1025784, 0.1477721, 0.2917068, 0.2015679, 0.0034918, 0.0021218, 0.0079574, 0.0052664, 0.1010678, 0.1102215
0.0362452, 0.0435347, 0.105577, 0.2196923, 0.2703598, 0.1263282, 0.0032449, 0.0033616, 0.0070157, 0.0466651, 0.0584344, 0.0795411
0.0309927, 0.0354263, 0.0888313, 0.1952524, 0.3352144, 0.1529919, 0.0029415, 0.0031215, 0.0145112, 0.0148483, 0.0628506, 0.0630179
0.0473184, 0.026998, 0.0904672, 0.1829116, 0.089389, 0.1573694, 0.0036245, 0.0046551, 0.0169995, 0.068556, 0.104596, 0.2071153
0.0403632, 0.0478802, 0.0470811, 0.1429795, 0.1403409, 0.1846589, 0.0032798, 0.0054863, 0.0116741, 0.1316909, 0.1132919, 0.1312732
0.0260027, 0.0502616, 0.0967661, 0.1341571, 0.1070336, 0.1529806, 0.0052734, 0.0054825, 0.0082143, 0.0369015, 0.1131662, 0.2637604
0.016238, 0.0405152, 0.1053312, 0.091687, 0.1380903, 0.2522096, 0.0040671, 0.0038636, 0.0081252, 0.0815858, 0.052155, 0.206132
0.0375412, 0.0197351, 0.0663692, 0.1709002, 0.2356702, 0.1043638, 0.0037167, 0.0041878, 0.0112233, 0.0395838, 0.2280337, 0.078675
0.0261453, 0.0338101, 0.056092, 0.1782441, 0.1276657, 0.2785362, 0.0043376, 0.0040232, 0.008243, 0.1280415, 0.0731425, 0.0817188
0.0351699, 0.0341792, 0.1150277, 0.2217658, 0.1937436, 0.1153581, 0.0039173, 0.0053819, 0.0073065, 0.0355246, 0.0521247, 0.1805007
0.0276086, 0.035934, 0.0883701, 0.2585167, 0.1624102, 0.1049714, 0.0041378, 0.0062893, 0.0135024, 0.0927393, 0.1062484, 0.0992718
0.0145124, 0.0308945, 0.0810633, 0.1515384, 0.1975672, 0.0904231, 0.0040431, 0.004746, 0.0031414, 0.0510922, 0.1547662, 0.2162122
0.0353838, 0.038247, 0.111998, 0.153698, 0.1802278, 0.1928272, 0.0026589, 0.004181, 0.0100877, 0.1035802, 0.0880629, 0.0790475
0.0438419, 0.0094939, 0.0993816, 0.2213832, 0.2783753, 0.1551611, 0.003401, 0.0030307, 0.0048808, 0.0432097, 0.0668397, 0.0710011
0.0276298, 0.0288426, 0.036772, 0.1424331, 0.1300953, 0.2640888, 0.0025583, 0.0030565, 0.0076088, 0.092574, 0.179316, 0.0850248
0.0250701, 0.0368551, 0.0747517, 0.1611528, 0.0476606, 0.1896608, 0.0035448, 0.0044389, 0.0104479, 0.0319032, 0.1896647, 0.2248494
0.0489708, 0.0451974, 0.1029708, 0.1587475, 0.0924873, 0.1702721, 0.0041876, 0.0051526, 0.0104573, 0.0606739, 0.1336198, 0.1672629
0.0288053, 0.0307869, 0.0712688, 0.1911789, 0.1028022, 0.2336122, 0.0037764, 0.0061505, 0.0067812, 0.0482826, 0.1574412, 0.1191138
0.0205993, 0.0362315, 0.0980215, 0.096896, 0.1745074, 0.1334375, 0.0052304, 0.00457, 0.0084367, 0.1214734, 0.1248252, 0.1757711
0.0247967, 0.022728, 0.0799424, 0.1650127, 0.2403537, 0.1463015, 0.0043644, 0.0039795, 0.0095101, 0.086465, 0.0540942, 0.1624518
0.0161656, 0.0295292, 0.0702582, 0.2121113, 0.2227922, 0.2362081, 0.0019913, 0.0037991, 0.0039395, 0.1130961, 0.0665541, 0.0235553
0.0201173, 0.0349715, 0.0877145, 0.1666917, 0.249513, 0.1135284, 0.0035911, 0.0066355, 0.0065033, 0.0599644, 0.0588196, 0.1919497
0.0142937, 0.0459723, 0.0847782, 0.2938158, 0.0858222, 0.1588374, 0.004031, 0.0052478, 0.0097747, 0.0238938, 0.0533112, 0.2202219
0.0332799, 0.0820979, 0.0723356, 0.2814082, 0.1432501, 0.1881229, 0.0038693, 0.0033181, 0.0093516, 0.0404329, 0.0831368, 0.0593967
0.0191993, 0.0715014, 0.0748631, 0.1923854, 0.2054775, 0.1240797, 0.0031482, 0.0043241, 0.0113348, 0.0537999, 0.1273173, 0.1125693
0.0232402, 0.0378221, 0.0912759, 0.2213185, 0.1362847, 0.1674184, 0.0041742, 0.0027696, 0.0074995, 0.0748488, 0.0646484, 0.1686997
0.0271009, 0.0576317, 0.0234007, 0.1902481, 0.1821272, 0.0986758, 0.0032716, 0.0050768, 0.0141852, 0.0233566, 0.1836815, 0.1912439
0.032794, 0.0395825, 0.0998731, 0.2425505, 0.1699406, 0.0519371, 0.003995, 0.0058953, 0.0116568, 0.0900064, 0.0265711, 0.2251976
0.0307982, 0.0642712, 0.0692493, 0.0061941, 0.128502, 0.1368972, 0.0025845, 0.004357, 0.0100246, 0.0537076, 0.2267993, 0.266615
0.0216353, 0.0751973, 0.0481211, 0.1528744, 0.1707119, 0.1967422, 0.0029867, 0.0041782, 0.0090884, 0.0970287, 0.0995762, 0.1218596
0.040764, 0.0356849, 0.0807405, 0.2141039, 0.2183393, 0.1435121, 0.003741, 0.0030555, 0.0099123, 0.0913619, 0.1200497, 0.0387349
0.0288509, 0.0395654, 0.0458261, 0.2983876, 0.2038736, 0.1762496, 0.002881, 0.0031824, 0.006705, 0.016038, 0.1358253, 0.0426151
0.0416249, 0.0465382, 0.053527, 0.1481463, 0.2665528, 0.1294494, 0.0049071, 0.0043072, 0.0147716, 0.0697489, 0.1436879, 0.0767387
0.0307028, 0.0392909, 0.116238, 0.0977708, 0.1064835, 0.1270217, 0.0053797, 0.0072137, 0.0073523, 0.068845, 0.1745975, 0.2191041
0.0467127, 0.0597492, 0.0644761, 0.2450601, 0.0680568, 0.2079986, 0.0049355, 0.0043927, 0.0107966, 0.0315873, 0.0848951, 0.1713393
0.0358807, 0.0192431, 0.0832202, 0.0712831, 0.150529, 0.0745917, 0.004039, 0.0076043, 0.0117042, 0.0843731, 0.2484498, 0.2090818
0.0248333, 0.053325, 0.065646, 0.201212, 0.2291263, 0.1184211, 0.0047157, 0.0038353, 0.0070392, 0.0418495, 0.1907975, 0.0591991
0.0365987, 0.036111, 0.1013042, 0.1984989, 0.1908247, 0.2001154, 0.0038986, 0.0042282, 0.0087299, 0.058996, 0.0421326, 0.1185618
0.0453333, 0.0326388, 0.0737456, 0.3395107, 0.1276143, 0.0508623, 0.0049325, 0.0048346, 0.0063989, 0.1054469, 0.1008361, 0.107846
0.0263194, 0.0639462, 0.1306576, 0.1547146, 0.1530392, 0.1021756, 0.0046126, 0.0056087, 0.0097312, 0.0937222, 0.0807364, 0.1747363
0.0285147, 0.0257055, 0.0840136, 0.133747, 0.1886285, 0.2105394, 0.0037501, 0.0031347, 0.0136129, 0.0462161, 0.0554587, 0.2066788
0.0279816, 0.0449536, 0.0474407, 0.2202089, 0.1249443, 0.2002663, 0.003055, 0.0051499, 0.0080232, 0.0455654, 0.2201951, 0.052216
0.0306634, 0.0141195, 0.0942374, 0.1682595, 0.1502366, 0.1314696, 0.0040507, 0.0066115, 0.0083715, 0.0984551, 0.1630642, 0.130461
0.013949, 0.0431707, 0.0947425, 0.2193238, 0.0876467, 0.2966161, 0.0027465, 0.0050041, 0.0039414, 0.0363029, 0.1230901, 0.0734662
0.0273683, 0.0164481, 0.0861407, 0.2036703, 0.1386884, 0.2555518, 0.0029338, 0.0033874, 0.0068823, 0.1160404, 0.0666251, 0.0762634
0.0091165, 0.0264053, 0.1188544, 0.107824, 0.249757, 0.212878, 0.0030281, 0.0029031, 0.0069872, 0.0527868, 0.0643992, 0.1450604
0.0129789, 0.0163422, 0.1290161, 0.2443, 0.1404879, 0.1683181, 0.0033307, 0.0026731, 0.0076909, 0.0834193, 0.0232596, 0.1681832
0.0285081, 0.0218707, 0.0184883, 0.2087585, 0.1486615, 0.2072481, 0.0039715, 0.0034572, 0.0081277, 0.0192136, 0.1548581, 0.1768367
0.0260363, 0.040068, 0.0324534, 0.2919121, 0.1912094, 0.1787954, 0.0030379, 0.0034357, 0.0077248, 0.0433489, 0.0821131, 0.099865
0.0426939, 0.0268268, 0.0615728, 0.1818658, 0.1314071, 0.1463959, 0.0031934, 0.0039506, 0.004793, 0.0710857, 0.1008187, 0.2253963
0.0381706, 0.0433319, 0.0601898, 0.2220574, 0.067429, 0.155584, 0.0034904, 0.0059351, 0.0103577, 0.0754896, 0.1750951, 0.1428694
0.0471188, 0.0285648, 0.0911652, 0.1008181, 0.1145482, 0.2277612, 0.0033189, 0.0027233, 0.0101357, 0.1002381, 0.0740502, 0.1995575
0.0337441, 0.0216499, 0.1078084, 0.1601675, 0.0987679, 0.2443162, 0.0040727, 0.0057846, 0.0031753, 0.1072693, 0.1127109, 0.1005332
0.0142893, 0.0335463, 0.0476956, 0.1706172, 0.2225943, 0.2477538, 0.0029772, 0.0052092, 0.0027347, 0.0293249, 0.1639814, 0.0592761
0.0166569, 0.0425913, 0.0395734, 0.1610697, 0.191255, 0.2194018, 0.0029153, 0.0031268, 0.0079736, 0.0646093, 0.1098464, 0.1409805
0.0160522, 0.0545642, 0.0494597, 0.2048439, 0.1406194, 0.1706821, 0.0037384, 0.0040046, 0.0100932, 0.098103, 0.1138046, 0.1340347
0.0218583, 0.0252625, 0.0388015, 0.2024044, 0.3023083, 0.210749, 0.0020206, 0.0024107, 0.0034241, 0.0889756, 0.0531955, 0.0485895
0.0306188, 0.0342987, 0.144075, 0.1123241, 0.1630513, 0.119206, 0.0046088, 0.0066225, 0.0087318, 0.0816469, 0.159984, 0.1348321
0.0282451, 0.0394538, 0.1113824, 0.2030729, 0.113081, 0.1908517, 0.0051372, 0.0033597, 0.0081277, 0.0709954, 0.1456607, 0.0806324
0.023701, 0.0179584, 0.0685506, 0.1479016, 0.1296449, 0.1842572, 0.0032972, 0.0045329, 0.010496, 0.0602748, 0.195209, 0.1541764
0.0136227, 0.0509058, 0.0326563, 0.1747166, 0.2164579, 0.1358768, 0.0030807, 0.0036297, 0.0149991, 0.0574217, 0.2465471, 0.0500856
0.0241373, 0.0360957, 0.0960935, 0.2499408, 0.2413709, 0.0943049, 0.0049654, 0.0038739, 0.0033714, 0.0445902, 0.1084711, 0.0927849
0.0140715, 0.0541597, 0.0580322, 0.1070142, 0.1390964, 0.2532882, 0.003433, 0.0044712, 0.0078309, 0.065676, 0.1438616, 0.1490651
0.0337556, 0.02174, 0.0975779, 0.342879, 0.1230972, 0.1551659, 0.004296, 0.0037884, 0.0069798, 0.0480592, 0.0704489, 0.0922121
0.0449772, 0.0556713, 0.0793012, 0.2758688, 0.0680476, 0.1492896, 0.0041587, 0.0076988, 0.0160886, 0.0087459, 0.0797951, 0.2103572
0.0234735, 0.0312388, 0.0358175, 0.0956689, 0.2035089, 0.1754667, 0.003983, 0.0042419, 0.0068336, 0.1129897, 0.139471, 0.1673065
0.0429455, 0.0336959, 0.0723782, 0.225559, 0.2654142, 0.1425818, 0.0034264, 0.0050756, 0.0065614, 0.0775033, 0.0909598, 0.0338989
0.0369955, 0.0313067, 0.046372, 0.3239778, 0.1493652, 0.1498875, 0.0031304, 0.0031466, 0.0051974, 0.0599996, 0.1278034, 0.0628179
0.0188219, 0.0340809, 0.135758, 0.1422806, 0.1462156, 0.1031126, 0.0032769, 0.0052558, 0.0080154, 0.1322559, 0.1653071, 0.1056193
0.0293502, 0.0257535, 0.0773328, 0.1580992, 0.1472167, 0.2081203, 0.0030035, 0.0027092, 0.0086614, 0.0526053, 0.088056, 0.1990919
0.0229825, 0.0334144, 0.0695741, 0.073285, 0.2716036, 0.0980236, 0.0042594, 0.0042426, 0.0101582, 0.0665392, 0.0600963, 0.2858211
0.0549969, 0.0239889, 0.1442368, 0.0503629, 0.217804, 0.1704333, 0.0039053, 0.0039856, 0.0130042, 0.0518201, 0.1613927, 0.1040693
0.0327728, 0.0714322, 0.071106, 0.1392697, 0.1668501, 0.1444932, 0.0038668, 0.0037166, 0.0176169, 0.0558855, 0.1312971, 0.1616931
0.0136497, 0.0578763, 0.0723215, 0.211895, 0.1433053, 0.0326078, 0.0053553, 0.0052978, 0.0091804, 0.0285243, 0.1676815, 0.2523051
0.0392908, 0.0400904, 0.0655807, 0.179876, 0.2403021, 0.0299424, 0.0041364, 0.0038212, 0.0090473, 0.073021, 0.1744266, 0.1404651
0.029519, 0.0312066, 0.0461877, 0.0632604, 0.1712561, 0.288135, 0.0025493, 0.0038757, 0.0077694, 0.0557344, 0.2221168, 0.0783896
0.0321557, 0.0342942, 0.1450628, 0.1539956, 0.1460611, 0.252156, 0.0042324, 0.0034965, 0.0062922, 0.0249567, 0.0800042, 0.1172926
0.029397, 0.0353122, 0.0741784, 0.0779458, 0.1371524, 0.3040008, 0.0034241, 0.0038376, 0.0074381, 0.0107725, 0.0503041, 0.266237
0.0274159, 0.0599274, 0.0588901, 0.3288339, 0.1283486, 0.1060247, 0.0042285, 0.00439, 0.0118944, 0.0639094, 0.1125006, 0.0936365
0.0216317, 0.0417307, 0.0483078, 0.1539156, 0.2154385, 0.2477422, 0.0022834, 0.0030651, 0.0123682, 0.0859355, 0.0369084, 0.1306729
0.046334, 0.0291644, 0.057036, 0.2036938, 0.1315218, 0.1424518, 0.0036804, 0.00649, 0.0152575, 0.0575267, 0.1783551, 0.1284885
0.0411531, 0.0165041, 0.1181992, 0.1281628, 0.2036059, 0.1688989, 0.0042176, 0.0031936, 0.0116365, 0.0602055, 0.1730166, 0.0712062
0.0246401, 0.0418298, 0.0836225, 0.0548886, 0.0815679, 0.2753275, 0.0031767, 0.0054096, 0.0170567, 0.1003524, 0.1247074, 0.1874208
0.031805, 0.057387, 0.0545902, 0.245095, 0.1548833, 0.1271192, 0.0036747, 0.0029937, 0.0084569, 0.0405437, 0.0915214, 0.1819299
0.0115142, 0.0365627, 0.130797, 0.2870687, 0.1958696, 0.1536077, 0.0033869, 0.0029836, 0.0103397, 0.0096806, 0.0810927, 0.0770966
0.0143513, 0.0316451, 0.066411, 0.2750766, 0.2353029, 0.1621422, 0.0029549, 0.0031613, 0.0043022, 0.0476501, 0.1300873, 0.0269151
0.0254993, 0.0179065, 0.0414231, 0.3178413, 0.1801238, 0.0941027, 0.0045397, 0.0043397, 0.0038717, 0.0696919, 0.1215141, 0.1191462
0.0235187, 0.0268842, 0.1359107, 0.1210737, 0.2314927, 0.2222905, 0.0035395, 0.0034499, 0.0092089, 0.0442067, 0.1167779, 0.0616466
0.0429985, 0.034685, 0.0607689, 0.1220927, 0.1623562, 0.2053143, 0.0027612, 0.0061189, 0.01268, 0.1266465, 0.1182122, 0.1053656
0.0221501, 0.0236057, 0.1076091, 0.1249446, 0.2150725, 0.143874, 0.0024723, 0.0036266, 0.0062457, 0.061492, 0.1270047, 0.1619027
0.0211659, 0.0224939, 0.0995727, 0.1893259, 0.157993, 0.2336408, 0.0032732, 0.0050836, 0.004209, 0.0216842, 0.0630282, 0.1785296
0.0251391, 0.0334453, 0.0363446, 0.1774841, 0.3206446, 0.1619733, 0.0035764, 0.0031342, 0.0075292, 0.1001775, 0.1098922, 0.0206595
0.0221285, 0.0160436, 0.0765159, 0.1796488, 0.123607, 0.206039, 0.0032335, 0.005266, 0.009394, 0.0404697, 0.1896648, 0.1279892
0.0395675, 0.0370299, 0.1045989, 0.1502185, 0.1302379, 0.0867108, 0.0031074, 0.0051795, 0.0111643, 0.1062745, 0.1336774, 0.1922334
0.0463583, 0.0409196, 0.0951932, 0.1342294, 0.1166379, 0.174823, 0.0034887, 0.0050675, 0.0123578, 0.080215, 0.1011745, 0.1895351
0.0444332, 0.0130356, 0.0670456, 0.164217, 0.2612152, 0.0611996, 0.0047528, 0.00929, 0.0097791, 0.0817906, 0.1864547, 0.0967866
0.0344469, 0.0313633, 0.0765722, 0.1158206, 0.3469367, 0.1740077, 0.0031178, 0.0038402, 0.0074067, 0.0458586, 0.0402746, 0.1203547
0.0407158, 0.0221889, 0.0918976, 0.1180127, 0.1075567, 0.1649214, 0.0043041, 0.0039023, 0.0067623, 0.0441586, 0.1539267, 0.2416529
0.0386224, 0.030284, 0.1277854, 0.2550989, 0.0424482, 0.1690113, 0.00457, 0.005002, 0.0066319, 0.0765228, 0.1090443, 0.1349788
0.0189838, 0.0344589, 0.0840607, 0.153867, 0.333665, 0.1199643, 0.0034526, 0.002674, 0.0061941, 0.0798417, 0.1025618, 0.0602761
0.0414359, 0.0278285, 0.0252781, 0.2332379, 0.1599184, 0.1727533, 0.0036478, 0.0024423, 0.0127258, 0.0488375, 0.1157139, 0.1561806
0.0365954, 0.0396573, 0.1349726, 0.1881321, 0.1875568, 0.1280101, 0.0037627, 0.0042165, 0.013016, 0.0575715, 0.031544, 0.174965
0.0299751, 0.0268599, 0.0847374, 0.3985373, 0.0455051, 0.0529488, 0.0040509, 0.0052467, 0.0093038, 0.1200682, 0.1747482, 0.0480186
0.0278353, 0.0534383, 0.0516855, 0.2304821, 0.1717924, 0.083632, 0.0037704, 0.0061673, 0.0092641, 0.0781628, 0.1877959, 0.0959739
0.0391308, 0.042132, 0.1274514, 0.1000737, 0.2058302, 0.1253625, 0.0029525, 0.0042932, 0.014511, 0.0449913, 0.0723516, 0.2209198
0.0197196, 0.0312384, 0.0950894, 0.1602404, 0.1400804, 0.0974882, 0.0038101, 0.0047427, 0.0155777, 0.0386047, 0.217462, 0.1759464
0.02005, 0.0458059, 0.1588896, 0.2458812, 0.093151, 0.0998026, 0.0033489, 0.005686, 0.0119272, 0.0474741, 0.0972058, 0.1707777
0.0185971, 0.0464521, 0.0705787, 0.133388, 0.1474678, 0.2046092, 0.0028981, 0.0048835, 0.0099719, 0.0236575, 0.0966063, 0.2408898
0.0210705, 0.0319127, 0.0550417, 0.2186365, 0.1559536, 0.2031295, 0.0037601, 0.0029908, 0.0067273, 0.1315805, 0.1126906, 0.0565062
0.0235141, 0.0180571, 0.1646793, 0.153004, 0.1779851, 0.1137932, 0.0040808, 0.0047641, 0.0135859, 0.0414603, 0.1431699, 0.1419062
0.011943, 0.0188092, 0.1039643, 0.2224818, 0.1832046, 0.2010855, 0.0032671, 0.0030977, 0.0090937, 0.1304076, 0.0989881, 0.0136574
0.0095227, 0.0373814, 0.1478746, 0.1777077, 0.2885448, 0.0721422, 0.0028375, 0.0018624, 0.0050618, 0.0343524, 0.1207013, 0.1020112
0.0502908, 0.0767528, 0.0254548, 0.2725173, 0.1972138, 0.0973172, 0.003966, 0.0034897, 0.0180687, 0.0618663, 0.1230779, 0.0699847
